p wcnf 2008 2005 10
10 -10 1 
10 -12 1 
10 -14 1 
10 -16 1 
10 -18 1 
10 -20 1 
10 -22 1 
10 -24 1 
10 -26 1 
10 -28 1 
10 -31 1 
10 -34 1 
10 -37 1 
10 -40 1 
10 -43 1 
10 -46 1 
10 -49 1 
10 -52 1 
10 -55 1 
10 -59 1 
10 -63 1 
10 -67 1 
10 -71 1 
10 -75 1 
10 -79 1 
10 -83 1 
10 -87 1 
10 -91 1 
10 -96 1 
10 -101 1 
10 -106 1 
10 -111 1 
10 -116 1 
10 -121 1 
10 -126 1 
10 -131 1 
10 -136 1 
10 -142 1 
10 -148 1 
10 -154 1 
10 -160 1 
10 -166 1 
10 -172 1 
10 -178 1 
10 -184 1 
10 -190 1 
10 -197 1 
10 -204 1 
10 -211 1 
10 -218 1 
10 -225 1 
10 -232 1 
10 -239 1 
10 -246 1 
10 -253 1 
10 -261 1 
10 -269 1 
10 -277 1 
10 -285 1 
10 -293 1 
10 -301 1 
10 -309 1 
10 -317 1 
10 -325 1 
10 -334 1 
10 -343 1 
10 -352 1 
10 -361 1 
10 -370 1 
10 -379 1 
10 -388 1 
10 -397 1 
10 -406 10 
10 -411 10 
10 -416 10 
10 -421 10 
10 -426 10 
10 -431 10 
10 -436 10 
10 -441 10 
10 -446 10 
10 -452 10 
10 -458 10 
10 -464 10 
10 -470 10 
10 -476 10 
10 -482 10 
10 -488 10 
10 -494 10 
10 -501 10 
10 -508 10 
10 -515 10 
10 -522 10 
10 -529 10 
10 -536 10 
10 -543 10 
10 -550 10 
10 -558 10 
10 -566 10 
10 -574 10 
10 -582 10 
10 -590 10 
10 -598 10 
10 -606 10 
10 -614 10 
10 -623 10 
10 -632 10 
10 -641 10 
10 -650 10 
10 -659 10 
10 -668 10 
10 -677 10 
10 -686 10 
10 -696 10 
10 -706 10 
10 -716 10 
10 -726 10 
10 -736 10 
10 -746 10 
10 -756 10 
10 -766 10 
10 -777 10 
10 -788 10 
10 -799 10 
10 -810 10 
10 -821 10 
10 -832 10 
10 -843 10 
10 -854 28 406 411 416 421 426 431 436 441 
10 -859 28 406 411 416 421 426 431 436 441 
10 -864 28 406 411 416 421 426 431 436 441 
10 -869 28 406 411 416 421 426 431 436 441 
10 -874 28 406 411 416 421 426 431 436 441 
10 -879 28 406 411 416 421 426 431 436 441 
10 -884 28 406 411 416 421 426 431 436 441 
10 -889 28 406 411 416 421 426 431 436 441 
10 -895 28 406 411 416 421 426 431 436 441 
10 -901 28 406 411 416 421 426 431 436 441 
10 -907 28 406 411 416 421 426 431 436 441 
10 -913 28 406 411 416 421 426 431 436 441 
10 -919 28 406 411 416 421 426 431 436 441 
10 -925 28 406 411 416 421 426 431 436 441 
10 -931 28 406 411 416 421 426 431 436 441 
10 -938 28 406 411 416 421 426 431 436 441 
10 -945 28 406 411 416 421 426 431 436 441 
10 -952 28 406 411 416 421 426 431 436 441 
10 -959 28 406 411 416 421 426 431 436 441 
10 -966 28 406 411 416 421 426 431 436 441 
10 -973 28 406 411 416 421 426 431 436 441 
10 -980 28 406 411 416 421 426 431 436 441 
10 -988 28 406 411 416 421 426 431 436 441 
10 -996 28 406 411 416 421 426 431 436 441 
10 -1004 28 406 411 416 421 426 431 436 441 
10 -1012 28 406 411 416 421 426 431 436 441 
10 -1020 28 406 411 416 421 426 431 436 441 
10 -1028 28 406 411 416 421 426 431 436 441 
10 -1036 28 406 411 416 421 426 431 436 441 
10 -1045 28 406 411 416 421 426 431 436 441 
10 -1054 28 406 411 416 421 426 431 436 441 
10 -1063 28 406 411 416 421 426 431 436 441 
10 -1072 28 406 411 416 421 426 431 436 441 
10 -1081 28 406 411 416 421 426 431 436 441 
10 -1090 28 406 411 416 421 426 431 436 441 
10 -1099 28 406 411 416 421 426 431 436 441 
10 -1109 28 406 411 416 421 426 431 436 441 
10 -1119 28 406 411 416 421 426 431 436 441 
10 -1129 28 406 411 416 421 426 431 436 441 
10 -1139 28 406 411 416 421 426 431 436 441 
10 -1149 28 406 411 416 421 426 431 436 441 
10 -1159 28 406 411 416 421 426 431 436 441 
10 -1169 55 446 452 458 464 470 476 482 488 854 859 864 869 874 879 884 
10 -1174 55 446 452 458 464 470 476 482 488 854 859 864 869 874 879 884 
10 -1179 55 446 452 458 464 470 476 482 488 854 859 864 869 874 879 884 
10 -1184 55 446 452 458 464 470 476 482 488 854 859 864 869 874 879 884 
10 -1189 55 446 452 458 464 470 476 482 488 854 859 864 869 874 879 884 
10 -1194 55 446 452 458 464 470 476 482 488 854 859 864 869 874 879 884 
10 -1199 55 446 452 458 464 470 476 482 488 854 859 864 869 874 879 884 
10 -1205 55 446 452 458 464 470 476 482 488 854 859 864 869 874 879 884 
10 -1211 55 446 452 458 464 470 476 482 488 854 859 864 869 874 879 884 
10 -1217 55 446 452 458 464 470 476 482 488 854 859 864 869 874 879 884 
10 -1223 55 446 452 458 464 470 476 482 488 854 859 864 869 874 879 884 
10 -1229 55 446 452 458 464 470 476 482 488 854 859 864 869 874 879 884 
10 -1235 55 446 452 458 464 470 476 482 488 854 859 864 869 874 879 884 
10 -1242 55 446 452 458 464 470 476 482 488 854 859 864 869 874 879 884 
10 -1249 55 446 452 458 464 470 476 482 488 854 859 864 869 874 879 884 
10 -1256 55 446 452 458 464 470 476 482 488 854 859 864 869 874 879 884 
10 -1263 55 446 452 458 464 470 476 482 488 854 859 864 869 874 879 884 
10 -1270 55 446 452 458 464 470 476 482 488 854 859 864 869 874 879 884 
10 -1277 55 446 452 458 464 470 476 482 488 854 859 864 869 874 879 884 
10 -1285 55 446 452 458 464 470 476 482 488 854 859 864 869 874 879 884 
10 -1293 55 446 452 458 464 470 476 482 488 854 859 864 869 874 879 884 
10 -1301 55 446 452 458 464 470 476 482 488 854 859 864 869 874 879 884 
10 -1309 55 446 452 458 464 470 476 482 488 854 859 864 869 874 879 884 
10 -1317 55 446 452 458 464 470 476 482 488 854 859 864 869 874 879 884 
10 -1325 55 446 452 458 464 470 476 482 488 854 859 864 869 874 879 884 
10 -1334 55 446 452 458 464 470 476 482 488 854 859 864 869 874 879 884 
10 -1343 55 446 452 458 464 470 476 482 488 854 859 864 869 874 879 884 
10 -1352 55 446 452 458 464 470 476 482 488 854 859 864 869 874 879 884 
10 -1361 55 446 452 458 464 470 476 482 488 854 859 864 869 874 879 884 
10 -1370 55 446 452 458 464 470 476 482 488 854 859 864 869 874 879 884 
10 -1379 91 494 501 508 515 522 529 536 543 889 895 901 907 913 919 925 
10 -1384 91 494 501 508 515 522 529 536 543 889 895 901 907 913 919 925 
10 -1389 91 494 501 508 515 522 529 536 543 889 895 901 907 913 919 925 
10 -1394 91 494 501 508 515 522 529 536 543 889 895 901 907 913 919 925 
10 -1399 91 494 501 508 515 522 529 536 543 889 895 901 907 913 919 925 
10 -1404 91 494 501 508 515 522 529 536 543 889 895 901 907 913 919 925 
10 -1410 91 494 501 508 515 522 529 536 543 889 895 901 907 913 919 925 
10 -1416 91 494 501 508 515 522 529 536 543 889 895 901 907 913 919 925 
10 -1422 91 494 501 508 515 522 529 536 543 889 895 901 907 913 919 925 
10 -1428 91 494 501 508 515 522 529 536 543 889 895 901 907 913 919 925 
10 -1434 91 494 501 508 515 522 529 536 543 889 895 901 907 913 919 925 
10 -1441 91 494 501 508 515 522 529 536 543 889 895 901 907 913 919 925 
10 -1448 91 494 501 508 515 522 529 536 543 889 895 901 907 913 919 925 
10 -1455 91 494 501 508 515 522 529 536 543 889 895 901 907 913 919 925 
10 -1462 91 494 501 508 515 522 529 536 543 889 895 901 907 913 919 925 
10 -1469 91 494 501 508 515 522 529 536 543 889 895 901 907 913 919 925 
10 -1477 91 494 501 508 515 522 529 536 543 889 895 901 907 913 919 925 
10 -1485 91 494 501 508 515 522 529 536 543 889 895 901 907 913 919 925 
10 -1493 91 494 501 508 515 522 529 536 543 889 895 901 907 913 919 925 
10 -1501 91 494 501 508 515 522 529 536 543 889 895 901 907 913 919 925 
10 -1509 136 550 558 566 574 582 590 598 606 931 938 945 952 959 966 973 
10 -1514 136 550 558 566 574 582 590 598 606 931 938 945 952 959 966 973 
10 -1519 136 550 558 566 574 582 590 598 606 931 938 945 952 959 966 973 
10 -1524 136 550 558 566 574 582 590 598 606 931 938 945 952 959 966 973 
10 -1529 136 550 558 566 574 582 590 598 606 931 938 945 952 959 966 973 
10 -1535 136 550 558 566 574 582 590 598 606 931 938 945 952 959 966 973 
10 -1541 136 550 558 566 574 582 590 598 606 931 938 945 952 959 966 973 
10 -1547 136 550 558 566 574 582 590 598 606 931 938 945 952 959 966 973 
10 -1553 136 550 558 566 574 582 590 598 606 931 938 945 952 959 966 973 
10 -1560 136 550 558 566 574 582 590 598 606 931 938 945 952 959 966 973 
10 -1567 136 550 558 566 574 582 590 598 606 931 938 945 952 959 966 973 
10 -1574 136 550 558 566 574 582 590 598 606 931 938 945 952 959 966 973 
10 -1581 190 614 623 632 641 650 659 668 677 980 988 996 1004 1012 1020 1028 
10 -1586 190 614 623 632 641 650 659 668 677 980 988 996 1004 1012 1020 1028 
10 -1591 190 614 623 632 641 650 659 668 677 980 988 996 1004 1012 1020 1028 
10 -1596 190 614 623 632 641 650 659 668 677 980 988 996 1004 1012 1020 1028 
10 -1602 190 614 623 632 641 650 659 668 677 980 988 996 1004 1012 1020 1028 
10 -1608 190 614 623 632 641 650 659 668 677 980 988 996 1004 1012 1020 1028 
10 -1614 253 686 696 706 716 726 736 746 756 1036 1045 1054 1063 1072 1081 1090 
10 -1619 253 686 696 706 716 726 736 746 756 1036 1045 1054 1063 1072 1081 1090 
10 -1624 1 
10 -1626 1 
10 -1628 1 
10 -1630 1 
10 -1632 1 
10 -1634 1 
10 -1636 1 
10 -1638 1 
10 -1640 1 
10 -1642 1 
10 -1645 1 
10 -1648 1 
10 -1651 1 
10 -1654 1 
10 -1657 1 
10 -1660 1 
10 -1663 1 
10 -1666 1 
10 -1669 1 
10 -1673 1 
10 -1677 1 
10 -1681 1 
10 -1685 1 
10 -1689 1 
10 -1693 1 
10 -1697 1 
10 -1701 1 
10 -1705 1 
10 -1710 1 
10 -1715 1 
10 -1720 1 
10 -1725 1 
10 -1730 1 
10 -1735 1 
10 -1740 1 
10 -1745 1 
10 -1750 1624 
10 -1755 1624 
10 -1760 1624 
10 -1765 1624 
10 -1770 1624 
10 -1775 1624 
10 -1780 1624 
10 -1785 1624 
10 -1790 1624 
10 -1796 1624 
10 -1802 1624 
10 -1808 1624 
10 -1814 1624 
10 -1820 1624 
10 -1826 1624 
10 -1832 1624 
10 -1838 1624 
10 -1845 1624 
10 -1852 1624 
10 -1859 1624 
10 -1866 1624 
10 -1873 1624 
10 -1880 1624 
10 -1887 1624 
10 -1894 1642 1750 1755 1760 1765 1770 1775 1780 1785 
10 -1899 1642 1750 1755 1760 1765 1770 1775 1780 1785 
10 -1904 1642 1750 1755 1760 1765 1770 1775 1780 1785 
10 -1909 1642 1750 1755 1760 1765 1770 1775 1780 1785 
10 -1914 1642 1750 1755 1760 1765 1770 1775 1780 1785 
10 -1919 1642 1750 1755 1760 1765 1770 1775 1780 1785 
10 -1924 1642 1750 1755 1760 1765 1770 1775 1780 1785 
10 -1929 1642 1750 1755 1760 1765 1770 1775 1780 1785 
10 -1935 1642 1750 1755 1760 1765 1770 1775 1780 1785 
10 -1941 1642 1750 1755 1760 1765 1770 1775 1780 1785 
10 -1947 1642 1750 1755 1760 1765 1770 1775 1780 1785 
10 -1953 1642 1750 1755 1760 1765 1770 1775 1780 1785 
10 -1959 1642 1750 1755 1760 1765 1770 1775 1780 1785 
10 -1965 1642 1750 1755 1760 1765 1770 1775 1780 1785 
10 -1971 1669 1790 1796 1802 1808 1814 1820 1826 1832 1894 1899 1904 1909 1914 1919 1924 
10 -1976 1669 1790 1796 1802 1808 1814 1820 1826 1832 1894 1899 1904 1909 1914 1919 1924 
10 -1981 1669 1790 1796 1802 1808 1814 1820 1826 1832 1894 1899 1904 1909 1914 1919 1924 
10 -1986 1669 1790 1796 1802 1808 1814 1820 1826 1832 1894 1899 1904 1909 1914 1919 1924 
10 -1991 1669 1790 1796 1802 1808 1814 1820 1826 1832 1894 1899 1904 1909 1914 1919 1924 
10 -1996 1669 1790 1796 1802 1808 1814 1820 1826 1832 1894 1899 1904 1909 1914 1919 1924 
10 -2001 325 334 343 352 361 370 379 388 397 766 777 788 799 810 821 832 843 1099 1109 1119 1129 1139 1149 1159 1325 1334 1343 1352 1361 1370 1469 1477 1485 1493 1501 1553 1560 1567 1574 1596 1602 1608 1705 1838 1845 1852 1859 1866 1873 1880 1887 1929 1935 1941 1947 1953 1959 1965 
10 -2002 325 334 343 352 361 370 379 388 397 766 777 788 799 810 821 832 843 1099 1109 1119 1129 1139 1149 1159 1325 1334 1343 1352 1361 1370 1469 1477 1485 1493 1501 1553 1560 1567 1574 1596 1602 1608 1705 1838 1845 1852 1859 1866 1873 1880 1887 1929 1935 1941 1947 1953 1959 1965 
10 -2003 325 334 343 352 361 370 379 388 397 766 777 788 799 810 821 832 843 1099 1109 1119 1129 1139 1149 1159 1325 1334 1343 1352 1361 1370 1469 1477 1485 1493 1501 1553 1560 1567 1574 1596 1602 1608 1705 1838 1845 1852 1859 1866 1873 1880 1887 1929 1935 1941 1947 1953 1959 1965 
10 -2004 325 334 343 352 361 370 379 388 397 766 777 788 799 810 821 832 843 1099 1109 1119 1129 1139 1149 1159 1325 1334 1343 1352 1361 1370 1469 1477 1485 1493 1501 1553 1560 1567 1574 1596 1602 1608 1705 1838 1845 1852 1859 1866 1873 1880 1887 1929 1935 1941 1947 1953 1959 1965 
10 -2005 325 334 343 352 361 370 379 388 397 766 777 788 799 810 821 832 843 1099 1109 1119 1129 1139 1149 1159 1325 1334 1343 1352 1361 1370 1469 1477 1485 1493 1501 1553 1560 1567 1574 1596 1602 1608 1705 1838 1845 1852 1859 1866 1873 1880 1887 1929 1935 1941 1947 1953 1959 1965 
10 10 12 14 16 18 20 22 24 26 28 31 34 37 40 43 46 49 52 55 59 63 67 71 75 79 83 87 91 96 101 106 111 116 121 126 131 136 142 148 154 160 166 172 178 184 190 197 204 211 218 225 232 239 246 253 261 269 277 285 293 301 309 317 325 334 343 352 361 370 379 388 397 
10 10 12 14 16 18 20 22 24 26 28 31 34 37 40 43 46 49 52 55 59 63 67 71 75 79 83 87 91 96 101 106 111 116 121 126 131 136 142 148 154 160 166 172 178 184 190 197 204 211 218 225 232 239 246 253 261 269 277 285 293 301 309 317 325 334 343 352 361 370 379 388 397 406 411 416 421 426 431 436 441 446 452 458 464 470 476 482 488 494 501 508 515 522 529 536 543 550 558 566 574 582 590 598 606 614 623 632 641 650 659 668 677 686 696 706 716 726 736 746 756 766 777 788 799 810 821 832 843 
10 28 31 34 37 40 43 46 49 52 55 59 63 67 71 75 79 83 87 91 96 101 106 111 116 121 126 131 136 142 148 154 160 166 172 178 184 190 197 204 211 218 225 232 239 246 253 261 269 277 285 293 301 309 317 325 334 343 352 361 370 379 388 397 406 411 416 421 426 431 436 441 446 452 458 464 470 476 482 488 494 501 508 515 522 529 536 543 550 558 566 574 582 590 598 606 614 623 632 641 650 659 668 677 686 696 706 716 726 736 746 756 766 777 788 799 810 821 832 843 854 859 864 869 874 879 884 889 895 901 907 913 919 925 931 938 945 952 959 966 973 980 988 996 1004 1012 1020 1028 1036 1045 1054 1063 1072 1081 1090 1099 1109 1119 1129 1139 1149 1159 
10 55 59 63 67 71 75 79 83 87 91 96 101 106 111 116 121 126 131 136 142 148 154 160 166 172 178 184 190 197 204 211 218 225 232 239 246 253 261 269 277 285 293 301 309 317 325 334 343 352 361 370 379 388 397 406 411 416 421 426 431 436 441 446 452 458 464 470 476 482 488 494 501 508 515 522 529 536 543 550 558 566 574 582 590 598 606 614 623 632 641 650 659 668 677 686 696 706 716 726 736 746 756 766 777 788 799 810 821 832 843 854 859 864 869 874 879 884 889 895 901 907 913 919 925 931 938 945 952 959 966 973 980 988 996 1004 1012 1020 1028 1036 1045 1054 1063 1072 1081 1090 1099 1109 1119 1129 1139 1149 1159 1169 1174 1179 1184 1189 1194 1199 1205 1211 1217 1223 1229 1235 1242 1249 1256 1263 1270 1277 1285 1293 1301 1309 1317 1325 1334 1343 1352 1361 1370 
10 91 96 101 106 111 116 121 126 131 136 142 148 154 160 166 172 178 184 190 197 204 211 218 225 232 239 246 253 261 269 277 285 293 301 309 317 325 334 343 352 361 370 379 388 397 406 411 416 421 426 431 436 441 446 452 458 464 470 476 482 488 494 501 508 515 522 529 536 543 550 558 566 574 582 590 598 606 614 623 632 641 650 659 668 677 686 696 706 716 726 736 746 756 766 777 788 799 810 821 832 843 854 859 864 869 874 879 884 889 895 901 907 913 919 925 931 938 945 952 959 966 973 980 988 996 1004 1012 1020 1028 1036 1045 1054 1063 1072 1081 1090 1099 1109 1119 1129 1139 1149 1159 1169 1174 1179 1184 1189 1194 1199 1205 1211 1217 1223 1229 1235 1242 1249 1256 1263 1270 1277 1285 1293 1301 1309 1317 1325 1334 1343 1352 1361 1370 1379 1384 1389 1394 1399 1404 1410 1416 1422 1428 1434 1441 1448 1455 1462 1469 1477 1485 1493 1501 
10 136 142 148 154 160 166 172 178 184 190 197 204 211 218 225 232 239 246 253 261 269 277 285 293 301 309 317 325 334 343 352 361 370 379 388 397 406 411 416 421 426 431 436 441 446 452 458 464 470 476 482 488 494 501 508 515 522 529 536 543 550 558 566 574 582 590 598 606 614 623 632 641 650 659 668 677 686 696 706 716 726 736 746 756 766 777 788 799 810 821 832 843 854 859 864 869 874 879 884 889 895 901 907 913 919 925 931 938 945 952 959 966 973 980 988 996 1004 1012 1020 1028 1036 1045 1054 1063 1072 1081 1090 1099 1109 1119 1129 1139 1149 1159 1169 1174 1179 1184 1189 1194 1199 1205 1211 1217 1223 1229 1235 1242 1249 1256 1263 1270 1277 1285 1293 1301 1309 1317 1325 1334 1343 1352 1361 1370 1379 1384 1389 1394 1399 1404 1410 1416 1422 1428 1434 1441 1448 1455 1462 1469 1477 1485 1493 1501 1509 1514 1519 1524 1529 1535 1541 1547 1553 1560 1567 1574 
10 190 197 204 211 218 225 232 239 246 253 261 269 277 285 293 301 309 317 325 334 343 352 361 370 379 388 397 446 452 458 464 470 476 482 488 494 501 508 515 522 529 536 543 550 558 566 574 582 590 598 606 614 623 632 641 650 659 668 677 686 696 706 716 726 736 746 756 766 777 788 799 810 821 832 843 854 859 864 869 874 879 884 889 895 901 907 913 919 925 931 938 945 952 959 966 973 980 988 996 1004 1012 1020 1028 1036 1045 1054 1063 1072 1081 1090 1099 1109 1119 1129 1139 1149 1159 1169 1174 1179 1184 1189 1194 1199 1205 1211 1217 1223 1229 1235 1242 1249 1256 1263 1270 1277 1285 1293 1301 1309 1317 1325 1334 1343 1352 1361 1370 1379 1384 1389 1394 1399 1404 1410 1416 1422 1428 1434 1441 1448 1455 1462 1469 1477 1485 1493 1501 1509 1514 1519 1524 1529 1535 1541 1547 1553 1560 1567 1574 1581 1586 1591 1596 1602 1608 
10 253 261 269 277 285 293 301 309 317 325 334 343 352 361 370 379 388 397 494 501 508 515 522 529 536 543 550 558 566 574 582 590 598 606 614 623 632 641 650 659 668 677 686 696 706 716 726 736 746 756 766 777 788 799 810 821 832 843 889 895 901 907 913 919 925 931 938 945 952 959 966 973 980 988 996 1004 1012 1020 1028 1036 1045 1054 1063 1072 1081 1090 1099 1109 1119 1129 1139 1149 1159 1169 1174 1179 1184 1189 1194 1199 1205 1211 1217 1223 1229 1235 1242 1249 1256 1263 1270 1277 1285 1293 1301 1309 1317 1325 1334 1343 1352 1361 1370 1379 1384 1389 1394 1399 1404 1410 1416 1422 1428 1434 1441 1448 1455 1462 1469 1477 1485 1493 1501 1509 1514 1519 1524 1529 1535 1541 1547 1553 1560 1567 1574 1581 1586 1591 1596 1602 1608 1614 1619 
10 1624 1626 1628 1630 1632 1634 1636 1638 1640 1642 1645 1648 1651 1654 1657 1660 1663 1666 1669 1673 1677 1681 1685 1689 1693 1697 1701 1705 1710 1715 1720 1725 1730 1735 1740 1745 
10 1624 1626 1628 1630 1632 1634 1636 1638 1640 1642 1645 1648 1651 1654 1657 1660 1663 1666 1669 1673 1677 1681 1685 1689 1693 1697 1701 1705 1710 1715 1720 1725 1730 1735 1740 1745 1750 1755 1760 1765 1770 1775 1780 1785 1790 1796 1802 1808 1814 1820 1826 1832 1838 1845 1852 1859 1866 1873 1880 1887 
10 1642 1645 1648 1651 1654 1657 1660 1663 1666 1669 1673 1677 1681 1685 1689 1693 1697 1701 1705 1710 1715 1720 1725 1730 1735 1740 1745 1750 1755 1760 1765 1770 1775 1780 1785 1790 1796 1802 1808 1814 1820 1826 1832 1838 1845 1852 1859 1866 1873 1880 1887 1894 1899 1904 1909 1914 1919 1924 1929 1935 1941 1947 1953 1959 1965 
10 1669 1673 1677 1681 1685 1689 1693 1697 1701 1705 1710 1715 1720 1725 1730 1735 1740 1745 1750 1755 1760 1765 1770 1775 1780 1785 1790 1796 1802 1808 1814 1820 1826 1832 1838 1845 1852 1859 1866 1873 1880 1887 1894 1899 1904 1909 1914 1919 1924 1929 1935 1941 1947 1953 1959 1965 1971 1976 1981 1986 1991 1996 
10 -10 11 
10 -12 13 
10 -14 15 
10 -16 17 
10 -18 19 
10 -20 21 
10 -22 23 
10 -24 25 
10 -26 27 
10 -28 29 
10 -28 30 
10 -31 32 
10 -31 33 
10 -34 35 
10 -34 36 
10 -37 38 
10 -37 39 
10 -40 41 
10 -40 42 
10 -43 44 
10 -43 45 
10 -46 47 
10 -46 48 
10 -49 50 
10 -49 51 
10 -52 53 
10 -52 54 
10 -55 56 
10 -55 57 
10 -55 58 
10 -59 60 
10 -59 61 
10 -59 62 
10 -63 64 
10 -63 65 
10 -63 66 
10 -67 68 
10 -67 69 
10 -67 70 
10 -71 72 
10 -71 73 
10 -71 74 
10 -75 76 
10 -75 77 
10 -75 78 
10 -79 80 
10 -79 81 
10 -79 82 
10 -83 84 
10 -83 85 
10 -83 86 
10 -87 88 
10 -87 89 
10 -87 90 
10 -91 92 
10 -91 93 
10 -91 94 
10 -91 95 
10 -96 97 
10 -96 98 
10 -96 99 
10 -96 100 
10 -101 102 
10 -101 103 
10 -101 104 
10 -101 105 
10 -106 107 
10 -106 108 
10 -106 109 
10 -106 110 
10 -111 112 
10 -111 113 
10 -111 114 
10 -111 115 
10 -116 117 
10 -116 118 
10 -116 119 
10 -116 120 
10 -121 122 
10 -121 123 
10 -121 124 
10 -121 125 
10 -126 127 
10 -126 128 
10 -126 129 
10 -126 130 
10 -131 132 
10 -131 133 
10 -131 134 
10 -131 135 
10 -136 137 
10 -136 138 
10 -136 139 
10 -136 140 
10 -136 141 
10 -142 143 
10 -142 144 
10 -142 145 
10 -142 146 
10 -142 147 
10 -148 149 
10 -148 150 
10 -148 151 
10 -148 152 
10 -148 153 
10 -154 155 
10 -154 156 
10 -154 157 
10 -154 158 
10 -154 159 
10 -160 161 
10 -160 162 
10 -160 163 
10 -160 164 
10 -160 165 
10 -166 167 
10 -166 168 
10 -166 169 
10 -166 170 
10 -166 171 
10 -172 173 
10 -172 174 
10 -172 175 
10 -172 176 
10 -172 177 
10 -178 179 
10 -178 180 
10 -178 181 
10 -178 182 
10 -178 183 
10 -184 185 
10 -184 186 
10 -184 187 
10 -184 188 
10 -184 189 
10 -190 191 
10 -190 192 
10 -190 193 
10 -190 194 
10 -190 195 
10 -190 196 
10 -197 198 
10 -197 199 
10 -197 200 
10 -197 201 
10 -197 202 
10 -197 203 
10 -204 205 
10 -204 206 
10 -204 207 
10 -204 208 
10 -204 209 
10 -204 210 
10 -211 212 
10 -211 213 
10 -211 214 
10 -211 215 
10 -211 216 
10 -211 217 
10 -218 219 
10 -218 220 
10 -218 221 
10 -218 222 
10 -218 223 
10 -218 224 
10 -225 226 
10 -225 227 
10 -225 228 
10 -225 229 
10 -225 230 
10 -225 231 
10 -232 233 
10 -232 234 
10 -232 235 
10 -232 236 
10 -232 237 
10 -232 238 
10 -239 240 
10 -239 241 
10 -239 242 
10 -239 243 
10 -239 244 
10 -239 245 
10 -246 247 
10 -246 248 
10 -246 249 
10 -246 250 
10 -246 251 
10 -246 252 
10 -253 254 
10 -253 255 
10 -253 256 
10 -253 257 
10 -253 258 
10 -253 259 
10 -253 260 
10 -261 262 
10 -261 263 
10 -261 264 
10 -261 265 
10 -261 266 
10 -261 267 
10 -261 268 
10 -269 270 
10 -269 271 
10 -269 272 
10 -269 273 
10 -269 274 
10 -269 275 
10 -269 276 
10 -277 278 
10 -277 279 
10 -277 280 
10 -277 281 
10 -277 282 
10 -277 283 
10 -277 284 
10 -285 286 
10 -285 287 
10 -285 288 
10 -285 289 
10 -285 290 
10 -285 291 
10 -285 292 
10 -293 294 
10 -293 295 
10 -293 296 
10 -293 297 
10 -293 298 
10 -293 299 
10 -293 300 
10 -301 302 
10 -301 303 
10 -301 304 
10 -301 305 
10 -301 306 
10 -301 307 
10 -301 308 
10 -309 310 
10 -309 311 
10 -309 312 
10 -309 313 
10 -309 314 
10 -309 315 
10 -309 316 
10 -317 318 
10 -317 319 
10 -317 320 
10 -317 321 
10 -317 322 
10 -317 323 
10 -317 324 
10 -325 326 
10 -325 327 
10 -325 328 
10 -325 329 
10 -325 330 
10 -325 331 
10 -325 332 
10 -325 333 
10 -334 335 
10 -334 336 
10 -334 337 
10 -334 338 
10 -334 339 
10 -334 340 
10 -334 341 
10 -334 342 
10 -343 344 
10 -343 345 
10 -343 346 
10 -343 347 
10 -343 348 
10 -343 349 
10 -343 350 
10 -343 351 
10 -352 353 
10 -352 354 
10 -352 355 
10 -352 356 
10 -352 357 
10 -352 358 
10 -352 359 
10 -352 360 
10 -361 362 
10 -361 363 
10 -361 364 
10 -361 365 
10 -361 366 
10 -361 367 
10 -361 368 
10 -361 369 
10 -370 371 
10 -370 372 
10 -370 373 
10 -370 374 
10 -370 375 
10 -370 376 
10 -370 377 
10 -370 378 
10 -379 380 
10 -379 381 
10 -379 382 
10 -379 383 
10 -379 384 
10 -379 385 
10 -379 386 
10 -379 387 
10 -388 389 
10 -388 390 
10 -388 391 
10 -388 392 
10 -388 393 
10 -388 394 
10 -388 395 
10 -388 396 
10 -397 398 
10 -397 399 
10 -397 400 
10 -397 401 
10 -397 402 
10 -397 403 
10 -397 404 
10 -397 405 
10 -406 407 
10 -406 408 
10 -406 409 
10 -406 410 
10 -411 412 
10 -411 413 
10 -411 414 
10 -411 415 
10 -416 417 
10 -416 418 
10 -416 419 
10 -416 420 
10 -421 422 
10 -421 423 
10 -421 424 
10 -421 425 
10 -426 427 
10 -426 428 
10 -426 429 
10 -426 430 
10 -431 432 
10 -431 433 
10 -431 434 
10 -431 435 
10 -436 437 
10 -436 438 
10 -436 439 
10 -436 440 
10 -441 442 
10 -441 443 
10 -441 444 
10 -441 445 
10 -446 447 
10 -446 448 
10 -446 449 
10 -446 450 
10 -446 451 
10 -452 453 
10 -452 454 
10 -452 455 
10 -452 456 
10 -452 457 
10 -458 459 
10 -458 460 
10 -458 461 
10 -458 462 
10 -458 463 
10 -464 465 
10 -464 466 
10 -464 467 
10 -464 468 
10 -464 469 
10 -470 471 
10 -470 472 
10 -470 473 
10 -470 474 
10 -470 475 
10 -476 477 
10 -476 478 
10 -476 479 
10 -476 480 
10 -476 481 
10 -482 483 
10 -482 484 
10 -482 485 
10 -482 486 
10 -482 487 
10 -488 489 
10 -488 490 
10 -488 491 
10 -488 492 
10 -488 493 
10 -494 495 
10 -494 496 
10 -494 497 
10 -494 498 
10 -494 499 
10 -494 500 
10 -501 502 
10 -501 503 
10 -501 504 
10 -501 505 
10 -501 506 
10 -501 507 
10 -508 509 
10 -508 510 
10 -508 511 
10 -508 512 
10 -508 513 
10 -508 514 
10 -515 516 
10 -515 517 
10 -515 518 
10 -515 519 
10 -515 520 
10 -515 521 
10 -522 523 
10 -522 524 
10 -522 525 
10 -522 526 
10 -522 527 
10 -522 528 
10 -529 530 
10 -529 531 
10 -529 532 
10 -529 533 
10 -529 534 
10 -529 535 
10 -536 537 
10 -536 538 
10 -536 539 
10 -536 540 
10 -536 541 
10 -536 542 
10 -543 544 
10 -543 545 
10 -543 546 
10 -543 547 
10 -543 548 
10 -543 549 
10 -550 551 
10 -550 552 
10 -550 553 
10 -550 554 
10 -550 555 
10 -550 556 
10 -550 557 
10 -558 559 
10 -558 560 
10 -558 561 
10 -558 562 
10 -558 563 
10 -558 564 
10 -558 565 
10 -566 567 
10 -566 568 
10 -566 569 
10 -566 570 
10 -566 571 
10 -566 572 
10 -566 573 
10 -574 575 
10 -574 576 
10 -574 577 
10 -574 578 
10 -574 579 
10 -574 580 
10 -574 581 
10 -582 583 
10 -582 584 
10 -582 585 
10 -582 586 
10 -582 587 
10 -582 588 
10 -582 589 
10 -590 591 
10 -590 592 
10 -590 593 
10 -590 594 
10 -590 595 
10 -590 596 
10 -590 597 
10 -598 599 
10 -598 600 
10 -598 601 
10 -598 602 
10 -598 603 
10 -598 604 
10 -598 605 
10 -606 607 
10 -606 608 
10 -606 609 
10 -606 610 
10 -606 611 
10 -606 612 
10 -606 613 
10 -614 615 
10 -614 616 
10 -614 617 
10 -614 618 
10 -614 619 
10 -614 620 
10 -614 621 
10 -614 622 
10 -623 624 
10 -623 625 
10 -623 626 
10 -623 627 
10 -623 628 
10 -623 629 
10 -623 630 
10 -623 631 
10 -632 633 
10 -632 634 
10 -632 635 
10 -632 636 
10 -632 637 
10 -632 638 
10 -632 639 
10 -632 640 
10 -641 642 
10 -641 643 
10 -641 644 
10 -641 645 
10 -641 646 
10 -641 647 
10 -641 648 
10 -641 649 
10 -650 651 
10 -650 652 
10 -650 653 
10 -650 654 
10 -650 655 
10 -650 656 
10 -650 657 
10 -650 658 
10 -659 660 
10 -659 661 
10 -659 662 
10 -659 663 
10 -659 664 
10 -659 665 
10 -659 666 
10 -659 667 
10 -668 669 
10 -668 670 
10 -668 671 
10 -668 672 
10 -668 673 
10 -668 674 
10 -668 675 
10 -668 676 
10 -677 678 
10 -677 679 
10 -677 680 
10 -677 681 
10 -677 682 
10 -677 683 
10 -677 684 
10 -677 685 
10 -686 687 
10 -686 688 
10 -686 689 
10 -686 690 
10 -686 691 
10 -686 692 
10 -686 693 
10 -686 694 
10 -686 695 
10 -696 697 
10 -696 698 
10 -696 699 
10 -696 700 
10 -696 701 
10 -696 702 
10 -696 703 
10 -696 704 
10 -696 705 
10 -706 707 
10 -706 708 
10 -706 709 
10 -706 710 
10 -706 711 
10 -706 712 
10 -706 713 
10 -706 714 
10 -706 715 
10 -716 717 
10 -716 718 
10 -716 719 
10 -716 720 
10 -716 721 
10 -716 722 
10 -716 723 
10 -716 724 
10 -716 725 
10 -726 727 
10 -726 728 
10 -726 729 
10 -726 730 
10 -726 731 
10 -726 732 
10 -726 733 
10 -726 734 
10 -726 735 
10 -736 737 
10 -736 738 
10 -736 739 
10 -736 740 
10 -736 741 
10 -736 742 
10 -736 743 
10 -736 744 
10 -736 745 
10 -746 747 
10 -746 748 
10 -746 749 
10 -746 750 
10 -746 751 
10 -746 752 
10 -746 753 
10 -746 754 
10 -746 755 
10 -756 757 
10 -756 758 
10 -756 759 
10 -756 760 
10 -756 761 
10 -756 762 
10 -756 763 
10 -756 764 
10 -756 765 
10 -766 767 
10 -766 768 
10 -766 769 
10 -766 770 
10 -766 771 
10 -766 772 
10 -766 773 
10 -766 774 
10 -766 775 
10 -766 776 
10 -777 778 
10 -777 779 
10 -777 780 
10 -777 781 
10 -777 782 
10 -777 783 
10 -777 784 
10 -777 785 
10 -777 786 
10 -777 787 
10 -788 789 
10 -788 790 
10 -788 791 
10 -788 792 
10 -788 793 
10 -788 794 
10 -788 795 
10 -788 796 
10 -788 797 
10 -788 798 
10 -799 800 
10 -799 801 
10 -799 802 
10 -799 803 
10 -799 804 
10 -799 805 
10 -799 806 
10 -799 807 
10 -799 808 
10 -799 809 
10 -810 811 
10 -810 812 
10 -810 813 
10 -810 814 
10 -810 815 
10 -810 816 
10 -810 817 
10 -810 818 
10 -810 819 
10 -810 820 
10 -821 822 
10 -821 823 
10 -821 824 
10 -821 825 
10 -821 826 
10 -821 827 
10 -821 828 
10 -821 829 
10 -821 830 
10 -821 831 
10 -832 833 
10 -832 834 
10 -832 835 
10 -832 836 
10 -832 837 
10 -832 838 
10 -832 839 
10 -832 840 
10 -832 841 
10 -832 842 
10 -843 844 
10 -843 845 
10 -843 846 
10 -843 847 
10 -843 848 
10 -843 849 
10 -843 850 
10 -843 851 
10 -843 852 
10 -843 853 
10 -854 855 
10 -854 856 
10 -854 857 
10 -854 858 
10 -859 860 
10 -859 861 
10 -859 862 
10 -859 863 
10 -864 865 
10 -864 866 
10 -864 867 
10 -864 868 
10 -869 870 
10 -869 871 
10 -869 872 
10 -869 873 
10 -874 875 
10 -874 876 
10 -874 877 
10 -874 878 
10 -879 880 
10 -879 881 
10 -879 882 
10 -879 883 
10 -884 885 
10 -884 886 
10 -884 887 
10 -884 888 
10 -889 890 
10 -889 891 
10 -889 892 
10 -889 893 
10 -889 894 
10 -895 896 
10 -895 897 
10 -895 898 
10 -895 899 
10 -895 900 
10 -901 902 
10 -901 903 
10 -901 904 
10 -901 905 
10 -901 906 
10 -907 908 
10 -907 909 
10 -907 910 
10 -907 911 
10 -907 912 
10 -913 914 
10 -913 915 
10 -913 916 
10 -913 917 
10 -913 918 
10 -919 920 
10 -919 921 
10 -919 922 
10 -919 923 
10 -919 924 
10 -925 926 
10 -925 927 
10 -925 928 
10 -925 929 
10 -925 930 
10 -931 932 
10 -931 933 
10 -931 934 
10 -931 935 
10 -931 936 
10 -931 937 
10 -938 939 
10 -938 940 
10 -938 941 
10 -938 942 
10 -938 943 
10 -938 944 
10 -945 946 
10 -945 947 
10 -945 948 
10 -945 949 
10 -945 950 
10 -945 951 
10 -952 953 
10 -952 954 
10 -952 955 
10 -952 956 
10 -952 957 
10 -952 958 
10 -959 960 
10 -959 961 
10 -959 962 
10 -959 963 
10 -959 964 
10 -959 965 
10 -966 967 
10 -966 968 
10 -966 969 
10 -966 970 
10 -966 971 
10 -966 972 
10 -973 974 
10 -973 975 
10 -973 976 
10 -973 977 
10 -973 978 
10 -973 979 
10 -980 981 
10 -980 982 
10 -980 983 
10 -980 984 
10 -980 985 
10 -980 986 
10 -980 987 
10 -988 989 
10 -988 990 
10 -988 991 
10 -988 992 
10 -988 993 
10 -988 994 
10 -988 995 
10 -996 997 
10 -996 998 
10 -996 999 
10 -996 1000 
10 -996 1001 
10 -996 1002 
10 -996 1003 
10 -1004 1005 
10 -1004 1006 
10 -1004 1007 
10 -1004 1008 
10 -1004 1009 
10 -1004 1010 
10 -1004 1011 
10 -1012 1013 
10 -1012 1014 
10 -1012 1015 
10 -1012 1016 
10 -1012 1017 
10 -1012 1018 
10 -1012 1019 
10 -1020 1021 
10 -1020 1022 
10 -1020 1023 
10 -1020 1024 
10 -1020 1025 
10 -1020 1026 
10 -1020 1027 
10 -1028 1029 
10 -1028 1030 
10 -1028 1031 
10 -1028 1032 
10 -1028 1033 
10 -1028 1034 
10 -1028 1035 
10 -1036 1037 
10 -1036 1038 
10 -1036 1039 
10 -1036 1040 
10 -1036 1041 
10 -1036 1042 
10 -1036 1043 
10 -1036 1044 
10 -1045 1046 
10 -1045 1047 
10 -1045 1048 
10 -1045 1049 
10 -1045 1050 
10 -1045 1051 
10 -1045 1052 
10 -1045 1053 
10 -1054 1055 
10 -1054 1056 
10 -1054 1057 
10 -1054 1058 
10 -1054 1059 
10 -1054 1060 
10 -1054 1061 
10 -1054 1062 
10 -1063 1064 
10 -1063 1065 
10 -1063 1066 
10 -1063 1067 
10 -1063 1068 
10 -1063 1069 
10 -1063 1070 
10 -1063 1071 
10 -1072 1073 
10 -1072 1074 
10 -1072 1075 
10 -1072 1076 
10 -1072 1077 
10 -1072 1078 
10 -1072 1079 
10 -1072 1080 
10 -1081 1082 
10 -1081 1083 
10 -1081 1084 
10 -1081 1085 
10 -1081 1086 
10 -1081 1087 
10 -1081 1088 
10 -1081 1089 
10 -1090 1091 
10 -1090 1092 
10 -1090 1093 
10 -1090 1094 
10 -1090 1095 
10 -1090 1096 
10 -1090 1097 
10 -1090 1098 
10 -1099 1100 
10 -1099 1101 
10 -1099 1102 
10 -1099 1103 
10 -1099 1104 
10 -1099 1105 
10 -1099 1106 
10 -1099 1107 
10 -1099 1108 
10 -1109 1110 
10 -1109 1111 
10 -1109 1112 
10 -1109 1113 
10 -1109 1114 
10 -1109 1115 
10 -1109 1116 
10 -1109 1117 
10 -1109 1118 
10 -1119 1120 
10 -1119 1121 
10 -1119 1122 
10 -1119 1123 
10 -1119 1124 
10 -1119 1125 
10 -1119 1126 
10 -1119 1127 
10 -1119 1128 
10 -1129 1130 
10 -1129 1131 
10 -1129 1132 
10 -1129 1133 
10 -1129 1134 
10 -1129 1135 
10 -1129 1136 
10 -1129 1137 
10 -1129 1138 
10 -1139 1140 
10 -1139 1141 
10 -1139 1142 
10 -1139 1143 
10 -1139 1144 
10 -1139 1145 
10 -1139 1146 
10 -1139 1147 
10 -1139 1148 
10 -1149 1150 
10 -1149 1151 
10 -1149 1152 
10 -1149 1153 
10 -1149 1154 
10 -1149 1155 
10 -1149 1156 
10 -1149 1157 
10 -1149 1158 
10 -1159 1160 
10 -1159 1161 
10 -1159 1162 
10 -1159 1163 
10 -1159 1164 
10 -1159 1165 
10 -1159 1166 
10 -1159 1167 
10 -1159 1168 
10 -1169 1170 
10 -1169 1171 
10 -1169 1172 
10 -1169 1173 
10 -1174 1175 
10 -1174 1176 
10 -1174 1177 
10 -1174 1178 
10 -1179 1180 
10 -1179 1181 
10 -1179 1182 
10 -1179 1183 
10 -1184 1185 
10 -1184 1186 
10 -1184 1187 
10 -1184 1188 
10 -1189 1190 
10 -1189 1191 
10 -1189 1192 
10 -1189 1193 
10 -1194 1195 
10 -1194 1196 
10 -1194 1197 
10 -1194 1198 
10 -1199 1200 
10 -1199 1201 
10 -1199 1202 
10 -1199 1203 
10 -1199 1204 
10 -1205 1206 
10 -1205 1207 
10 -1205 1208 
10 -1205 1209 
10 -1205 1210 
10 -1211 1212 
10 -1211 1213 
10 -1211 1214 
10 -1211 1215 
10 -1211 1216 
10 -1217 1218 
10 -1217 1219 
10 -1217 1220 
10 -1217 1221 
10 -1217 1222 
10 -1223 1224 
10 -1223 1225 
10 -1223 1226 
10 -1223 1227 
10 -1223 1228 
10 -1229 1230 
10 -1229 1231 
10 -1229 1232 
10 -1229 1233 
10 -1229 1234 
10 -1235 1236 
10 -1235 1237 
10 -1235 1238 
10 -1235 1239 
10 -1235 1240 
10 -1235 1241 
10 -1242 1243 
10 -1242 1244 
10 -1242 1245 
10 -1242 1246 
10 -1242 1247 
10 -1242 1248 
10 -1249 1250 
10 -1249 1251 
10 -1249 1252 
10 -1249 1253 
10 -1249 1254 
10 -1249 1255 
10 -1256 1257 
10 -1256 1258 
10 -1256 1259 
10 -1256 1260 
10 -1256 1261 
10 -1256 1262 
10 -1263 1264 
10 -1263 1265 
10 -1263 1266 
10 -1263 1267 
10 -1263 1268 
10 -1263 1269 
10 -1270 1271 
10 -1270 1272 
10 -1270 1273 
10 -1270 1274 
10 -1270 1275 
10 -1270 1276 
10 -1277 1278 
10 -1277 1279 
10 -1277 1280 
10 -1277 1281 
10 -1277 1282 
10 -1277 1283 
10 -1277 1284 
10 -1285 1286 
10 -1285 1287 
10 -1285 1288 
10 -1285 1289 
10 -1285 1290 
10 -1285 1291 
10 -1285 1292 
10 -1293 1294 
10 -1293 1295 
10 -1293 1296 
10 -1293 1297 
10 -1293 1298 
10 -1293 1299 
10 -1293 1300 
10 -1301 1302 
10 -1301 1303 
10 -1301 1304 
10 -1301 1305 
10 -1301 1306 
10 -1301 1307 
10 -1301 1308 
10 -1309 1310 
10 -1309 1311 
10 -1309 1312 
10 -1309 1313 
10 -1309 1314 
10 -1309 1315 
10 -1309 1316 
10 -1317 1318 
10 -1317 1319 
10 -1317 1320 
10 -1317 1321 
10 -1317 1322 
10 -1317 1323 
10 -1317 1324 
10 -1325 1326 
10 -1325 1327 
10 -1325 1328 
10 -1325 1329 
10 -1325 1330 
10 -1325 1331 
10 -1325 1332 
10 -1325 1333 
10 -1334 1335 
10 -1334 1336 
10 -1334 1337 
10 -1334 1338 
10 -1334 1339 
10 -1334 1340 
10 -1334 1341 
10 -1334 1342 
10 -1343 1344 
10 -1343 1345 
10 -1343 1346 
10 -1343 1347 
10 -1343 1348 
10 -1343 1349 
10 -1343 1350 
10 -1343 1351 
10 -1352 1353 
10 -1352 1354 
10 -1352 1355 
10 -1352 1356 
10 -1352 1357 
10 -1352 1358 
10 -1352 1359 
10 -1352 1360 
10 -1361 1362 
10 -1361 1363 
10 -1361 1364 
10 -1361 1365 
10 -1361 1366 
10 -1361 1367 
10 -1361 1368 
10 -1361 1369 
10 -1370 1371 
10 -1370 1372 
10 -1370 1373 
10 -1370 1374 
10 -1370 1375 
10 -1370 1376 
10 -1370 1377 
10 -1370 1378 
10 -1379 1380 
10 -1379 1381 
10 -1379 1382 
10 -1379 1383 
10 -1384 1385 
10 -1384 1386 
10 -1384 1387 
10 -1384 1388 
10 -1389 1390 
10 -1389 1391 
10 -1389 1392 
10 -1389 1393 
10 -1394 1395 
10 -1394 1396 
10 -1394 1397 
10 -1394 1398 
10 -1399 1400 
10 -1399 1401 
10 -1399 1402 
10 -1399 1403 
10 -1404 1405 
10 -1404 1406 
10 -1404 1407 
10 -1404 1408 
10 -1404 1409 
10 -1410 1411 
10 -1410 1412 
10 -1410 1413 
10 -1410 1414 
10 -1410 1415 
10 -1416 1417 
10 -1416 1418 
10 -1416 1419 
10 -1416 1420 
10 -1416 1421 
10 -1422 1423 
10 -1422 1424 
10 -1422 1425 
10 -1422 1426 
10 -1422 1427 
10 -1428 1429 
10 -1428 1430 
10 -1428 1431 
10 -1428 1432 
10 -1428 1433 
10 -1434 1435 
10 -1434 1436 
10 -1434 1437 
10 -1434 1438 
10 -1434 1439 
10 -1434 1440 
10 -1441 1442 
10 -1441 1443 
10 -1441 1444 
10 -1441 1445 
10 -1441 1446 
10 -1441 1447 
10 -1448 1449 
10 -1448 1450 
10 -1448 1451 
10 -1448 1452 
10 -1448 1453 
10 -1448 1454 
10 -1455 1456 
10 -1455 1457 
10 -1455 1458 
10 -1455 1459 
10 -1455 1460 
10 -1455 1461 
10 -1462 1463 
10 -1462 1464 
10 -1462 1465 
10 -1462 1466 
10 -1462 1467 
10 -1462 1468 
10 -1469 1470 
10 -1469 1471 
10 -1469 1472 
10 -1469 1473 
10 -1469 1474 
10 -1469 1475 
10 -1469 1476 
10 -1477 1478 
10 -1477 1479 
10 -1477 1480 
10 -1477 1481 
10 -1477 1482 
10 -1477 1483 
10 -1477 1484 
10 -1485 1486 
10 -1485 1487 
10 -1485 1488 
10 -1485 1489 
10 -1485 1490 
10 -1485 1491 
10 -1485 1492 
10 -1493 1494 
10 -1493 1495 
10 -1493 1496 
10 -1493 1497 
10 -1493 1498 
10 -1493 1499 
10 -1493 1500 
10 -1501 1502 
10 -1501 1503 
10 -1501 1504 
10 -1501 1505 
10 -1501 1506 
10 -1501 1507 
10 -1501 1508 
10 -1509 1510 
10 -1509 1511 
10 -1509 1512 
10 -1509 1513 
10 -1514 1515 
10 -1514 1516 
10 -1514 1517 
10 -1514 1518 
10 -1519 1520 
10 -1519 1521 
10 -1519 1522 
10 -1519 1523 
10 -1524 1525 
10 -1524 1526 
10 -1524 1527 
10 -1524 1528 
10 -1529 1530 
10 -1529 1531 
10 -1529 1532 
10 -1529 1533 
10 -1529 1534 
10 -1535 1536 
10 -1535 1537 
10 -1535 1538 
10 -1535 1539 
10 -1535 1540 
10 -1541 1542 
10 -1541 1543 
10 -1541 1544 
10 -1541 1545 
10 -1541 1546 
10 -1547 1548 
10 -1547 1549 
10 -1547 1550 
10 -1547 1551 
10 -1547 1552 
10 -1553 1554 
10 -1553 1555 
10 -1553 1556 
10 -1553 1557 
10 -1553 1558 
10 -1553 1559 
10 -1560 1561 
10 -1560 1562 
10 -1560 1563 
10 -1560 1564 
10 -1560 1565 
10 -1560 1566 
10 -1567 1568 
10 -1567 1569 
10 -1567 1570 
10 -1567 1571 
10 -1567 1572 
10 -1567 1573 
10 -1574 1575 
10 -1574 1576 
10 -1574 1577 
10 -1574 1578 
10 -1574 1579 
10 -1574 1580 
10 -1581 1582 
10 -1581 1583 
10 -1581 1584 
10 -1581 1585 
10 -1586 1587 
10 -1586 1588 
10 -1586 1589 
10 -1586 1590 
10 -1591 1592 
10 -1591 1593 
10 -1591 1594 
10 -1591 1595 
10 -1596 1597 
10 -1596 1598 
10 -1596 1599 
10 -1596 1600 
10 -1596 1601 
10 -1602 1603 
10 -1602 1604 
10 -1602 1605 
10 -1602 1606 
10 -1602 1607 
10 -1608 1609 
10 -1608 1610 
10 -1608 1611 
10 -1608 1612 
10 -1608 1613 
10 -1614 1615 
10 -1614 1616 
10 -1614 1617 
10 -1614 1618 
10 -1619 1620 
10 -1619 1621 
10 -1619 1622 
10 -1619 1623 
10 -1624 1625 
10 -1626 1627 
10 -1628 1629 
10 -1630 1631 
10 -1632 1633 
10 -1634 1635 
10 -1636 1637 
10 -1638 1639 
10 -1640 1641 
10 -1642 1643 
10 -1642 1644 
10 -1645 1646 
10 -1645 1647 
10 -1648 1649 
10 -1648 1650 
10 -1651 1652 
10 -1651 1653 
10 -1654 1655 
10 -1654 1656 
10 -1657 1658 
10 -1657 1659 
10 -1660 1661 
10 -1660 1662 
10 -1663 1664 
10 -1663 1665 
10 -1666 1667 
10 -1666 1668 
10 -1669 1670 
10 -1669 1671 
10 -1669 1672 
10 -1673 1674 
10 -1673 1675 
10 -1673 1676 
10 -1677 1678 
10 -1677 1679 
10 -1677 1680 
10 -1681 1682 
10 -1681 1683 
10 -1681 1684 
10 -1685 1686 
10 -1685 1687 
10 -1685 1688 
10 -1689 1690 
10 -1689 1691 
10 -1689 1692 
10 -1693 1694 
10 -1693 1695 
10 -1693 1696 
10 -1697 1698 
10 -1697 1699 
10 -1697 1700 
10 -1701 1702 
10 -1701 1703 
10 -1701 1704 
10 -1705 1706 
10 -1705 1707 
10 -1705 1708 
10 -1705 1709 
10 -1710 1711 
10 -1710 1712 
10 -1710 1713 
10 -1710 1714 
10 -1715 1716 
10 -1715 1717 
10 -1715 1718 
10 -1715 1719 
10 -1720 1721 
10 -1720 1722 
10 -1720 1723 
10 -1720 1724 
10 -1725 1726 
10 -1725 1727 
10 -1725 1728 
10 -1725 1729 
10 -1730 1731 
10 -1730 1732 
10 -1730 1733 
10 -1730 1734 
10 -1735 1736 
10 -1735 1737 
10 -1735 1738 
10 -1735 1739 
10 -1740 1741 
10 -1740 1742 
10 -1740 1743 
10 -1740 1744 
10 -1745 1746 
10 -1745 1747 
10 -1745 1748 
10 -1745 1749 
10 -1750 1751 
10 -1750 1752 
10 -1750 1753 
10 -1750 1754 
10 -1755 1756 
10 -1755 1757 
10 -1755 1758 
10 -1755 1759 
10 -1760 1761 
10 -1760 1762 
10 -1760 1763 
10 -1760 1764 
10 -1765 1766 
10 -1765 1767 
10 -1765 1768 
10 -1765 1769 
10 -1770 1771 
10 -1770 1772 
10 -1770 1773 
10 -1770 1774 
10 -1775 1776 
10 -1775 1777 
10 -1775 1778 
10 -1775 1779 
10 -1780 1781 
10 -1780 1782 
10 -1780 1783 
10 -1780 1784 
10 -1785 1786 
10 -1785 1787 
10 -1785 1788 
10 -1785 1789 
10 -1790 1791 
10 -1790 1792 
10 -1790 1793 
10 -1790 1794 
10 -1790 1795 
10 -1796 1797 
10 -1796 1798 
10 -1796 1799 
10 -1796 1800 
10 -1796 1801 
10 -1802 1803 
10 -1802 1804 
10 -1802 1805 
10 -1802 1806 
10 -1802 1807 
10 -1808 1809 
10 -1808 1810 
10 -1808 1811 
10 -1808 1812 
10 -1808 1813 
10 -1814 1815 
10 -1814 1816 
10 -1814 1817 
10 -1814 1818 
10 -1814 1819 
10 -1820 1821 
10 -1820 1822 
10 -1820 1823 
10 -1820 1824 
10 -1820 1825 
10 -1826 1827 
10 -1826 1828 
10 -1826 1829 
10 -1826 1830 
10 -1826 1831 
10 -1832 1833 
10 -1832 1834 
10 -1832 1835 
10 -1832 1836 
10 -1832 1837 
10 -1838 1839 
10 -1838 1840 
10 -1838 1841 
10 -1838 1842 
10 -1838 1843 
10 -1838 1844 
10 -1845 1846 
10 -1845 1847 
10 -1845 1848 
10 -1845 1849 
10 -1845 1850 
10 -1845 1851 
10 -1852 1853 
10 -1852 1854 
10 -1852 1855 
10 -1852 1856 
10 -1852 1857 
10 -1852 1858 
10 -1859 1860 
10 -1859 1861 
10 -1859 1862 
10 -1859 1863 
10 -1859 1864 
10 -1859 1865 
10 -1866 1867 
10 -1866 1868 
10 -1866 1869 
10 -1866 1870 
10 -1866 1871 
10 -1866 1872 
10 -1873 1874 
10 -1873 1875 
10 -1873 1876 
10 -1873 1877 
10 -1873 1878 
10 -1873 1879 
10 -1880 1881 
10 -1880 1882 
10 -1880 1883 
10 -1880 1884 
10 -1880 1885 
10 -1880 1886 
10 -1887 1888 
10 -1887 1889 
10 -1887 1890 
10 -1887 1891 
10 -1887 1892 
10 -1887 1893 
10 -1894 1895 
10 -1894 1896 
10 -1894 1897 
10 -1894 1898 
10 -1899 1900 
10 -1899 1901 
10 -1899 1902 
10 -1899 1903 
10 -1904 1905 
10 -1904 1906 
10 -1904 1907 
10 -1904 1908 
10 -1909 1910 
10 -1909 1911 
10 -1909 1912 
10 -1909 1913 
10 -1914 1915 
10 -1914 1916 
10 -1914 1917 
10 -1914 1918 
10 -1919 1920 
10 -1919 1921 
10 -1919 1922 
10 -1919 1923 
10 -1924 1925 
10 -1924 1926 
10 -1924 1927 
10 -1924 1928 
10 -1929 1930 
10 -1929 1931 
10 -1929 1932 
10 -1929 1933 
10 -1929 1934 
10 -1935 1936 
10 -1935 1937 
10 -1935 1938 
10 -1935 1939 
10 -1935 1940 
10 -1941 1942 
10 -1941 1943 
10 -1941 1944 
10 -1941 1945 
10 -1941 1946 
10 -1947 1948 
10 -1947 1949 
10 -1947 1950 
10 -1947 1951 
10 -1947 1952 
10 -1953 1954 
10 -1953 1955 
10 -1953 1956 
10 -1953 1957 
10 -1953 1958 
10 -1959 1960 
10 -1959 1961 
10 -1959 1962 
10 -1959 1963 
10 -1959 1964 
10 -1965 1966 
10 -1965 1967 
10 -1965 1968 
10 -1965 1969 
10 -1965 1970 
10 -1971 1972 
10 -1971 1973 
10 -1971 1974 
10 -1971 1975 
10 -1976 1977 
10 -1976 1978 
10 -1976 1979 
10 -1976 1980 
10 -1981 1982 
10 -1981 1983 
10 -1981 1984 
10 -1981 1985 
10 -1986 1987 
10 -1986 1988 
10 -1986 1989 
10 -1986 1990 
10 -1991 1992 
10 -1991 1993 
10 -1991 1994 
10 -1991 1995 
10 -1996 1997 
10 -1996 1998 
10 -1996 1999 
10 -1996 2000 
