p wcnf 2022 2019 5
5 -19 1 
5 -21 1 
5 -23 1 
5 -25 1 
5 -27 1 
5 -29 1 
5 -31 1 
5 -33 1 
5 -35 1 
5 -37 1 
5 -40 1 
5 -43 1 
5 -46 1 
5 -49 1 
5 -52 1 
5 -55 1 
5 -58 1 
5 -61 1 
5 -64 1 
5 -68 1 
5 -72 1 
5 -76 1 
5 -80 1 
5 -84 1 
5 -88 1 
5 -92 1 
5 -96 1 
5 -100 1 
5 -105 1 
5 -110 1 
5 -115 1 
5 -120 1 
5 -125 1 
5 -130 1 
5 -135 1 
5 -140 1 
5 -145 1 
5 -151 1 
5 -157 1 
5 -163 1 
5 -169 1 
5 -175 1 
5 -181 1 
5 -187 1 
5 -193 1 
5 -199 1 
5 -206 1 
5 -213 1 
5 -220 1 
5 -227 1 
5 -234 1 
5 -241 1 
5 -248 1 
5 -255 1 
5 -262 1 
5 -270 1 
5 -278 1 
5 -286 1 
5 -294 1 
5 -302 1 
5 -310 1 
5 -318 1 
5 -326 1 
5 -334 1 
5 -343 1 
5 -352 1 
5 -361 1 
5 -370 1 
5 -379 1 
5 -388 1 
5 -397 1 
5 -406 1 
5 -415 19 
5 -420 19 
5 -425 19 
5 -430 19 
5 -435 19 
5 -440 19 
5 -445 19 
5 -450 19 
5 -455 19 
5 -461 19 
5 -467 19 
5 -473 19 
5 -479 19 
5 -485 19 
5 -491 19 
5 -497 19 
5 -503 19 
5 -510 19 
5 -517 19 
5 -524 19 
5 -531 19 
5 -538 19 
5 -545 19 
5 -552 19 
5 -559 19 
5 -567 19 
5 -575 19 
5 -583 19 
5 -591 19 
5 -599 19 
5 -607 19 
5 -615 19 
5 -623 19 
5 -632 19 
5 -641 19 
5 -650 19 
5 -659 19 
5 -668 19 
5 -677 19 
5 -686 19 
5 -695 19 
5 -705 19 
5 -715 19 
5 -725 19 
5 -735 19 
5 -745 19 
5 -755 19 
5 -765 19 
5 -775 19 
5 -786 19 
5 -797 19 
5 -808 19 
5 -819 19 
5 -830 19 
5 -841 19 
5 -852 19 
5 -863 37 415 420 425 430 435 440 445 450 
5 -868 37 415 420 425 430 435 440 445 450 
5 -873 37 415 420 425 430 435 440 445 450 
5 -878 37 415 420 425 430 435 440 445 450 
5 -883 37 415 420 425 430 435 440 445 450 
5 -888 37 415 420 425 430 435 440 445 450 
5 -893 37 415 420 425 430 435 440 445 450 
5 -898 37 415 420 425 430 435 440 445 450 
5 -904 37 415 420 425 430 435 440 445 450 
5 -910 37 415 420 425 430 435 440 445 450 
5 -916 37 415 420 425 430 435 440 445 450 
5 -922 37 415 420 425 430 435 440 445 450 
5 -928 37 415 420 425 430 435 440 445 450 
5 -934 37 415 420 425 430 435 440 445 450 
5 -940 37 415 420 425 430 435 440 445 450 
5 -947 37 415 420 425 430 435 440 445 450 
5 -954 37 415 420 425 430 435 440 445 450 
5 -961 37 415 420 425 430 435 440 445 450 
5 -968 37 415 420 425 430 435 440 445 450 
5 -975 37 415 420 425 430 435 440 445 450 
5 -982 37 415 420 425 430 435 440 445 450 
5 -989 37 415 420 425 430 435 440 445 450 
5 -997 37 415 420 425 430 435 440 445 450 
5 -1005 37 415 420 425 430 435 440 445 450 
5 -1013 37 415 420 425 430 435 440 445 450 
5 -1021 37 415 420 425 430 435 440 445 450 
5 -1029 37 415 420 425 430 435 440 445 450 
5 -1037 37 415 420 425 430 435 440 445 450 
5 -1045 37 415 420 425 430 435 440 445 450 
5 -1054 37 415 420 425 430 435 440 445 450 
5 -1063 37 415 420 425 430 435 440 445 450 
5 -1072 37 415 420 425 430 435 440 445 450 
5 -1081 37 415 420 425 430 435 440 445 450 
5 -1090 37 415 420 425 430 435 440 445 450 
5 -1099 37 415 420 425 430 435 440 445 450 
5 -1108 37 415 420 425 430 435 440 445 450 
5 -1118 37 415 420 425 430 435 440 445 450 
5 -1128 37 415 420 425 430 435 440 445 450 
5 -1138 37 415 420 425 430 435 440 445 450 
5 -1148 37 415 420 425 430 435 440 445 450 
5 -1158 37 415 420 425 430 435 440 445 450 
5 -1168 37 415 420 425 430 435 440 445 450 
5 -1178 64 455 461 467 473 479 485 491 497 863 868 873 878 883 888 893 
5 -1183 64 455 461 467 473 479 485 491 497 863 868 873 878 883 888 893 
5 -1188 64 455 461 467 473 479 485 491 497 863 868 873 878 883 888 893 
5 -1193 64 455 461 467 473 479 485 491 497 863 868 873 878 883 888 893 
5 -1198 64 455 461 467 473 479 485 491 497 863 868 873 878 883 888 893 
5 -1203 64 455 461 467 473 479 485 491 497 863 868 873 878 883 888 893 
5 -1208 64 455 461 467 473 479 485 491 497 863 868 873 878 883 888 893 
5 -1214 64 455 461 467 473 479 485 491 497 863 868 873 878 883 888 893 
5 -1220 64 455 461 467 473 479 485 491 497 863 868 873 878 883 888 893 
5 -1226 64 455 461 467 473 479 485 491 497 863 868 873 878 883 888 893 
5 -1232 64 455 461 467 473 479 485 491 497 863 868 873 878 883 888 893 
5 -1238 64 455 461 467 473 479 485 491 497 863 868 873 878 883 888 893 
5 -1244 64 455 461 467 473 479 485 491 497 863 868 873 878 883 888 893 
5 -1251 64 455 461 467 473 479 485 491 497 863 868 873 878 883 888 893 
5 -1258 64 455 461 467 473 479 485 491 497 863 868 873 878 883 888 893 
5 -1265 64 455 461 467 473 479 485 491 497 863 868 873 878 883 888 893 
5 -1272 64 455 461 467 473 479 485 491 497 863 868 873 878 883 888 893 
5 -1279 64 455 461 467 473 479 485 491 497 863 868 873 878 883 888 893 
5 -1286 64 455 461 467 473 479 485 491 497 863 868 873 878 883 888 893 
5 -1294 64 455 461 467 473 479 485 491 497 863 868 873 878 883 888 893 
5 -1302 64 455 461 467 473 479 485 491 497 863 868 873 878 883 888 893 
5 -1310 64 455 461 467 473 479 485 491 497 863 868 873 878 883 888 893 
5 -1318 64 455 461 467 473 479 485 491 497 863 868 873 878 883 888 893 
5 -1326 64 455 461 467 473 479 485 491 497 863 868 873 878 883 888 893 
5 -1334 64 455 461 467 473 479 485 491 497 863 868 873 878 883 888 893 
5 -1343 64 455 461 467 473 479 485 491 497 863 868 873 878 883 888 893 
5 -1352 64 455 461 467 473 479 485 491 497 863 868 873 878 883 888 893 
5 -1361 64 455 461 467 473 479 485 491 497 863 868 873 878 883 888 893 
5 -1370 64 455 461 467 473 479 485 491 497 863 868 873 878 883 888 893 
5 -1379 64 455 461 467 473 479 485 491 497 863 868 873 878 883 888 893 
5 -1388 100 503 510 517 524 531 538 545 552 898 904 910 916 922 928 934 
5 -1393 100 503 510 517 524 531 538 545 552 898 904 910 916 922 928 934 
5 -1398 100 503 510 517 524 531 538 545 552 898 904 910 916 922 928 934 
5 -1403 100 503 510 517 524 531 538 545 552 898 904 910 916 922 928 934 
5 -1408 100 503 510 517 524 531 538 545 552 898 904 910 916 922 928 934 
5 -1413 100 503 510 517 524 531 538 545 552 898 904 910 916 922 928 934 
5 -1419 100 503 510 517 524 531 538 545 552 898 904 910 916 922 928 934 
5 -1425 100 503 510 517 524 531 538 545 552 898 904 910 916 922 928 934 
5 -1431 100 503 510 517 524 531 538 545 552 898 904 910 916 922 928 934 
5 -1437 100 503 510 517 524 531 538 545 552 898 904 910 916 922 928 934 
5 -1443 100 503 510 517 524 531 538 545 552 898 904 910 916 922 928 934 
5 -1450 100 503 510 517 524 531 538 545 552 898 904 910 916 922 928 934 
5 -1457 100 503 510 517 524 531 538 545 552 898 904 910 916 922 928 934 
5 -1464 100 503 510 517 524 531 538 545 552 898 904 910 916 922 928 934 
5 -1471 100 503 510 517 524 531 538 545 552 898 904 910 916 922 928 934 
5 -1478 100 503 510 517 524 531 538 545 552 898 904 910 916 922 928 934 
5 -1486 100 503 510 517 524 531 538 545 552 898 904 910 916 922 928 934 
5 -1494 100 503 510 517 524 531 538 545 552 898 904 910 916 922 928 934 
5 -1502 100 503 510 517 524 531 538 545 552 898 904 910 916 922 928 934 
5 -1510 100 503 510 517 524 531 538 545 552 898 904 910 916 922 928 934 
5 -1518 145 559 567 575 583 591 599 607 615 940 947 954 961 968 975 982 
5 -1523 145 559 567 575 583 591 599 607 615 940 947 954 961 968 975 982 
5 -1528 145 559 567 575 583 591 599 607 615 940 947 954 961 968 975 982 
5 -1533 145 559 567 575 583 591 599 607 615 940 947 954 961 968 975 982 
5 -1538 145 559 567 575 583 591 599 607 615 940 947 954 961 968 975 982 
5 -1544 145 559 567 575 583 591 599 607 615 940 947 954 961 968 975 982 
5 -1550 145 559 567 575 583 591 599 607 615 940 947 954 961 968 975 982 
5 -1556 145 559 567 575 583 591 599 607 615 940 947 954 961 968 975 982 
5 -1562 145 559 567 575 583 591 599 607 615 940 947 954 961 968 975 982 
5 -1569 145 559 567 575 583 591 599 607 615 940 947 954 961 968 975 982 
5 -1576 145 559 567 575 583 591 599 607 615 940 947 954 961 968 975 982 
5 -1583 145 559 567 575 583 591 599 607 615 940 947 954 961 968 975 982 
5 -1590 199 623 632 641 650 659 668 677 686 989 997 1005 1013 1021 1029 1037 
5 -1595 199 623 632 641 650 659 668 677 686 989 997 1005 1013 1021 1029 1037 
5 -1600 199 623 632 641 650 659 668 677 686 989 997 1005 1013 1021 1029 1037 
5 -1605 199 623 632 641 650 659 668 677 686 989 997 1005 1013 1021 1029 1037 
5 -1611 199 623 632 641 650 659 668 677 686 989 997 1005 1013 1021 1029 1037 
5 -1617 199 623 632 641 650 659 668 677 686 989 997 1005 1013 1021 1029 1037 
5 -1623 262 695 705 715 725 735 745 755 765 1045 1054 1063 1072 1081 1090 1099 
5 -1628 262 695 705 715 725 735 745 755 765 1045 1054 1063 1072 1081 1090 1099 
5 -1633 1 
5 -1635 1 
5 -1637 1 
5 -1639 1 
5 -1641 1 
5 -1643 1 
5 -1645 1 
5 -1647 1 
5 -1649 1 
5 -1651 1 
5 -1654 1 
5 -1657 1 
5 -1660 1 
5 -1663 1 
5 -1666 1 
5 -1669 1 
5 -1672 1 
5 -1675 1 
5 -1678 1 
5 -1682 1 
5 -1686 1 
5 -1690 1 
5 -1694 1 
5 -1698 1 
5 -1702 1 
5 -1706 1 
5 -1710 1 
5 -1714 1 
5 -1719 1 
5 -1724 1 
5 -1729 1 
5 -1734 1 
5 -1739 1 
5 -1744 1 
5 -1749 1 
5 -1754 1 
5 -1759 1633 
5 -1764 1633 
5 -1769 1633 
5 -1774 1633 
5 -1779 1633 
5 -1784 1633 
5 -1789 1633 
5 -1794 1633 
5 -1799 1633 
5 -1805 1633 
5 -1811 1633 
5 -1817 1633 
5 -1823 1633 
5 -1829 1633 
5 -1835 1633 
5 -1841 1633 
5 -1847 1633 
5 -1854 1633 
5 -1861 1633 
5 -1868 1633 
5 -1875 1633 
5 -1882 1633 
5 -1889 1633 
5 -1896 1633 
5 -1903 1651 1759 1764 1769 1774 1779 1784 1789 1794 
5 -1908 1651 1759 1764 1769 1774 1779 1784 1789 1794 
5 -1913 1651 1759 1764 1769 1774 1779 1784 1789 1794 
5 -1918 1651 1759 1764 1769 1774 1779 1784 1789 1794 
5 -1923 1651 1759 1764 1769 1774 1779 1784 1789 1794 
5 -1928 1651 1759 1764 1769 1774 1779 1784 1789 1794 
5 -1933 1651 1759 1764 1769 1774 1779 1784 1789 1794 
5 -1938 1651 1759 1764 1769 1774 1779 1784 1789 1794 
5 -1944 1651 1759 1764 1769 1774 1779 1784 1789 1794 
5 -1950 1651 1759 1764 1769 1774 1779 1784 1789 1794 
5 -1956 1651 1759 1764 1769 1774 1779 1784 1789 1794 
5 -1962 1651 1759 1764 1769 1774 1779 1784 1789 1794 
5 -1968 1651 1759 1764 1769 1774 1779 1784 1789 1794 
5 -1974 1651 1759 1764 1769 1774 1779 1784 1789 1794 
5 -1980 1678 1799 1805 1811 1817 1823 1829 1835 1841 1903 1908 1913 1918 1923 1928 1933 
5 -1985 1678 1799 1805 1811 1817 1823 1829 1835 1841 1903 1908 1913 1918 1923 1928 1933 
5 -1990 1678 1799 1805 1811 1817 1823 1829 1835 1841 1903 1908 1913 1918 1923 1928 1933 
5 -1995 1678 1799 1805 1811 1817 1823 1829 1835 1841 1903 1908 1913 1918 1923 1928 1933 
5 -2000 1678 1799 1805 1811 1817 1823 1829 1835 1841 1903 1908 1913 1918 1923 1928 1933 
5 -2005 1678 1799 1805 1811 1817 1823 1829 1835 1841 1903 1908 1913 1918 1923 1928 1933 
5 -2010 334 343 352 361 370 379 388 397 406 775 786 797 808 819 830 841 852 1108 1118 1128 1138 1148 1158 1168 1334 1343 1352 1361 1370 1379 1478 1486 1494 1502 1510 1562 1569 1576 1583 1605 1611 1617 1714 1847 1854 1861 1868 1875 1882 1889 1896 1938 1944 1950 1956 1962 1968 1974 
5 -2012 334 343 352 361 370 379 388 397 406 775 786 797 808 819 830 841 852 1108 1118 1128 1138 1148 1158 1168 1334 1343 1352 1361 1370 1379 1478 1486 1494 1502 1510 1562 1569 1576 1583 1605 1611 1617 1714 1847 1854 1861 1868 1875 1882 1889 1896 1938 1944 1950 1956 1962 1968 1974 
5 -2014 334 343 352 361 370 379 388 397 406 775 786 797 808 819 830 841 852 1108 1118 1128 1138 1148 1158 1168 1334 1343 1352 1361 1370 1379 1478 1486 1494 1502 1510 1562 1569 1576 1583 1605 1611 1617 1714 1847 1854 1861 1868 1875 1882 1889 1896 1938 1944 1950 1956 1962 1968 1974 
5 -2016 334 343 352 361 370 379 388 397 406 775 786 797 808 819 830 841 852 1108 1118 1128 1138 1148 1158 1168 1334 1343 1352 1361 1370 1379 1478 1486 1494 1502 1510 1562 1569 1576 1583 1605 1611 1617 1714 1847 1854 1861 1868 1875 1882 1889 1896 1938 1944 1950 1956 1962 1968 1974 
5 -2018 334 343 352 361 370 379 388 397 406 775 786 797 808 819 830 841 852 1108 1118 1128 1138 1148 1158 1168 1334 1343 1352 1361 1370 1379 1478 1486 1494 1502 1510 1562 1569 1576 1583 1605 1611 1617 1714 1847 1854 1861 1868 1875 1882 1889 1896 1938 1944 1950 1956 1962 1968 1974 
5 19 21 23 25 27 29 31 33 35 37 40 43 46 49 52 55 58 61 64 68 72 76 80 84 88 92 96 100 105 110 115 120 125 130 135 140 145 151 157 163 169 175 181 187 193 199 206 213 220 227 234 241 248 255 262 270 278 286 294 302 310 318 326 334 343 352 361 370 379 388 397 406 
5 19 21 23 25 27 29 31 33 35 37 40 43 46 49 52 55 58 61 64 68 72 76 80 84 88 92 96 100 105 110 115 120 125 130 135 140 145 151 157 163 169 175 181 187 193 199 206 213 220 227 234 241 248 255 262 270 278 286 294 302 310 318 326 334 343 352 361 370 379 388 397 406 415 420 425 430 435 440 445 450 455 461 467 473 479 485 491 497 503 510 517 524 531 538 545 552 559 567 575 583 591 599 607 615 623 632 641 650 659 668 677 686 695 705 715 725 735 745 755 765 775 786 797 808 819 830 841 852 
5 37 40 43 46 49 52 55 58 61 64 68 72 76 80 84 88 92 96 100 105 110 115 120 125 130 135 140 145 151 157 163 169 175 181 187 193 199 206 213 220 227 234 241 248 255 262 270 278 286 294 302 310 318 326 334 343 352 361 370 379 388 397 406 415 420 425 430 435 440 445 450 455 461 467 473 479 485 491 497 503 510 517 524 531 538 545 552 559 567 575 583 591 599 607 615 623 632 641 650 659 668 677 686 695 705 715 725 735 745 755 765 775 786 797 808 819 830 841 852 863 868 873 878 883 888 893 898 904 910 916 922 928 934 940 947 954 961 968 975 982 989 997 1005 1013 1021 1029 1037 1045 1054 1063 1072 1081 1090 1099 1108 1118 1128 1138 1148 1158 1168 
5 64 68 72 76 80 84 88 92 96 100 105 110 115 120 125 130 135 140 145 151 157 163 169 175 181 187 193 199 206 213 220 227 234 241 248 255 262 270 278 286 294 302 310 318 326 334 343 352 361 370 379 388 397 406 415 420 425 430 435 440 445 450 455 461 467 473 479 485 491 497 503 510 517 524 531 538 545 552 559 567 575 583 591 599 607 615 623 632 641 650 659 668 677 686 695 705 715 725 735 745 755 765 775 786 797 808 819 830 841 852 863 868 873 878 883 888 893 898 904 910 916 922 928 934 940 947 954 961 968 975 982 989 997 1005 1013 1021 1029 1037 1045 1054 1063 1072 1081 1090 1099 1108 1118 1128 1138 1148 1158 1168 1178 1183 1188 1193 1198 1203 1208 1214 1220 1226 1232 1238 1244 1251 1258 1265 1272 1279 1286 1294 1302 1310 1318 1326 1334 1343 1352 1361 1370 1379 
5 100 105 110 115 120 125 130 135 140 145 151 157 163 169 175 181 187 193 199 206 213 220 227 234 241 248 255 262 270 278 286 294 302 310 318 326 334 343 352 361 370 379 388 397 406 415 420 425 430 435 440 445 450 455 461 467 473 479 485 491 497 503 510 517 524 531 538 545 552 559 567 575 583 591 599 607 615 623 632 641 650 659 668 677 686 695 705 715 725 735 745 755 765 775 786 797 808 819 830 841 852 863 868 873 878 883 888 893 898 904 910 916 922 928 934 940 947 954 961 968 975 982 989 997 1005 1013 1021 1029 1037 1045 1054 1063 1072 1081 1090 1099 1108 1118 1128 1138 1148 1158 1168 1178 1183 1188 1193 1198 1203 1208 1214 1220 1226 1232 1238 1244 1251 1258 1265 1272 1279 1286 1294 1302 1310 1318 1326 1334 1343 1352 1361 1370 1379 1388 1393 1398 1403 1408 1413 1419 1425 1431 1437 1443 1450 1457 1464 1471 1478 1486 1494 1502 1510 
5 145 151 157 163 169 175 181 187 193 199 206 213 220 227 234 241 248 255 262 270 278 286 294 302 310 318 326 334 343 352 361 370 379 388 397 406 415 420 425 430 435 440 445 450 455 461 467 473 479 485 491 497 503 510 517 524 531 538 545 552 559 567 575 583 591 599 607 615 623 632 641 650 659 668 677 686 695 705 715 725 735 745 755 765 775 786 797 808 819 830 841 852 863 868 873 878 883 888 893 898 904 910 916 922 928 934 940 947 954 961 968 975 982 989 997 1005 1013 1021 1029 1037 1045 1054 1063 1072 1081 1090 1099 1108 1118 1128 1138 1148 1158 1168 1178 1183 1188 1193 1198 1203 1208 1214 1220 1226 1232 1238 1244 1251 1258 1265 1272 1279 1286 1294 1302 1310 1318 1326 1334 1343 1352 1361 1370 1379 1388 1393 1398 1403 1408 1413 1419 1425 1431 1437 1443 1450 1457 1464 1471 1478 1486 1494 1502 1510 1518 1523 1528 1533 1538 1544 1550 1556 1562 1569 1576 1583 
5 199 206 213 220 227 234 241 248 255 262 270 278 286 294 302 310 318 326 334 343 352 361 370 379 388 397 406 455 461 467 473 479 485 491 497 503 510 517 524 531 538 545 552 559 567 575 583 591 599 607 615 623 632 641 650 659 668 677 686 695 705 715 725 735 745 755 765 775 786 797 808 819 830 841 852 863 868 873 878 883 888 893 898 904 910 916 922 928 934 940 947 954 961 968 975 982 989 997 1005 1013 1021 1029 1037 1045 1054 1063 1072 1081 1090 1099 1108 1118 1128 1138 1148 1158 1168 1178 1183 1188 1193 1198 1203 1208 1214 1220 1226 1232 1238 1244 1251 1258 1265 1272 1279 1286 1294 1302 1310 1318 1326 1334 1343 1352 1361 1370 1379 1388 1393 1398 1403 1408 1413 1419 1425 1431 1437 1443 1450 1457 1464 1471 1478 1486 1494 1502 1510 1518 1523 1528 1533 1538 1544 1550 1556 1562 1569 1576 1583 1590 1595 1600 1605 1611 1617 
5 262 270 278 286 294 302 310 318 326 334 343 352 361 370 379 388 397 406 503 510 517 524 531 538 545 552 559 567 575 583 591 599 607 615 623 632 641 650 659 668 677 686 695 705 715 725 735 745 755 765 775 786 797 808 819 830 841 852 898 904 910 916 922 928 934 940 947 954 961 968 975 982 989 997 1005 1013 1021 1029 1037 1045 1054 1063 1072 1081 1090 1099 1108 1118 1128 1138 1148 1158 1168 1178 1183 1188 1193 1198 1203 1208 1214 1220 1226 1232 1238 1244 1251 1258 1265 1272 1279 1286 1294 1302 1310 1318 1326 1334 1343 1352 1361 1370 1379 1388 1393 1398 1403 1408 1413 1419 1425 1431 1437 1443 1450 1457 1464 1471 1478 1486 1494 1502 1510 1518 1523 1528 1533 1538 1544 1550 1556 1562 1569 1576 1583 1590 1595 1600 1605 1611 1617 1623 1628 
5 1633 1635 1637 1639 1641 1643 1645 1647 1649 1651 1654 1657 1660 1663 1666 1669 1672 1675 1678 1682 1686 1690 1694 1698 1702 1706 1710 1714 1719 1724 1729 1734 1739 1744 1749 1754 
5 1633 1635 1637 1639 1641 1643 1645 1647 1649 1651 1654 1657 1660 1663 1666 1669 1672 1675 1678 1682 1686 1690 1694 1698 1702 1706 1710 1714 1719 1724 1729 1734 1739 1744 1749 1754 1759 1764 1769 1774 1779 1784 1789 1794 1799 1805 1811 1817 1823 1829 1835 1841 1847 1854 1861 1868 1875 1882 1889 1896 
5 1651 1654 1657 1660 1663 1666 1669 1672 1675 1678 1682 1686 1690 1694 1698 1702 1706 1710 1714 1719 1724 1729 1734 1739 1744 1749 1754 1759 1764 1769 1774 1779 1784 1789 1794 1799 1805 1811 1817 1823 1829 1835 1841 1847 1854 1861 1868 1875 1882 1889 1896 1903 1908 1913 1918 1923 1928 1933 1938 1944 1950 1956 1962 1968 1974 
5 1678 1682 1686 1690 1694 1698 1702 1706 1710 1714 1719 1724 1729 1734 1739 1744 1749 1754 1759 1764 1769 1774 1779 1784 1789 1794 1799 1805 1811 1817 1823 1829 1835 1841 1847 1854 1861 1868 1875 1882 1889 1896 1903 1908 1913 1918 1923 1928 1933 1938 1944 1950 1956 1962 1968 1974 1980 1985 1990 1995 2000 2005 
5 -1 2 
5 -3 4 
5 -5 6 
5 -7 8 
5 -9 10 
5 -11 12 
5 -13 14 
5 -15 16 
5 -17 18 
5 -19 20 
5 -21 22 
5 -23 24 
5 -25 26 
5 -27 28 
5 -29 30 
5 -31 32 
5 -33 34 
5 -35 36 
5 -37 38 
5 -37 39 
5 -40 41 
5 -40 42 
5 -43 44 
5 -43 45 
5 -46 47 
5 -46 48 
5 -49 50 
5 -49 51 
5 -52 53 
5 -52 54 
5 -55 56 
5 -55 57 
5 -58 59 
5 -58 60 
5 -61 62 
5 -61 63 
5 -64 65 
5 -64 66 
5 -64 67 
5 -68 69 
5 -68 70 
5 -68 71 
5 -72 73 
5 -72 74 
5 -72 75 
5 -76 77 
5 -76 78 
5 -76 79 
5 -80 81 
5 -80 82 
5 -80 83 
5 -84 85 
5 -84 86 
5 -84 87 
5 -88 89 
5 -88 90 
5 -88 91 
5 -92 93 
5 -92 94 
5 -92 95 
5 -96 97 
5 -96 98 
5 -96 99 
5 -100 101 
5 -100 102 
5 -100 103 
5 -100 104 
5 -105 106 
5 -105 107 
5 -105 108 
5 -105 109 
5 -110 111 
5 -110 112 
5 -110 113 
5 -110 114 
5 -115 116 
5 -115 117 
5 -115 118 
5 -115 119 
5 -120 121 
5 -120 122 
5 -120 123 
5 -120 124 
5 -125 126 
5 -125 127 
5 -125 128 
5 -125 129 
5 -130 131 
5 -130 132 
5 -130 133 
5 -130 134 
5 -135 136 
5 -135 137 
5 -135 138 
5 -135 139 
5 -140 141 
5 -140 142 
5 -140 143 
5 -140 144 
5 -145 146 
5 -145 147 
5 -145 148 
5 -145 149 
5 -145 150 
5 -151 152 
5 -151 153 
5 -151 154 
5 -151 155 
5 -151 156 
5 -157 158 
5 -157 159 
5 -157 160 
5 -157 161 
5 -157 162 
5 -163 164 
5 -163 165 
5 -163 166 
5 -163 167 
5 -163 168 
5 -169 170 
5 -169 171 
5 -169 172 
5 -169 173 
5 -169 174 
5 -175 176 
5 -175 177 
5 -175 178 
5 -175 179 
5 -175 180 
5 -181 182 
5 -181 183 
5 -181 184 
5 -181 185 
5 -181 186 
5 -187 188 
5 -187 189 
5 -187 190 
5 -187 191 
5 -187 192 
5 -193 194 
5 -193 195 
5 -193 196 
5 -193 197 
5 -193 198 
5 -199 200 
5 -199 201 
5 -199 202 
5 -199 203 
5 -199 204 
5 -199 205 
5 -206 207 
5 -206 208 
5 -206 209 
5 -206 210 
5 -206 211 
5 -206 212 
5 -213 214 
5 -213 215 
5 -213 216 
5 -213 217 
5 -213 218 
5 -213 219 
5 -220 221 
5 -220 222 
5 -220 223 
5 -220 224 
5 -220 225 
5 -220 226 
5 -227 228 
5 -227 229 
5 -227 230 
5 -227 231 
5 -227 232 
5 -227 233 
5 -234 235 
5 -234 236 
5 -234 237 
5 -234 238 
5 -234 239 
5 -234 240 
5 -241 242 
5 -241 243 
5 -241 244 
5 -241 245 
5 -241 246 
5 -241 247 
5 -248 249 
5 -248 250 
5 -248 251 
5 -248 252 
5 -248 253 
5 -248 254 
5 -255 256 
5 -255 257 
5 -255 258 
5 -255 259 
5 -255 260 
5 -255 261 
5 -262 263 
5 -262 264 
5 -262 265 
5 -262 266 
5 -262 267 
5 -262 268 
5 -262 269 
5 -270 271 
5 -270 272 
5 -270 273 
5 -270 274 
5 -270 275 
5 -270 276 
5 -270 277 
5 -278 279 
5 -278 280 
5 -278 281 
5 -278 282 
5 -278 283 
5 -278 284 
5 -278 285 
5 -286 287 
5 -286 288 
5 -286 289 
5 -286 290 
5 -286 291 
5 -286 292 
5 -286 293 
5 -294 295 
5 -294 296 
5 -294 297 
5 -294 298 
5 -294 299 
5 -294 300 
5 -294 301 
5 -302 303 
5 -302 304 
5 -302 305 
5 -302 306 
5 -302 307 
5 -302 308 
5 -302 309 
5 -310 311 
5 -310 312 
5 -310 313 
5 -310 314 
5 -310 315 
5 -310 316 
5 -310 317 
5 -318 319 
5 -318 320 
5 -318 321 
5 -318 322 
5 -318 323 
5 -318 324 
5 -318 325 
5 -326 327 
5 -326 328 
5 -326 329 
5 -326 330 
5 -326 331 
5 -326 332 
5 -326 333 
5 -334 335 
5 -334 336 
5 -334 337 
5 -334 338 
5 -334 339 
5 -334 340 
5 -334 341 
5 -334 342 
5 -343 344 
5 -343 345 
5 -343 346 
5 -343 347 
5 -343 348 
5 -343 349 
5 -343 350 
5 -343 351 
5 -352 353 
5 -352 354 
5 -352 355 
5 -352 356 
5 -352 357 
5 -352 358 
5 -352 359 
5 -352 360 
5 -361 362 
5 -361 363 
5 -361 364 
5 -361 365 
5 -361 366 
5 -361 367 
5 -361 368 
5 -361 369 
5 -370 371 
5 -370 372 
5 -370 373 
5 -370 374 
5 -370 375 
5 -370 376 
5 -370 377 
5 -370 378 
5 -379 380 
5 -379 381 
5 -379 382 
5 -379 383 
5 -379 384 
5 -379 385 
5 -379 386 
5 -379 387 
5 -388 389 
5 -388 390 
5 -388 391 
5 -388 392 
5 -388 393 
5 -388 394 
5 -388 395 
5 -388 396 
5 -397 398 
5 -397 399 
5 -397 400 
5 -397 401 
5 -397 402 
5 -397 403 
5 -397 404 
5 -397 405 
5 -406 407 
5 -406 408 
5 -406 409 
5 -406 410 
5 -406 411 
5 -406 412 
5 -406 413 
5 -406 414 
5 -415 416 
5 -415 417 
5 -415 418 
5 -415 419 
5 -420 421 
5 -420 422 
5 -420 423 
5 -420 424 
5 -425 426 
5 -425 427 
5 -425 428 
5 -425 429 
5 -430 431 
5 -430 432 
5 -430 433 
5 -430 434 
5 -435 436 
5 -435 437 
5 -435 438 
5 -435 439 
5 -440 441 
5 -440 442 
5 -440 443 
5 -440 444 
5 -445 446 
5 -445 447 
5 -445 448 
5 -445 449 
5 -450 451 
5 -450 452 
5 -450 453 
5 -450 454 
5 -455 456 
5 -455 457 
5 -455 458 
5 -455 459 
5 -455 460 
5 -461 462 
5 -461 463 
5 -461 464 
5 -461 465 
5 -461 466 
5 -467 468 
5 -467 469 
5 -467 470 
5 -467 471 
5 -467 472 
5 -473 474 
5 -473 475 
5 -473 476 
5 -473 477 
5 -473 478 
5 -479 480 
5 -479 481 
5 -479 482 
5 -479 483 
5 -479 484 
5 -485 486 
5 -485 487 
5 -485 488 
5 -485 489 
5 -485 490 
5 -491 492 
5 -491 493 
5 -491 494 
5 -491 495 
5 -491 496 
5 -497 498 
5 -497 499 
5 -497 500 
5 -497 501 
5 -497 502 
5 -503 504 
5 -503 505 
5 -503 506 
5 -503 507 
5 -503 508 
5 -503 509 
5 -510 511 
5 -510 512 
5 -510 513 
5 -510 514 
5 -510 515 
5 -510 516 
5 -517 518 
5 -517 519 
5 -517 520 
5 -517 521 
5 -517 522 
5 -517 523 
5 -524 525 
5 -524 526 
5 -524 527 
5 -524 528 
5 -524 529 
5 -524 530 
5 -531 532 
5 -531 533 
5 -531 534 
5 -531 535 
5 -531 536 
5 -531 537 
5 -538 539 
5 -538 540 
5 -538 541 
5 -538 542 
5 -538 543 
5 -538 544 
5 -545 546 
5 -545 547 
5 -545 548 
5 -545 549 
5 -545 550 
5 -545 551 
5 -552 553 
5 -552 554 
5 -552 555 
5 -552 556 
5 -552 557 
5 -552 558 
5 -559 560 
5 -559 561 
5 -559 562 
5 -559 563 
5 -559 564 
5 -559 565 
5 -559 566 
5 -567 568 
5 -567 569 
5 -567 570 
5 -567 571 
5 -567 572 
5 -567 573 
5 -567 574 
5 -575 576 
5 -575 577 
5 -575 578 
5 -575 579 
5 -575 580 
5 -575 581 
5 -575 582 
5 -583 584 
5 -583 585 
5 -583 586 
5 -583 587 
5 -583 588 
5 -583 589 
5 -583 590 
5 -591 592 
5 -591 593 
5 -591 594 
5 -591 595 
5 -591 596 
5 -591 597 
5 -591 598 
5 -599 600 
5 -599 601 
5 -599 602 
5 -599 603 
5 -599 604 
5 -599 605 
5 -599 606 
5 -607 608 
5 -607 609 
5 -607 610 
5 -607 611 
5 -607 612 
5 -607 613 
5 -607 614 
5 -615 616 
5 -615 617 
5 -615 618 
5 -615 619 
5 -615 620 
5 -615 621 
5 -615 622 
5 -623 624 
5 -623 625 
5 -623 626 
5 -623 627 
5 -623 628 
5 -623 629 
5 -623 630 
5 -623 631 
5 -632 633 
5 -632 634 
5 -632 635 
5 -632 636 
5 -632 637 
5 -632 638 
5 -632 639 
5 -632 640 
5 -641 642 
5 -641 643 
5 -641 644 
5 -641 645 
5 -641 646 
5 -641 647 
5 -641 648 
5 -641 649 
5 -650 651 
5 -650 652 
5 -650 653 
5 -650 654 
5 -650 655 
5 -650 656 
5 -650 657 
5 -650 658 
5 -659 660 
5 -659 661 
5 -659 662 
5 -659 663 
5 -659 664 
5 -659 665 
5 -659 666 
5 -659 667 
5 -668 669 
5 -668 670 
5 -668 671 
5 -668 672 
5 -668 673 
5 -668 674 
5 -668 675 
5 -668 676 
5 -677 678 
5 -677 679 
5 -677 680 
5 -677 681 
5 -677 682 
5 -677 683 
5 -677 684 
5 -677 685 
5 -686 687 
5 -686 688 
5 -686 689 
5 -686 690 
5 -686 691 
5 -686 692 
5 -686 693 
5 -686 694 
5 -695 696 
5 -695 697 
5 -695 698 
5 -695 699 
5 -695 700 
5 -695 701 
5 -695 702 
5 -695 703 
5 -695 704 
5 -705 706 
5 -705 707 
5 -705 708 
5 -705 709 
5 -705 710 
5 -705 711 
5 -705 712 
5 -705 713 
5 -705 714 
5 -715 716 
5 -715 717 
5 -715 718 
5 -715 719 
5 -715 720 
5 -715 721 
5 -715 722 
5 -715 723 
5 -715 724 
5 -725 726 
5 -725 727 
5 -725 728 
5 -725 729 
5 -725 730 
5 -725 731 
5 -725 732 
5 -725 733 
5 -725 734 
5 -735 736 
5 -735 737 
5 -735 738 
5 -735 739 
5 -735 740 
5 -735 741 
5 -735 742 
5 -735 743 
5 -735 744 
5 -745 746 
5 -745 747 
5 -745 748 
5 -745 749 
5 -745 750 
5 -745 751 
5 -745 752 
5 -745 753 
5 -745 754 
5 -755 756 
5 -755 757 
5 -755 758 
5 -755 759 
5 -755 760 
5 -755 761 
5 -755 762 
5 -755 763 
5 -755 764 
5 -765 766 
5 -765 767 
5 -765 768 
5 -765 769 
5 -765 770 
5 -765 771 
5 -765 772 
5 -765 773 
5 -765 774 
5 -775 776 
5 -775 777 
5 -775 778 
5 -775 779 
5 -775 780 
5 -775 781 
5 -775 782 
5 -775 783 
5 -775 784 
5 -775 785 
5 -786 787 
5 -786 788 
5 -786 789 
5 -786 790 
5 -786 791 
5 -786 792 
5 -786 793 
5 -786 794 
5 -786 795 
5 -786 796 
5 -797 798 
5 -797 799 
5 -797 800 
5 -797 801 
5 -797 802 
5 -797 803 
5 -797 804 
5 -797 805 
5 -797 806 
5 -797 807 
5 -808 809 
5 -808 810 
5 -808 811 
5 -808 812 
5 -808 813 
5 -808 814 
5 -808 815 
5 -808 816 
5 -808 817 
5 -808 818 
5 -819 820 
5 -819 821 
5 -819 822 
5 -819 823 
5 -819 824 
5 -819 825 
5 -819 826 
5 -819 827 
5 -819 828 
5 -819 829 
5 -830 831 
5 -830 832 
5 -830 833 
5 -830 834 
5 -830 835 
5 -830 836 
5 -830 837 
5 -830 838 
5 -830 839 
5 -830 840 
5 -841 842 
5 -841 843 
5 -841 844 
5 -841 845 
5 -841 846 
5 -841 847 
5 -841 848 
5 -841 849 
5 -841 850 
5 -841 851 
5 -852 853 
5 -852 854 
5 -852 855 
5 -852 856 
5 -852 857 
5 -852 858 
5 -852 859 
5 -852 860 
5 -852 861 
5 -852 862 
5 -863 864 
5 -863 865 
5 -863 866 
5 -863 867 
5 -868 869 
5 -868 870 
5 -868 871 
5 -868 872 
5 -873 874 
5 -873 875 
5 -873 876 
5 -873 877 
5 -878 879 
5 -878 880 
5 -878 881 
5 -878 882 
5 -883 884 
5 -883 885 
5 -883 886 
5 -883 887 
5 -888 889 
5 -888 890 
5 -888 891 
5 -888 892 
5 -893 894 
5 -893 895 
5 -893 896 
5 -893 897 
5 -898 899 
5 -898 900 
5 -898 901 
5 -898 902 
5 -898 903 
5 -904 905 
5 -904 906 
5 -904 907 
5 -904 908 
5 -904 909 
5 -910 911 
5 -910 912 
5 -910 913 
5 -910 914 
5 -910 915 
5 -916 917 
5 -916 918 
5 -916 919 
5 -916 920 
5 -916 921 
5 -922 923 
5 -922 924 
5 -922 925 
5 -922 926 
5 -922 927 
5 -928 929 
5 -928 930 
5 -928 931 
5 -928 932 
5 -928 933 
5 -934 935 
5 -934 936 
5 -934 937 
5 -934 938 
5 -934 939 
5 -940 941 
5 -940 942 
5 -940 943 
5 -940 944 
5 -940 945 
5 -940 946 
5 -947 948 
5 -947 949 
5 -947 950 
5 -947 951 
5 -947 952 
5 -947 953 
5 -954 955 
5 -954 956 
5 -954 957 
5 -954 958 
5 -954 959 
5 -954 960 
5 -961 962 
5 -961 963 
5 -961 964 
5 -961 965 
5 -961 966 
5 -961 967 
5 -968 969 
5 -968 970 
5 -968 971 
5 -968 972 
5 -968 973 
5 -968 974 
5 -975 976 
5 -975 977 
5 -975 978 
5 -975 979 
5 -975 980 
5 -975 981 
5 -982 983 
5 -982 984 
5 -982 985 
5 -982 986 
5 -982 987 
5 -982 988 
5 -989 990 
5 -989 991 
5 -989 992 
5 -989 993 
5 -989 994 
5 -989 995 
5 -989 996 
5 -997 998 
5 -997 999 
5 -997 1000 
5 -997 1001 
5 -997 1002 
5 -997 1003 
5 -997 1004 
5 -1005 1006 
5 -1005 1007 
5 -1005 1008 
5 -1005 1009 
5 -1005 1010 
5 -1005 1011 
5 -1005 1012 
5 -1013 1014 
5 -1013 1015 
5 -1013 1016 
5 -1013 1017 
5 -1013 1018 
5 -1013 1019 
5 -1013 1020 
5 -1021 1022 
5 -1021 1023 
5 -1021 1024 
5 -1021 1025 
5 -1021 1026 
5 -1021 1027 
5 -1021 1028 
5 -1029 1030 
5 -1029 1031 
5 -1029 1032 
5 -1029 1033 
5 -1029 1034 
5 -1029 1035 
5 -1029 1036 
5 -1037 1038 
5 -1037 1039 
5 -1037 1040 
5 -1037 1041 
5 -1037 1042 
5 -1037 1043 
5 -1037 1044 
5 -1045 1046 
5 -1045 1047 
5 -1045 1048 
5 -1045 1049 
5 -1045 1050 
5 -1045 1051 
5 -1045 1052 
5 -1045 1053 
5 -1054 1055 
5 -1054 1056 
5 -1054 1057 
5 -1054 1058 
5 -1054 1059 
5 -1054 1060 
5 -1054 1061 
5 -1054 1062 
5 -1063 1064 
5 -1063 1065 
5 -1063 1066 
5 -1063 1067 
5 -1063 1068 
5 -1063 1069 
5 -1063 1070 
5 -1063 1071 
5 -1072 1073 
5 -1072 1074 
5 -1072 1075 
5 -1072 1076 
5 -1072 1077 
5 -1072 1078 
5 -1072 1079 
5 -1072 1080 
5 -1081 1082 
5 -1081 1083 
5 -1081 1084 
5 -1081 1085 
5 -1081 1086 
5 -1081 1087 
5 -1081 1088 
5 -1081 1089 
5 -1090 1091 
5 -1090 1092 
5 -1090 1093 
5 -1090 1094 
5 -1090 1095 
5 -1090 1096 
5 -1090 1097 
5 -1090 1098 
5 -1099 1100 
5 -1099 1101 
5 -1099 1102 
5 -1099 1103 
5 -1099 1104 
5 -1099 1105 
5 -1099 1106 
5 -1099 1107 
5 -1108 1109 
5 -1108 1110 
5 -1108 1111 
5 -1108 1112 
5 -1108 1113 
5 -1108 1114 
5 -1108 1115 
5 -1108 1116 
5 -1108 1117 
5 -1118 1119 
5 -1118 1120 
5 -1118 1121 
5 -1118 1122 
5 -1118 1123 
5 -1118 1124 
5 -1118 1125 
5 -1118 1126 
5 -1118 1127 
5 -1128 1129 
5 -1128 1130 
5 -1128 1131 
5 -1128 1132 
5 -1128 1133 
5 -1128 1134 
5 -1128 1135 
5 -1128 1136 
5 -1128 1137 
5 -1138 1139 
5 -1138 1140 
5 -1138 1141 
5 -1138 1142 
5 -1138 1143 
5 -1138 1144 
5 -1138 1145 
5 -1138 1146 
5 -1138 1147 
5 -1148 1149 
5 -1148 1150 
5 -1148 1151 
5 -1148 1152 
5 -1148 1153 
5 -1148 1154 
5 -1148 1155 
5 -1148 1156 
5 -1148 1157 
5 -1158 1159 
5 -1158 1160 
5 -1158 1161 
5 -1158 1162 
5 -1158 1163 
5 -1158 1164 
5 -1158 1165 
5 -1158 1166 
5 -1158 1167 
5 -1168 1169 
5 -1168 1170 
5 -1168 1171 
5 -1168 1172 
5 -1168 1173 
5 -1168 1174 
5 -1168 1175 
5 -1168 1176 
5 -1168 1177 
5 -1178 1179 
5 -1178 1180 
5 -1178 1181 
5 -1178 1182 
5 -1183 1184 
5 -1183 1185 
5 -1183 1186 
5 -1183 1187 
5 -1188 1189 
5 -1188 1190 
5 -1188 1191 
5 -1188 1192 
5 -1193 1194 
5 -1193 1195 
5 -1193 1196 
5 -1193 1197 
5 -1198 1199 
5 -1198 1200 
5 -1198 1201 
5 -1198 1202 
5 -1203 1204 
5 -1203 1205 
5 -1203 1206 
5 -1203 1207 
5 -1208 1209 
5 -1208 1210 
5 -1208 1211 
5 -1208 1212 
5 -1208 1213 
5 -1214 1215 
5 -1214 1216 
5 -1214 1217 
5 -1214 1218 
5 -1214 1219 
5 -1220 1221 
5 -1220 1222 
5 -1220 1223 
5 -1220 1224 
5 -1220 1225 
5 -1226 1227 
5 -1226 1228 
5 -1226 1229 
5 -1226 1230 
5 -1226 1231 
5 -1232 1233 
5 -1232 1234 
5 -1232 1235 
5 -1232 1236 
5 -1232 1237 
5 -1238 1239 
5 -1238 1240 
5 -1238 1241 
5 -1238 1242 
5 -1238 1243 
5 -1244 1245 
5 -1244 1246 
5 -1244 1247 
5 -1244 1248 
5 -1244 1249 
5 -1244 1250 
5 -1251 1252 
5 -1251 1253 
5 -1251 1254 
5 -1251 1255 
5 -1251 1256 
5 -1251 1257 
5 -1258 1259 
5 -1258 1260 
5 -1258 1261 
5 -1258 1262 
5 -1258 1263 
5 -1258 1264 
5 -1265 1266 
5 -1265 1267 
5 -1265 1268 
5 -1265 1269 
5 -1265 1270 
5 -1265 1271 
5 -1272 1273 
5 -1272 1274 
5 -1272 1275 
5 -1272 1276 
5 -1272 1277 
5 -1272 1278 
5 -1279 1280 
5 -1279 1281 
5 -1279 1282 
5 -1279 1283 
5 -1279 1284 
5 -1279 1285 
5 -1286 1287 
5 -1286 1288 
5 -1286 1289 
5 -1286 1290 
5 -1286 1291 
5 -1286 1292 
5 -1286 1293 
5 -1294 1295 
5 -1294 1296 
5 -1294 1297 
5 -1294 1298 
5 -1294 1299 
5 -1294 1300 
5 -1294 1301 
5 -1302 1303 
5 -1302 1304 
5 -1302 1305 
5 -1302 1306 
5 -1302 1307 
5 -1302 1308 
5 -1302 1309 
5 -1310 1311 
5 -1310 1312 
5 -1310 1313 
5 -1310 1314 
5 -1310 1315 
5 -1310 1316 
5 -1310 1317 
5 -1318 1319 
5 -1318 1320 
5 -1318 1321 
5 -1318 1322 
5 -1318 1323 
5 -1318 1324 
5 -1318 1325 
5 -1326 1327 
5 -1326 1328 
5 -1326 1329 
5 -1326 1330 
5 -1326 1331 
5 -1326 1332 
5 -1326 1333 
5 -1334 1335 
5 -1334 1336 
5 -1334 1337 
5 -1334 1338 
5 -1334 1339 
5 -1334 1340 
5 -1334 1341 
5 -1334 1342 
5 -1343 1344 
5 -1343 1345 
5 -1343 1346 
5 -1343 1347 
5 -1343 1348 
5 -1343 1349 
5 -1343 1350 
5 -1343 1351 
5 -1352 1353 
5 -1352 1354 
5 -1352 1355 
5 -1352 1356 
5 -1352 1357 
5 -1352 1358 
5 -1352 1359 
5 -1352 1360 
5 -1361 1362 
5 -1361 1363 
5 -1361 1364 
5 -1361 1365 
5 -1361 1366 
5 -1361 1367 
5 -1361 1368 
5 -1361 1369 
5 -1370 1371 
5 -1370 1372 
5 -1370 1373 
5 -1370 1374 
5 -1370 1375 
5 -1370 1376 
5 -1370 1377 
5 -1370 1378 
5 -1379 1380 
5 -1379 1381 
5 -1379 1382 
5 -1379 1383 
5 -1379 1384 
5 -1379 1385 
5 -1379 1386 
5 -1379 1387 
5 -1388 1389 
5 -1388 1390 
5 -1388 1391 
5 -1388 1392 
5 -1393 1394 
5 -1393 1395 
5 -1393 1396 
5 -1393 1397 
5 -1398 1399 
5 -1398 1400 
5 -1398 1401 
5 -1398 1402 
5 -1403 1404 
5 -1403 1405 
5 -1403 1406 
5 -1403 1407 
5 -1408 1409 
5 -1408 1410 
5 -1408 1411 
5 -1408 1412 
5 -1413 1414 
5 -1413 1415 
5 -1413 1416 
5 -1413 1417 
5 -1413 1418 
5 -1419 1420 
5 -1419 1421 
5 -1419 1422 
5 -1419 1423 
5 -1419 1424 
5 -1425 1426 
5 -1425 1427 
5 -1425 1428 
5 -1425 1429 
5 -1425 1430 
5 -1431 1432 
5 -1431 1433 
5 -1431 1434 
5 -1431 1435 
5 -1431 1436 
5 -1437 1438 
5 -1437 1439 
5 -1437 1440 
5 -1437 1441 
5 -1437 1442 
5 -1443 1444 
5 -1443 1445 
5 -1443 1446 
5 -1443 1447 
5 -1443 1448 
5 -1443 1449 
5 -1450 1451 
5 -1450 1452 
5 -1450 1453 
5 -1450 1454 
5 -1450 1455 
5 -1450 1456 
5 -1457 1458 
5 -1457 1459 
5 -1457 1460 
5 -1457 1461 
5 -1457 1462 
5 -1457 1463 
5 -1464 1465 
5 -1464 1466 
5 -1464 1467 
5 -1464 1468 
5 -1464 1469 
5 -1464 1470 
5 -1471 1472 
5 -1471 1473 
5 -1471 1474 
5 -1471 1475 
5 -1471 1476 
5 -1471 1477 
5 -1478 1479 
5 -1478 1480 
5 -1478 1481 
5 -1478 1482 
5 -1478 1483 
5 -1478 1484 
5 -1478 1485 
5 -1486 1487 
5 -1486 1488 
5 -1486 1489 
5 -1486 1490 
5 -1486 1491 
5 -1486 1492 
5 -1486 1493 
5 -1494 1495 
5 -1494 1496 
5 -1494 1497 
5 -1494 1498 
5 -1494 1499 
5 -1494 1500 
5 -1494 1501 
5 -1502 1503 
5 -1502 1504 
5 -1502 1505 
5 -1502 1506 
5 -1502 1507 
5 -1502 1508 
5 -1502 1509 
5 -1510 1511 
5 -1510 1512 
5 -1510 1513 
5 -1510 1514 
5 -1510 1515 
5 -1510 1516 
5 -1510 1517 
5 -1518 1519 
5 -1518 1520 
5 -1518 1521 
5 -1518 1522 
5 -1523 1524 
5 -1523 1525 
5 -1523 1526 
5 -1523 1527 
5 -1528 1529 
5 -1528 1530 
5 -1528 1531 
5 -1528 1532 
5 -1533 1534 
5 -1533 1535 
5 -1533 1536 
5 -1533 1537 
5 -1538 1539 
5 -1538 1540 
5 -1538 1541 
5 -1538 1542 
5 -1538 1543 
5 -1544 1545 
5 -1544 1546 
5 -1544 1547 
5 -1544 1548 
5 -1544 1549 
5 -1550 1551 
5 -1550 1552 
5 -1550 1553 
5 -1550 1554 
5 -1550 1555 
5 -1556 1557 
5 -1556 1558 
5 -1556 1559 
5 -1556 1560 
5 -1556 1561 
5 -1562 1563 
5 -1562 1564 
5 -1562 1565 
5 -1562 1566 
5 -1562 1567 
5 -1562 1568 
5 -1569 1570 
5 -1569 1571 
5 -1569 1572 
5 -1569 1573 
5 -1569 1574 
5 -1569 1575 
5 -1576 1577 
5 -1576 1578 
5 -1576 1579 
5 -1576 1580 
5 -1576 1581 
5 -1576 1582 
5 -1583 1584 
5 -1583 1585 
5 -1583 1586 
5 -1583 1587 
5 -1583 1588 
5 -1583 1589 
5 -1590 1591 
5 -1590 1592 
5 -1590 1593 
5 -1590 1594 
5 -1595 1596 
5 -1595 1597 
5 -1595 1598 
5 -1595 1599 
5 -1600 1601 
5 -1600 1602 
5 -1600 1603 
5 -1600 1604 
5 -1605 1606 
5 -1605 1607 
5 -1605 1608 
5 -1605 1609 
5 -1605 1610 
5 -1611 1612 
5 -1611 1613 
5 -1611 1614 
5 -1611 1615 
5 -1611 1616 
5 -1617 1618 
5 -1617 1619 
5 -1617 1620 
5 -1617 1621 
5 -1617 1622 
5 -1623 1624 
5 -1623 1625 
5 -1623 1626 
5 -1623 1627 
5 -1628 1629 
5 -1628 1630 
5 -1628 1631 
5 -1628 1632 
5 -1633 1634 
5 -1635 1636 
5 -1637 1638 
5 -1639 1640 
5 -1641 1642 
5 -1643 1644 
5 -1645 1646 
5 -1647 1648 
5 -1649 1650 
5 -1651 1652 
5 -1651 1653 
5 -1654 1655 
5 -1654 1656 
5 -1657 1658 
5 -1657 1659 
5 -1660 1661 
5 -1660 1662 
5 -1663 1664 
5 -1663 1665 
5 -1666 1667 
5 -1666 1668 
5 -1669 1670 
5 -1669 1671 
5 -1672 1673 
5 -1672 1674 
5 -1675 1676 
5 -1675 1677 
5 -1678 1679 
5 -1678 1680 
5 -1678 1681 
5 -1682 1683 
5 -1682 1684 
5 -1682 1685 
5 -1686 1687 
5 -1686 1688 
5 -1686 1689 
5 -1690 1691 
5 -1690 1692 
5 -1690 1693 
5 -1694 1695 
5 -1694 1696 
5 -1694 1697 
5 -1698 1699 
5 -1698 1700 
5 -1698 1701 
5 -1702 1703 
5 -1702 1704 
5 -1702 1705 
5 -1706 1707 
5 -1706 1708 
5 -1706 1709 
5 -1710 1711 
5 -1710 1712 
5 -1710 1713 
5 -1714 1715 
5 -1714 1716 
5 -1714 1717 
5 -1714 1718 
5 -1719 1720 
5 -1719 1721 
5 -1719 1722 
5 -1719 1723 
5 -1724 1725 
5 -1724 1726 
5 -1724 1727 
5 -1724 1728 
5 -1729 1730 
5 -1729 1731 
5 -1729 1732 
5 -1729 1733 
5 -1734 1735 
5 -1734 1736 
5 -1734 1737 
5 -1734 1738 
5 -1739 1740 
5 -1739 1741 
5 -1739 1742 
5 -1739 1743 
5 -1744 1745 
5 -1744 1746 
5 -1744 1747 
5 -1744 1748 
5 -1749 1750 
5 -1749 1751 
5 -1749 1752 
5 -1749 1753 
5 -1754 1755 
5 -1754 1756 
5 -1754 1757 
5 -1754 1758 
5 -1759 1760 
5 -1759 1761 
5 -1759 1762 
5 -1759 1763 
5 -1764 1765 
5 -1764 1766 
5 -1764 1767 
5 -1764 1768 
5 -1769 1770 
5 -1769 1771 
5 -1769 1772 
5 -1769 1773 
5 -1774 1775 
5 -1774 1776 
5 -1774 1777 
5 -1774 1778 
5 -1779 1780 
5 -1779 1781 
5 -1779 1782 
5 -1779 1783 
5 -1784 1785 
5 -1784 1786 
5 -1784 1787 
5 -1784 1788 
5 -1789 1790 
5 -1789 1791 
5 -1789 1792 
5 -1789 1793 
5 -1794 1795 
5 -1794 1796 
5 -1794 1797 
5 -1794 1798 
5 -1799 1800 
5 -1799 1801 
5 -1799 1802 
5 -1799 1803 
5 -1799 1804 
5 -1805 1806 
5 -1805 1807 
5 -1805 1808 
5 -1805 1809 
5 -1805 1810 
5 -1811 1812 
5 -1811 1813 
5 -1811 1814 
5 -1811 1815 
5 -1811 1816 
5 -1817 1818 
5 -1817 1819 
5 -1817 1820 
5 -1817 1821 
5 -1817 1822 
5 -1823 1824 
5 -1823 1825 
5 -1823 1826 
5 -1823 1827 
5 -1823 1828 
5 -1829 1830 
5 -1829 1831 
5 -1829 1832 
5 -1829 1833 
5 -1829 1834 
5 -1835 1836 
5 -1835 1837 
5 -1835 1838 
5 -1835 1839 
5 -1835 1840 
5 -1841 1842 
5 -1841 1843 
5 -1841 1844 
5 -1841 1845 
5 -1841 1846 
5 -1847 1848 
5 -1847 1849 
5 -1847 1850 
5 -1847 1851 
5 -1847 1852 
5 -1847 1853 
5 -1854 1855 
5 -1854 1856 
5 -1854 1857 
5 -1854 1858 
5 -1854 1859 
5 -1854 1860 
5 -1861 1862 
5 -1861 1863 
5 -1861 1864 
5 -1861 1865 
5 -1861 1866 
5 -1861 1867 
5 -1868 1869 
5 -1868 1870 
5 -1868 1871 
5 -1868 1872 
5 -1868 1873 
5 -1868 1874 
5 -1875 1876 
5 -1875 1877 
5 -1875 1878 
5 -1875 1879 
5 -1875 1880 
5 -1875 1881 
5 -1882 1883 
5 -1882 1884 
5 -1882 1885 
5 -1882 1886 
5 -1882 1887 
5 -1882 1888 
5 -1889 1890 
5 -1889 1891 
5 -1889 1892 
5 -1889 1893 
5 -1889 1894 
5 -1889 1895 
5 -1896 1897 
5 -1896 1898 
5 -1896 1899 
5 -1896 1900 
5 -1896 1901 
5 -1896 1902 
5 -1903 1904 
5 -1903 1905 
5 -1903 1906 
5 -1903 1907 
5 -1908 1909 
5 -1908 1910 
5 -1908 1911 
5 -1908 1912 
5 -1913 1914 
5 -1913 1915 
5 -1913 1916 
5 -1913 1917 
5 -1918 1919 
5 -1918 1920 
5 -1918 1921 
5 -1918 1922 
5 -1923 1924 
5 -1923 1925 
5 -1923 1926 
5 -1923 1927 
5 -1928 1929 
5 -1928 1930 
5 -1928 1931 
5 -1928 1932 
5 -1933 1934 
5 -1933 1935 
5 -1933 1936 
5 -1933 1937 
5 -1938 1939 
5 -1938 1940 
5 -1938 1941 
5 -1938 1942 
5 -1938 1943 
5 -1944 1945 
5 -1944 1946 
5 -1944 1947 
5 -1944 1948 
5 -1944 1949 
5 -1950 1951 
5 -1950 1952 
5 -1950 1953 
5 -1950 1954 
5 -1950 1955 
5 -1956 1957 
5 -1956 1958 
5 -1956 1959 
5 -1956 1960 
5 -1956 1961 
5 -1962 1963 
5 -1962 1964 
5 -1962 1965 
5 -1962 1966 
5 -1962 1967 
5 -1968 1969 
5 -1968 1970 
5 -1968 1971 
5 -1968 1972 
5 -1968 1973 
5 -1974 1975 
5 -1974 1976 
5 -1974 1977 
5 -1974 1978 
5 -1974 1979 
5 -1980 1981 
5 -1980 1982 
5 -1980 1983 
5 -1980 1984 
5 -1985 1986 
5 -1985 1987 
5 -1985 1988 
5 -1985 1989 
5 -1990 1991 
5 -1990 1992 
5 -1990 1993 
5 -1990 1994 
5 -1995 1996 
5 -1995 1997 
5 -1995 1998 
5 -1995 1999 
5 -2000 2001 
5 -2000 2002 
5 -2000 2003 
5 -2000 2004 
5 -2005 2006 
5 -2005 2007 
5 -2005 2008 
5 -2005 2009 
5 -2010 2011 
5 -2012 2013 
5 -2014 2015 
5 -2016 2017 
5 -2018 2019 
1 2019 
2 2017 
3 2015 
4 2013 
5 2011 
