p wcnf 2220 2217 10
10 -10 1 
10 -12 1 
10 -14 1 
10 -16 1 
10 -18 1 
10 -20 1 
10 -22 1 
10 -24 1 
10 -26 1 
10 -28 1 
10 -31 1 
10 -34 1 
10 -37 1 
10 -40 1 
10 -43 1 
10 -46 1 
10 -49 1 
10 -52 1 
10 -55 1 
10 -59 1 
10 -63 1 
10 -67 1 
10 -71 1 
10 -75 1 
10 -79 1 
10 -83 1 
10 -87 1 
10 -91 1 
10 -96 1 
10 -101 1 
10 -106 1 
10 -111 1 
10 -116 1 
10 -121 1 
10 -126 1 
10 -131 1 
10 -136 1 
10 -142 1 
10 -148 1 
10 -154 1 
10 -160 1 
10 -166 1 
10 -172 1 
10 -178 1 
10 -184 1 
10 -190 1 
10 -197 1 
10 -204 1 
10 -211 1 
10 -218 1 
10 -225 1 
10 -232 1 
10 -239 1 
10 -246 1 
10 -253 1 
10 -261 1 
10 -269 1 
10 -277 1 
10 -285 1 
10 -293 1 
10 -301 1 
10 -309 1 
10 -317 1 
10 -325 1 
10 -334 1 
10 -343 1 
10 -352 1 
10 -361 1 
10 -370 1 
10 -379 1 
10 -388 1 
10 -397 1 
10 -406 10 
10 -412 10 
10 -418 10 
10 -424 10 
10 -430 10 
10 -436 10 
10 -442 10 
10 -448 10 
10 -454 10 
10 -461 10 
10 -468 10 
10 -475 10 
10 -482 10 
10 -489 10 
10 -496 10 
10 -503 10 
10 -510 10 
10 -518 10 
10 -526 10 
10 -534 10 
10 -542 10 
10 -550 10 
10 -558 10 
10 -566 10 
10 -574 10 
10 -583 10 
10 -592 10 
10 -601 10 
10 -610 10 
10 -619 10 
10 -628 10 
10 -637 10 
10 -646 10 
10 -656 10 
10 -666 10 
10 -676 10 
10 -686 10 
10 -696 10 
10 -706 10 
10 -716 10 
10 -726 10 
10 -737 10 
10 -748 10 
10 -759 10 
10 -770 10 
10 -781 10 
10 -792 10 
10 -803 10 
10 -814 10 
10 -826 10 
10 -838 10 
10 -850 10 
10 -862 10 
10 -874 10 
10 -886 10 
10 -898 10 
10 -910 28 406 412 418 424 430 436 442 448 
10 -916 28 406 412 418 424 430 436 442 448 
10 -922 28 406 412 418 424 430 436 442 448 
10 -928 28 406 412 418 424 430 436 442 448 
10 -934 28 406 412 418 424 430 436 442 448 
10 -940 28 406 412 418 424 430 436 442 448 
10 -946 28 406 412 418 424 430 436 442 448 
10 -952 28 406 412 418 424 430 436 442 448 
10 -959 28 406 412 418 424 430 436 442 448 
10 -966 28 406 412 418 424 430 436 442 448 
10 -973 28 406 412 418 424 430 436 442 448 
10 -980 28 406 412 418 424 430 436 442 448 
10 -987 28 406 412 418 424 430 436 442 448 
10 -994 28 406 412 418 424 430 436 442 448 
10 -1001 28 406 412 418 424 430 436 442 448 
10 -1009 28 406 412 418 424 430 436 442 448 
10 -1017 28 406 412 418 424 430 436 442 448 
10 -1025 28 406 412 418 424 430 436 442 448 
10 -1033 28 406 412 418 424 430 436 442 448 
10 -1041 28 406 412 418 424 430 436 442 448 
10 -1049 28 406 412 418 424 430 436 442 448 
10 -1057 28 406 412 418 424 430 436 442 448 
10 -1066 28 406 412 418 424 430 436 442 448 
10 -1075 28 406 412 418 424 430 436 442 448 
10 -1084 28 406 412 418 424 430 436 442 448 
10 -1093 28 406 412 418 424 430 436 442 448 
10 -1102 28 406 412 418 424 430 436 442 448 
10 -1111 28 406 412 418 424 430 436 442 448 
10 -1120 28 406 412 418 424 430 436 442 448 
10 -1130 28 406 412 418 424 430 436 442 448 
10 -1140 28 406 412 418 424 430 436 442 448 
10 -1150 28 406 412 418 424 430 436 442 448 
10 -1160 28 406 412 418 424 430 436 442 448 
10 -1170 28 406 412 418 424 430 436 442 448 
10 -1180 28 406 412 418 424 430 436 442 448 
10 -1190 28 406 412 418 424 430 436 442 448 
10 -1201 28 406 412 418 424 430 436 442 448 
10 -1212 28 406 412 418 424 430 436 442 448 
10 -1223 28 406 412 418 424 430 436 442 448 
10 -1234 28 406 412 418 424 430 436 442 448 
10 -1245 28 406 412 418 424 430 436 442 448 
10 -1256 28 406 412 418 424 430 436 442 448 
10 -1267 55 454 461 468 475 482 489 496 503 910 916 922 928 934 940 946 
10 -1273 55 454 461 468 475 482 489 496 503 910 916 922 928 934 940 946 
10 -1279 55 454 461 468 475 482 489 496 503 910 916 922 928 934 940 946 
10 -1285 55 454 461 468 475 482 489 496 503 910 916 922 928 934 940 946 
10 -1291 55 454 461 468 475 482 489 496 503 910 916 922 928 934 940 946 
10 -1297 55 454 461 468 475 482 489 496 503 910 916 922 928 934 940 946 
10 -1303 55 454 461 468 475 482 489 496 503 910 916 922 928 934 940 946 
10 -1310 55 454 461 468 475 482 489 496 503 910 916 922 928 934 940 946 
10 -1317 55 454 461 468 475 482 489 496 503 910 916 922 928 934 940 946 
10 -1324 55 454 461 468 475 482 489 496 503 910 916 922 928 934 940 946 
10 -1331 55 454 461 468 475 482 489 496 503 910 916 922 928 934 940 946 
10 -1338 55 454 461 468 475 482 489 496 503 910 916 922 928 934 940 946 
10 -1345 55 454 461 468 475 482 489 496 503 910 916 922 928 934 940 946 
10 -1353 55 454 461 468 475 482 489 496 503 910 916 922 928 934 940 946 
10 -1361 55 454 461 468 475 482 489 496 503 910 916 922 928 934 940 946 
10 -1369 55 454 461 468 475 482 489 496 503 910 916 922 928 934 940 946 
10 -1377 55 454 461 468 475 482 489 496 503 910 916 922 928 934 940 946 
10 -1385 55 454 461 468 475 482 489 496 503 910 916 922 928 934 940 946 
10 -1393 55 454 461 468 475 482 489 496 503 910 916 922 928 934 940 946 
10 -1402 55 454 461 468 475 482 489 496 503 910 916 922 928 934 940 946 
10 -1411 55 454 461 468 475 482 489 496 503 910 916 922 928 934 940 946 
10 -1420 55 454 461 468 475 482 489 496 503 910 916 922 928 934 940 946 
10 -1429 55 454 461 468 475 482 489 496 503 910 916 922 928 934 940 946 
10 -1438 55 454 461 468 475 482 489 496 503 910 916 922 928 934 940 946 
10 -1447 55 454 461 468 475 482 489 496 503 910 916 922 928 934 940 946 
10 -1457 55 454 461 468 475 482 489 496 503 910 916 922 928 934 940 946 
10 -1467 55 454 461 468 475 482 489 496 503 910 916 922 928 934 940 946 
10 -1477 55 454 461 468 475 482 489 496 503 910 916 922 928 934 940 946 
10 -1487 55 454 461 468 475 482 489 496 503 910 916 922 928 934 940 946 
10 -1497 55 454 461 468 475 482 489 496 503 910 916 922 928 934 940 946 
10 -1507 91 510 518 526 534 542 550 558 566 952 959 966 973 980 987 994 1267 1273 1279 1285 1291 1297 
10 -1513 91 510 518 526 534 542 550 558 566 952 959 966 973 980 987 994 1267 1273 1279 1285 1291 1297 
10 -1519 91 510 518 526 534 542 550 558 566 952 959 966 973 980 987 994 1267 1273 1279 1285 1291 1297 
10 -1525 91 510 518 526 534 542 550 558 566 952 959 966 973 980 987 994 1267 1273 1279 1285 1291 1297 
10 -1531 91 510 518 526 534 542 550 558 566 952 959 966 973 980 987 994 1267 1273 1279 1285 1291 1297 
10 -1537 91 510 518 526 534 542 550 558 566 952 959 966 973 980 987 994 1267 1273 1279 1285 1291 1297 
10 -1544 91 510 518 526 534 542 550 558 566 952 959 966 973 980 987 994 1267 1273 1279 1285 1291 1297 
10 -1551 91 510 518 526 534 542 550 558 566 952 959 966 973 980 987 994 1267 1273 1279 1285 1291 1297 
10 -1558 91 510 518 526 534 542 550 558 566 952 959 966 973 980 987 994 1267 1273 1279 1285 1291 1297 
10 -1565 91 510 518 526 534 542 550 558 566 952 959 966 973 980 987 994 1267 1273 1279 1285 1291 1297 
10 -1572 91 510 518 526 534 542 550 558 566 952 959 966 973 980 987 994 1267 1273 1279 1285 1291 1297 
10 -1580 91 510 518 526 534 542 550 558 566 952 959 966 973 980 987 994 1267 1273 1279 1285 1291 1297 
10 -1588 91 510 518 526 534 542 550 558 566 952 959 966 973 980 987 994 1267 1273 1279 1285 1291 1297 
10 -1596 91 510 518 526 534 542 550 558 566 952 959 966 973 980 987 994 1267 1273 1279 1285 1291 1297 
10 -1604 91 510 518 526 534 542 550 558 566 952 959 966 973 980 987 994 1267 1273 1279 1285 1291 1297 
10 -1612 91 510 518 526 534 542 550 558 566 952 959 966 973 980 987 994 1267 1273 1279 1285 1291 1297 
10 -1621 91 510 518 526 534 542 550 558 566 952 959 966 973 980 987 994 1267 1273 1279 1285 1291 1297 
10 -1630 91 510 518 526 534 542 550 558 566 952 959 966 973 980 987 994 1267 1273 1279 1285 1291 1297 
10 -1639 91 510 518 526 534 542 550 558 566 952 959 966 973 980 987 994 1267 1273 1279 1285 1291 1297 
10 -1648 91 510 518 526 534 542 550 558 566 952 959 966 973 980 987 994 1267 1273 1279 1285 1291 1297 
10 -1657 136 574 583 592 601 610 619 628 637 1001 1009 1017 1025 1033 1041 1049 1303 1310 1317 1324 1331 1338 
10 -1663 136 574 583 592 601 610 619 628 637 1001 1009 1017 1025 1033 1041 1049 1303 1310 1317 1324 1331 1338 
10 -1669 136 574 583 592 601 610 619 628 637 1001 1009 1017 1025 1033 1041 1049 1303 1310 1317 1324 1331 1338 
10 -1675 136 574 583 592 601 610 619 628 637 1001 1009 1017 1025 1033 1041 1049 1303 1310 1317 1324 1331 1338 
10 -1681 136 574 583 592 601 610 619 628 637 1001 1009 1017 1025 1033 1041 1049 1303 1310 1317 1324 1331 1338 
10 -1688 136 574 583 592 601 610 619 628 637 1001 1009 1017 1025 1033 1041 1049 1303 1310 1317 1324 1331 1338 
10 -1695 136 574 583 592 601 610 619 628 637 1001 1009 1017 1025 1033 1041 1049 1303 1310 1317 1324 1331 1338 
10 -1702 136 574 583 592 601 610 619 628 637 1001 1009 1017 1025 1033 1041 1049 1303 1310 1317 1324 1331 1338 
10 -1709 136 574 583 592 601 610 619 628 637 1001 1009 1017 1025 1033 1041 1049 1303 1310 1317 1324 1331 1338 
10 -1717 136 574 583 592 601 610 619 628 637 1001 1009 1017 1025 1033 1041 1049 1303 1310 1317 1324 1331 1338 
10 -1725 136 574 583 592 601 610 619 628 637 1001 1009 1017 1025 1033 1041 1049 1303 1310 1317 1324 1331 1338 
10 -1733 136 574 583 592 601 610 619 628 637 1001 1009 1017 1025 1033 1041 1049 1303 1310 1317 1324 1331 1338 
10 -1741 190 646 656 666 676 686 696 706 716 1057 1066 1075 1084 1093 1102 1111 1345 1353 1361 1369 1377 1385 
10 -1747 190 646 656 666 676 686 696 706 716 1057 1066 1075 1084 1093 1102 1111 1345 1353 1361 1369 1377 1385 
10 -1753 190 646 656 666 676 686 696 706 716 1057 1066 1075 1084 1093 1102 1111 1345 1353 1361 1369 1377 1385 
10 -1759 190 646 656 666 676 686 696 706 716 1057 1066 1075 1084 1093 1102 1111 1345 1353 1361 1369 1377 1385 
10 -1766 190 646 656 666 676 686 696 706 716 1057 1066 1075 1084 1093 1102 1111 1345 1353 1361 1369 1377 1385 
10 -1773 190 646 656 666 676 686 696 706 716 1057 1066 1075 1084 1093 1102 1111 1345 1353 1361 1369 1377 1385 
10 -1780 253 726 737 748 759 770 781 792 803 1120 1130 1140 1150 1160 1170 1180 1393 1402 1411 1420 1429 1438 
10 -1786 253 726 737 748 759 770 781 792 803 1120 1130 1140 1150 1160 1170 1180 1393 1402 1411 1420 1429 1438 
10 -1792 1 
10 -1794 1 
10 -1796 1 
10 -1798 1 
10 -1800 1 
10 -1802 1 
10 -1804 1 
10 -1806 1 
10 -1808 1 
10 -1810 1 
10 -1813 1 
10 -1816 1 
10 -1819 1 
10 -1822 1 
10 -1825 1 
10 -1828 1 
10 -1831 1 
10 -1834 1 
10 -1837 1 
10 -1841 1 
10 -1845 1 
10 -1849 1 
10 -1853 1 
10 -1857 1 
10 -1861 1 
10 -1865 1 
10 -1869 1 
10 -1873 1 
10 -1878 1 
10 -1883 1 
10 -1888 1 
10 -1893 1 
10 -1898 1 
10 -1903 1 
10 -1908 1 
10 -1913 1 
10 -1918 1792 
10 -1924 1792 
10 -1930 1792 
10 -1936 1792 
10 -1942 1792 
10 -1948 1792 
10 -1954 1792 
10 -1960 1792 
10 -1966 1792 
10 -1973 1792 
10 -1980 1792 
10 -1987 1792 
10 -1994 1792 
10 -2001 1792 
10 -2008 1792 
10 -2015 1792 
10 -2022 1792 
10 -2030 1792 
10 -2038 1792 
10 -2046 1792 
10 -2054 1792 
10 -2062 1792 
10 -2070 1792 
10 -2078 1792 
10 -2086 1810 1918 1924 1930 1936 1942 1948 1954 1960 
10 -2092 1810 1918 1924 1930 1936 1942 1948 1954 1960 
10 -2098 1810 1918 1924 1930 1936 1942 1948 1954 1960 
10 -2104 1810 1918 1924 1930 1936 1942 1948 1954 1960 
10 -2110 1810 1918 1924 1930 1936 1942 1948 1954 1960 
10 -2116 1810 1918 1924 1930 1936 1942 1948 1954 1960 
10 -2122 1810 1918 1924 1930 1936 1942 1948 1954 1960 
10 -2128 1810 1918 1924 1930 1936 1942 1948 1954 1960 
10 -2135 1810 1918 1924 1930 1936 1942 1948 1954 1960 
10 -2142 1810 1918 1924 1930 1936 1942 1948 1954 1960 
10 -2149 1810 1918 1924 1930 1936 1942 1948 1954 1960 
10 -2156 1810 1918 1924 1930 1936 1942 1948 1954 1960 
10 -2163 1810 1918 1924 1930 1936 1942 1948 1954 1960 
10 -2170 1810 1918 1924 1930 1936 1942 1948 1954 1960 
10 -2177 1837 1966 1973 1980 1987 1994 2001 2008 2015 2086 2092 2098 2104 2110 2116 2122 
10 -2183 1837 1966 1973 1980 1987 1994 2001 2008 2015 2086 2092 2098 2104 2110 2116 2122 
10 -2189 1837 1966 1973 1980 1987 1994 2001 2008 2015 2086 2092 2098 2104 2110 2116 2122 
10 -2195 1837 1966 1973 1980 1987 1994 2001 2008 2015 2086 2092 2098 2104 2110 2116 2122 
10 -2201 1837 1966 1973 1980 1987 1994 2001 2008 2015 2086 2092 2098 2104 2110 2116 2122 
10 -2207 1837 1966 1973 1980 1987 1994 2001 2008 2015 2086 2092 2098 2104 2110 2116 2122 
10 -2213 325 334 343 352 361 370 379 388 397 814 826 838 850 862 874 886 898 1190 1201 1212 1223 1234 1245 1256 1447 1457 1467 1477 1487 1497 1612 1621 1630 1639 1648 1709 1717 1725 1733 1759 1766 1773 1780 1786 1873 2022 2030 2038 2046 2054 2062 2070 2078 2128 2135 2142 2149 2156 2163 2170 2177 2183 2189 2195 2201 2207 
10 -2214 325 334 343 352 361 370 379 388 397 814 826 838 850 862 874 886 898 1190 1201 1212 1223 1234 1245 1256 1447 1457 1467 1477 1487 1497 1612 1621 1630 1639 1648 1709 1717 1725 1733 1759 1766 1773 1780 1786 1873 2022 2030 2038 2046 2054 2062 2070 2078 2128 2135 2142 2149 2156 2163 2170 2177 2183 2189 2195 2201 2207 
10 -2215 325 334 343 352 361 370 379 388 397 814 826 838 850 862 874 886 898 1190 1201 1212 1223 1234 1245 1256 1447 1457 1467 1477 1487 1497 1612 1621 1630 1639 1648 1709 1717 1725 1733 1759 1766 1773 1780 1786 1873 2022 2030 2038 2046 2054 2062 2070 2078 2128 2135 2142 2149 2156 2163 2170 2177 2183 2189 2195 2201 2207 
10 -2216 325 334 343 352 361 370 379 388 397 814 826 838 850 862 874 886 898 1190 1201 1212 1223 1234 1245 1256 1447 1457 1467 1477 1487 1497 1612 1621 1630 1639 1648 1709 1717 1725 1733 1759 1766 1773 1780 1786 1873 2022 2030 2038 2046 2054 2062 2070 2078 2128 2135 2142 2149 2156 2163 2170 2177 2183 2189 2195 2201 2207 
10 -2217 325 334 343 352 361 370 379 388 397 814 826 838 850 862 874 886 898 1190 1201 1212 1223 1234 1245 1256 1447 1457 1467 1477 1487 1497 1612 1621 1630 1639 1648 1709 1717 1725 1733 1759 1766 1773 1780 1786 1873 2022 2030 2038 2046 2054 2062 2070 2078 2128 2135 2142 2149 2156 2163 2170 2177 2183 2189 2195 2201 2207 
10 10 12 14 16 18 20 22 24 26 28 31 34 37 40 43 46 49 52 55 59 63 67 71 75 79 83 87 91 96 101 106 111 116 121 126 131 136 142 148 154 160 166 172 178 184 190 197 204 211 218 225 232 239 246 253 261 269 277 285 293 301 309 317 325 334 343 352 361 370 379 388 397 
10 10 12 14 16 18 20 22 24 26 28 31 34 37 40 43 46 49 52 55 59 63 67 71 75 79 83 87 91 96 101 106 111 116 121 126 131 136 142 148 154 160 166 172 178 184 190 197 204 211 218 225 232 239 246 253 261 269 277 285 293 301 309 317 325 334 343 352 361 370 379 388 397 406 412 418 424 430 436 442 448 454 461 468 475 482 489 496 503 510 518 526 534 542 550 558 566 574 583 592 601 610 619 628 637 646 656 666 676 686 696 706 716 726 737 748 759 770 781 792 803 814 826 838 850 862 874 886 898 
10 28 31 34 37 40 43 46 49 52 55 59 63 67 71 75 79 83 87 91 96 101 106 111 116 121 126 131 136 142 148 154 160 166 172 178 184 190 197 204 211 218 225 232 239 246 253 261 269 277 285 293 301 309 317 325 334 343 352 361 370 379 388 397 406 412 418 424 430 436 442 448 454 461 468 475 482 489 496 503 510 518 526 534 542 550 558 566 574 583 592 601 610 619 628 637 646 656 666 676 686 696 706 716 726 737 748 759 770 781 792 803 814 826 838 850 862 874 886 898 910 916 922 928 934 940 946 952 959 966 973 980 987 994 1001 1009 1017 1025 1033 1041 1049 1057 1066 1075 1084 1093 1102 1111 1120 1130 1140 1150 1160 1170 1180 1190 1201 1212 1223 1234 1245 1256 
10 55 59 63 67 71 75 79 83 87 91 96 101 106 111 116 121 126 131 136 142 148 154 160 166 172 178 184 190 197 204 211 218 225 232 239 246 253 261 269 277 285 293 301 309 317 325 334 343 352 361 370 379 388 397 406 412 418 424 430 436 442 448 454 461 468 475 482 489 496 503 510 518 526 534 542 550 558 566 574 583 592 601 610 619 628 637 646 656 666 676 686 696 706 716 726 737 748 759 770 781 792 803 814 826 838 850 862 874 886 898 910 916 922 928 934 940 946 952 959 966 973 980 987 994 1001 1009 1017 1025 1033 1041 1049 1057 1066 1075 1084 1093 1102 1111 1120 1130 1140 1150 1160 1170 1180 1190 1201 1212 1223 1234 1245 1256 1267 1273 1279 1285 1291 1297 1303 1310 1317 1324 1331 1338 1345 1353 1361 1369 1377 1385 1393 1402 1411 1420 1429 1438 1447 1457 1467 1477 1487 1497 
10 91 96 101 106 111 116 121 126 131 136 142 148 154 160 166 172 178 184 190 197 204 211 218 225 232 239 246 253 261 269 277 285 293 301 309 317 325 334 343 352 361 370 379 388 397 406 412 418 424 430 436 442 448 454 461 468 475 482 489 496 503 510 518 526 534 542 550 558 566 574 583 592 601 610 619 628 637 646 656 666 676 686 696 706 716 726 737 748 759 770 781 792 803 814 826 838 850 862 874 886 898 910 916 922 928 934 940 946 952 959 966 973 980 987 994 1001 1009 1017 1025 1033 1041 1049 1057 1066 1075 1084 1093 1102 1111 1120 1130 1140 1150 1160 1170 1180 1190 1201 1212 1223 1234 1245 1256 1267 1273 1279 1285 1291 1297 1303 1310 1317 1324 1331 1338 1345 1353 1361 1369 1377 1385 1393 1402 1411 1420 1429 1438 1447 1457 1467 1477 1487 1497 1507 1513 1519 1525 1531 1537 1544 1551 1558 1565 1572 1580 1588 1596 1604 1612 1621 1630 1639 1648 
10 136 142 148 154 160 166 172 178 184 190 197 204 211 218 225 232 239 246 253 261 269 277 285 293 301 309 317 325 334 343 352 361 370 379 388 397 406 412 418 424 430 436 442 448 454 461 468 475 482 489 496 503 510 518 526 534 542 550 558 566 574 583 592 601 610 619 628 637 646 656 666 676 686 696 706 716 726 737 748 759 770 781 792 803 814 826 838 850 862 874 886 898 910 916 922 928 934 940 946 952 959 966 973 980 987 994 1001 1009 1017 1025 1033 1041 1049 1057 1066 1075 1084 1093 1102 1111 1120 1130 1140 1150 1160 1170 1180 1190 1201 1212 1223 1234 1245 1256 1267 1273 1279 1285 1291 1297 1303 1310 1317 1324 1331 1338 1345 1353 1361 1369 1377 1385 1393 1402 1411 1420 1429 1438 1447 1457 1467 1477 1487 1497 1507 1513 1519 1525 1531 1537 1544 1551 1558 1565 1572 1580 1588 1596 1604 1612 1621 1630 1639 1648 1657 1663 1669 1675 1681 1688 1695 1702 1709 1717 1725 1733 
10 190 197 204 211 218 225 232 239 246 253 261 269 277 285 293 301 309 317 325 334 343 352 361 370 379 388 397 406 412 418 424 430 436 442 448 454 461 468 475 482 489 496 503 510 518 526 534 542 550 558 566 574 583 592 601 610 619 628 637 646 656 666 676 686 696 706 716 726 737 748 759 770 781 792 803 814 826 838 850 862 874 886 898 910 916 922 928 934 940 946 952 959 966 973 980 987 994 1001 1009 1017 1025 1033 1041 1049 1057 1066 1075 1084 1093 1102 1111 1120 1130 1140 1150 1160 1170 1180 1190 1201 1212 1223 1234 1245 1256 1267 1273 1279 1285 1291 1297 1303 1310 1317 1324 1331 1338 1345 1353 1361 1369 1377 1385 1393 1402 1411 1420 1429 1438 1447 1457 1467 1477 1487 1497 1507 1513 1519 1525 1531 1537 1544 1551 1558 1565 1572 1580 1588 1596 1604 1612 1621 1630 1639 1648 1657 1663 1669 1675 1681 1688 1695 1702 1709 1717 1725 1733 1741 1747 1753 1759 1766 1773 
10 253 261 269 277 285 293 301 309 317 325 334 343 352 361 370 379 388 397 454 461 468 475 482 489 496 503 510 518 526 534 542 550 558 566 574 583 592 601 610 619 628 637 646 656 666 676 686 696 706 716 726 737 748 759 770 781 792 803 814 826 838 850 862 874 886 898 910 916 922 928 934 940 946 952 959 966 973 980 987 994 1001 1009 1017 1025 1033 1041 1049 1057 1066 1075 1084 1093 1102 1111 1120 1130 1140 1150 1160 1170 1180 1190 1201 1212 1223 1234 1245 1256 1267 1273 1279 1285 1291 1297 1303 1310 1317 1324 1331 1338 1345 1353 1361 1369 1377 1385 1393 1402 1411 1420 1429 1438 1447 1457 1467 1477 1487 1497 1507 1513 1519 1525 1531 1537 1544 1551 1558 1565 1572 1580 1588 1596 1604 1612 1621 1630 1639 1648 1657 1663 1669 1675 1681 1688 1695 1702 1709 1717 1725 1733 1741 1747 1753 1759 1766 1773 1780 1786 
10 1792 1794 1796 1798 1800 1802 1804 1806 1808 1810 1813 1816 1819 1822 1825 1828 1831 1834 1837 1841 1845 1849 1853 1857 1861 1865 1869 1873 1878 1883 1888 1893 1898 1903 1908 1913 
10 1792 1794 1796 1798 1800 1802 1804 1806 1808 1810 1813 1816 1819 1822 1825 1828 1831 1834 1837 1841 1845 1849 1853 1857 1861 1865 1869 1873 1878 1883 1888 1893 1898 1903 1908 1913 1918 1924 1930 1936 1942 1948 1954 1960 1966 1973 1980 1987 1994 2001 2008 2015 2022 2030 2038 2046 2054 2062 2070 2078 
10 1810 1813 1816 1819 1822 1825 1828 1831 1834 1837 1841 1845 1849 1853 1857 1861 1865 1869 1873 1878 1883 1888 1893 1898 1903 1908 1913 1918 1924 1930 1936 1942 1948 1954 1960 1966 1973 1980 1987 1994 2001 2008 2015 2022 2030 2038 2046 2054 2062 2070 2078 2086 2092 2098 2104 2110 2116 2122 2128 2135 2142 2149 2156 2163 2170 
10 1837 1841 1845 1849 1853 1857 1861 1865 1869 1873 1878 1883 1888 1893 1898 1903 1908 1913 1918 1924 1930 1936 1942 1948 1954 1960 1966 1973 1980 1987 1994 2001 2008 2015 2022 2030 2038 2046 2054 2062 2070 2078 2086 2092 2098 2104 2110 2116 2122 2128 2135 2142 2149 2156 2163 2170 2177 2183 2189 2195 2201 2207 
10 -10 11 
10 -12 13 
10 -14 15 
10 -16 17 
10 -18 19 
10 -20 21 
10 -22 23 
10 -24 25 
10 -26 27 
10 -28 29 
10 -28 30 
10 -31 32 
10 -31 33 
10 -34 35 
10 -34 36 
10 -37 38 
10 -37 39 
10 -40 41 
10 -40 42 
10 -43 44 
10 -43 45 
10 -46 47 
10 -46 48 
10 -49 50 
10 -49 51 
10 -52 53 
10 -52 54 
10 -55 56 
10 -55 57 
10 -55 58 
10 -59 60 
10 -59 61 
10 -59 62 
10 -63 64 
10 -63 65 
10 -63 66 
10 -67 68 
10 -67 69 
10 -67 70 
10 -71 72 
10 -71 73 
10 -71 74 
10 -75 76 
10 -75 77 
10 -75 78 
10 -79 80 
10 -79 81 
10 -79 82 
10 -83 84 
10 -83 85 
10 -83 86 
10 -87 88 
10 -87 89 
10 -87 90 
10 -91 92 
10 -91 93 
10 -91 94 
10 -91 95 
10 -96 97 
10 -96 98 
10 -96 99 
10 -96 100 
10 -101 102 
10 -101 103 
10 -101 104 
10 -101 105 
10 -106 107 
10 -106 108 
10 -106 109 
10 -106 110 
10 -111 112 
10 -111 113 
10 -111 114 
10 -111 115 
10 -116 117 
10 -116 118 
10 -116 119 
10 -116 120 
10 -121 122 
10 -121 123 
10 -121 124 
10 -121 125 
10 -126 127 
10 -126 128 
10 -126 129 
10 -126 130 
10 -131 132 
10 -131 133 
10 -131 134 
10 -131 135 
10 -136 137 
10 -136 138 
10 -136 139 
10 -136 140 
10 -136 141 
10 -142 143 
10 -142 144 
10 -142 145 
10 -142 146 
10 -142 147 
10 -148 149 
10 -148 150 
10 -148 151 
10 -148 152 
10 -148 153 
10 -154 155 
10 -154 156 
10 -154 157 
10 -154 158 
10 -154 159 
10 -160 161 
10 -160 162 
10 -160 163 
10 -160 164 
10 -160 165 
10 -166 167 
10 -166 168 
10 -166 169 
10 -166 170 
10 -166 171 
10 -172 173 
10 -172 174 
10 -172 175 
10 -172 176 
10 -172 177 
10 -178 179 
10 -178 180 
10 -178 181 
10 -178 182 
10 -178 183 
10 -184 185 
10 -184 186 
10 -184 187 
10 -184 188 
10 -184 189 
10 -190 191 
10 -190 192 
10 -190 193 
10 -190 194 
10 -190 195 
10 -190 196 
10 -197 198 
10 -197 199 
10 -197 200 
10 -197 201 
10 -197 202 
10 -197 203 
10 -204 205 
10 -204 206 
10 -204 207 
10 -204 208 
10 -204 209 
10 -204 210 
10 -211 212 
10 -211 213 
10 -211 214 
10 -211 215 
10 -211 216 
10 -211 217 
10 -218 219 
10 -218 220 
10 -218 221 
10 -218 222 
10 -218 223 
10 -218 224 
10 -225 226 
10 -225 227 
10 -225 228 
10 -225 229 
10 -225 230 
10 -225 231 
10 -232 233 
10 -232 234 
10 -232 235 
10 -232 236 
10 -232 237 
10 -232 238 
10 -239 240 
10 -239 241 
10 -239 242 
10 -239 243 
10 -239 244 
10 -239 245 
10 -246 247 
10 -246 248 
10 -246 249 
10 -246 250 
10 -246 251 
10 -246 252 
10 -253 254 
10 -253 255 
10 -253 256 
10 -253 257 
10 -253 258 
10 -253 259 
10 -253 260 
10 -261 262 
10 -261 263 
10 -261 264 
10 -261 265 
10 -261 266 
10 -261 267 
10 -261 268 
10 -269 270 
10 -269 271 
10 -269 272 
10 -269 273 
10 -269 274 
10 -269 275 
10 -269 276 
10 -277 278 
10 -277 279 
10 -277 280 
10 -277 281 
10 -277 282 
10 -277 283 
10 -277 284 
10 -285 286 
10 -285 287 
10 -285 288 
10 -285 289 
10 -285 290 
10 -285 291 
10 -285 292 
10 -293 294 
10 -293 295 
10 -293 296 
10 -293 297 
10 -293 298 
10 -293 299 
10 -293 300 
10 -301 302 
10 -301 303 
10 -301 304 
10 -301 305 
10 -301 306 
10 -301 307 
10 -301 308 
10 -309 310 
10 -309 311 
10 -309 312 
10 -309 313 
10 -309 314 
10 -309 315 
10 -309 316 
10 -317 318 
10 -317 319 
10 -317 320 
10 -317 321 
10 -317 322 
10 -317 323 
10 -317 324 
10 -325 326 
10 -325 327 
10 -325 328 
10 -325 329 
10 -325 330 
10 -325 331 
10 -325 332 
10 -325 333 
10 -334 335 
10 -334 336 
10 -334 337 
10 -334 338 
10 -334 339 
10 -334 340 
10 -334 341 
10 -334 342 
10 -343 344 
10 -343 345 
10 -343 346 
10 -343 347 
10 -343 348 
10 -343 349 
10 -343 350 
10 -343 351 
10 -352 353 
10 -352 354 
10 -352 355 
10 -352 356 
10 -352 357 
10 -352 358 
10 -352 359 
10 -352 360 
10 -361 362 
10 -361 363 
10 -361 364 
10 -361 365 
10 -361 366 
10 -361 367 
10 -361 368 
10 -361 369 
10 -370 371 
10 -370 372 
10 -370 373 
10 -370 374 
10 -370 375 
10 -370 376 
10 -370 377 
10 -370 378 
10 -379 380 
10 -379 381 
10 -379 382 
10 -379 383 
10 -379 384 
10 -379 385 
10 -379 386 
10 -379 387 
10 -388 389 
10 -388 390 
10 -388 391 
10 -388 392 
10 -388 393 
10 -388 394 
10 -388 395 
10 -388 396 
10 -397 398 
10 -397 399 
10 -397 400 
10 -397 401 
10 -397 402 
10 -397 403 
10 -397 404 
10 -397 405 
10 -406 407 
10 -406 408 
10 -406 409 
10 -406 410 
10 -406 411 
10 -412 413 
10 -412 414 
10 -412 415 
10 -412 416 
10 -412 417 
10 -418 419 
10 -418 420 
10 -418 421 
10 -418 422 
10 -418 423 
10 -424 425 
10 -424 426 
10 -424 427 
10 -424 428 
10 -424 429 
10 -430 431 
10 -430 432 
10 -430 433 
10 -430 434 
10 -430 435 
10 -436 437 
10 -436 438 
10 -436 439 
10 -436 440 
10 -436 441 
10 -442 443 
10 -442 444 
10 -442 445 
10 -442 446 
10 -442 447 
10 -448 449 
10 -448 450 
10 -448 451 
10 -448 452 
10 -448 453 
10 -454 455 
10 -454 456 
10 -454 457 
10 -454 458 
10 -454 459 
10 -454 460 
10 -461 462 
10 -461 463 
10 -461 464 
10 -461 465 
10 -461 466 
10 -461 467 
10 -468 469 
10 -468 470 
10 -468 471 
10 -468 472 
10 -468 473 
10 -468 474 
10 -475 476 
10 -475 477 
10 -475 478 
10 -475 479 
10 -475 480 
10 -475 481 
10 -482 483 
10 -482 484 
10 -482 485 
10 -482 486 
10 -482 487 
10 -482 488 
10 -489 490 
10 -489 491 
10 -489 492 
10 -489 493 
10 -489 494 
10 -489 495 
10 -496 497 
10 -496 498 
10 -496 499 
10 -496 500 
10 -496 501 
10 -496 502 
10 -503 504 
10 -503 505 
10 -503 506 
10 -503 507 
10 -503 508 
10 -503 509 
10 -510 511 
10 -510 512 
10 -510 513 
10 -510 514 
10 -510 515 
10 -510 516 
10 -510 517 
10 -518 519 
10 -518 520 
10 -518 521 
10 -518 522 
10 -518 523 
10 -518 524 
10 -518 525 
10 -526 527 
10 -526 528 
10 -526 529 
10 -526 530 
10 -526 531 
10 -526 532 
10 -526 533 
10 -534 535 
10 -534 536 
10 -534 537 
10 -534 538 
10 -534 539 
10 -534 540 
10 -534 541 
10 -542 543 
10 -542 544 
10 -542 545 
10 -542 546 
10 -542 547 
10 -542 548 
10 -542 549 
10 -550 551 
10 -550 552 
10 -550 553 
10 -550 554 
10 -550 555 
10 -550 556 
10 -550 557 
10 -558 559 
10 -558 560 
10 -558 561 
10 -558 562 
10 -558 563 
10 -558 564 
10 -558 565 
10 -566 567 
10 -566 568 
10 -566 569 
10 -566 570 
10 -566 571 
10 -566 572 
10 -566 573 
10 -574 575 
10 -574 576 
10 -574 577 
10 -574 578 
10 -574 579 
10 -574 580 
10 -574 581 
10 -574 582 
10 -583 584 
10 -583 585 
10 -583 586 
10 -583 587 
10 -583 588 
10 -583 589 
10 -583 590 
10 -583 591 
10 -592 593 
10 -592 594 
10 -592 595 
10 -592 596 
10 -592 597 
10 -592 598 
10 -592 599 
10 -592 600 
10 -601 602 
10 -601 603 
10 -601 604 
10 -601 605 
10 -601 606 
10 -601 607 
10 -601 608 
10 -601 609 
10 -610 611 
10 -610 612 
10 -610 613 
10 -610 614 
10 -610 615 
10 -610 616 
10 -610 617 
10 -610 618 
10 -619 620 
10 -619 621 
10 -619 622 
10 -619 623 
10 -619 624 
10 -619 625 
10 -619 626 
10 -619 627 
10 -628 629 
10 -628 630 
10 -628 631 
10 -628 632 
10 -628 633 
10 -628 634 
10 -628 635 
10 -628 636 
10 -637 638 
10 -637 639 
10 -637 640 
10 -637 641 
10 -637 642 
10 -637 643 
10 -637 644 
10 -637 645 
10 -646 647 
10 -646 648 
10 -646 649 
10 -646 650 
10 -646 651 
10 -646 652 
10 -646 653 
10 -646 654 
10 -646 655 
10 -656 657 
10 -656 658 
10 -656 659 
10 -656 660 
10 -656 661 
10 -656 662 
10 -656 663 
10 -656 664 
10 -656 665 
10 -666 667 
10 -666 668 
10 -666 669 
10 -666 670 
10 -666 671 
10 -666 672 
10 -666 673 
10 -666 674 
10 -666 675 
10 -676 677 
10 -676 678 
10 -676 679 
10 -676 680 
10 -676 681 
10 -676 682 
10 -676 683 
10 -676 684 
10 -676 685 
10 -686 687 
10 -686 688 
10 -686 689 
10 -686 690 
10 -686 691 
10 -686 692 
10 -686 693 
10 -686 694 
10 -686 695 
10 -696 697 
10 -696 698 
10 -696 699 
10 -696 700 
10 -696 701 
10 -696 702 
10 -696 703 
10 -696 704 
10 -696 705 
10 -706 707 
10 -706 708 
10 -706 709 
10 -706 710 
10 -706 711 
10 -706 712 
10 -706 713 
10 -706 714 
10 -706 715 
10 -716 717 
10 -716 718 
10 -716 719 
10 -716 720 
10 -716 721 
10 -716 722 
10 -716 723 
10 -716 724 
10 -716 725 
10 -726 727 
10 -726 728 
10 -726 729 
10 -726 730 
10 -726 731 
10 -726 732 
10 -726 733 
10 -726 734 
10 -726 735 
10 -726 736 
10 -737 738 
10 -737 739 
10 -737 740 
10 -737 741 
10 -737 742 
10 -737 743 
10 -737 744 
10 -737 745 
10 -737 746 
10 -737 747 
10 -748 749 
10 -748 750 
10 -748 751 
10 -748 752 
10 -748 753 
10 -748 754 
10 -748 755 
10 -748 756 
10 -748 757 
10 -748 758 
10 -759 760 
10 -759 761 
10 -759 762 
10 -759 763 
10 -759 764 
10 -759 765 
10 -759 766 
10 -759 767 
10 -759 768 
10 -759 769 
10 -770 771 
10 -770 772 
10 -770 773 
10 -770 774 
10 -770 775 
10 -770 776 
10 -770 777 
10 -770 778 
10 -770 779 
10 -770 780 
10 -781 782 
10 -781 783 
10 -781 784 
10 -781 785 
10 -781 786 
10 -781 787 
10 -781 788 
10 -781 789 
10 -781 790 
10 -781 791 
10 -792 793 
10 -792 794 
10 -792 795 
10 -792 796 
10 -792 797 
10 -792 798 
10 -792 799 
10 -792 800 
10 -792 801 
10 -792 802 
10 -803 804 
10 -803 805 
10 -803 806 
10 -803 807 
10 -803 808 
10 -803 809 
10 -803 810 
10 -803 811 
10 -803 812 
10 -803 813 
10 -814 815 
10 -814 816 
10 -814 817 
10 -814 818 
10 -814 819 
10 -814 820 
10 -814 821 
10 -814 822 
10 -814 823 
10 -814 824 
10 -814 825 
10 -826 827 
10 -826 828 
10 -826 829 
10 -826 830 
10 -826 831 
10 -826 832 
10 -826 833 
10 -826 834 
10 -826 835 
10 -826 836 
10 -826 837 
10 -838 839 
10 -838 840 
10 -838 841 
10 -838 842 
10 -838 843 
10 -838 844 
10 -838 845 
10 -838 846 
10 -838 847 
10 -838 848 
10 -838 849 
10 -850 851 
10 -850 852 
10 -850 853 
10 -850 854 
10 -850 855 
10 -850 856 
10 -850 857 
10 -850 858 
10 -850 859 
10 -850 860 
10 -850 861 
10 -862 863 
10 -862 864 
10 -862 865 
10 -862 866 
10 -862 867 
10 -862 868 
10 -862 869 
10 -862 870 
10 -862 871 
10 -862 872 
10 -862 873 
10 -874 875 
10 -874 876 
10 -874 877 
10 -874 878 
10 -874 879 
10 -874 880 
10 -874 881 
10 -874 882 
10 -874 883 
10 -874 884 
10 -874 885 
10 -886 887 
10 -886 888 
10 -886 889 
10 -886 890 
10 -886 891 
10 -886 892 
10 -886 893 
10 -886 894 
10 -886 895 
10 -886 896 
10 -886 897 
10 -898 899 
10 -898 900 
10 -898 901 
10 -898 902 
10 -898 903 
10 -898 904 
10 -898 905 
10 -898 906 
10 -898 907 
10 -898 908 
10 -898 909 
10 -910 911 
10 -910 912 
10 -910 913 
10 -910 914 
10 -910 915 
10 -916 917 
10 -916 918 
10 -916 919 
10 -916 920 
10 -916 921 
10 -922 923 
10 -922 924 
10 -922 925 
10 -922 926 
10 -922 927 
10 -928 929 
10 -928 930 
10 -928 931 
10 -928 932 
10 -928 933 
10 -934 935 
10 -934 936 
10 -934 937 
10 -934 938 
10 -934 939 
10 -940 941 
10 -940 942 
10 -940 943 
10 -940 944 
10 -940 945 
10 -946 947 
10 -946 948 
10 -946 949 
10 -946 950 
10 -946 951 
10 -952 953 
10 -952 954 
10 -952 955 
10 -952 956 
10 -952 957 
10 -952 958 
10 -959 960 
10 -959 961 
10 -959 962 
10 -959 963 
10 -959 964 
10 -959 965 
10 -966 967 
10 -966 968 
10 -966 969 
10 -966 970 
10 -966 971 
10 -966 972 
10 -973 974 
10 -973 975 
10 -973 976 
10 -973 977 
10 -973 978 
10 -973 979 
10 -980 981 
10 -980 982 
10 -980 983 
10 -980 984 
10 -980 985 
10 -980 986 
10 -987 988 
10 -987 989 
10 -987 990 
10 -987 991 
10 -987 992 
10 -987 993 
10 -994 995 
10 -994 996 
10 -994 997 
10 -994 998 
10 -994 999 
10 -994 1000 
10 -1001 1002 
10 -1001 1003 
10 -1001 1004 
10 -1001 1005 
10 -1001 1006 
10 -1001 1007 
10 -1001 1008 
10 -1009 1010 
10 -1009 1011 
10 -1009 1012 
10 -1009 1013 
10 -1009 1014 
10 -1009 1015 
10 -1009 1016 
10 -1017 1018 
10 -1017 1019 
10 -1017 1020 
10 -1017 1021 
10 -1017 1022 
10 -1017 1023 
10 -1017 1024 
10 -1025 1026 
10 -1025 1027 
10 -1025 1028 
10 -1025 1029 
10 -1025 1030 
10 -1025 1031 
10 -1025 1032 
10 -1033 1034 
10 -1033 1035 
10 -1033 1036 
10 -1033 1037 
10 -1033 1038 
10 -1033 1039 
10 -1033 1040 
10 -1041 1042 
10 -1041 1043 
10 -1041 1044 
10 -1041 1045 
10 -1041 1046 
10 -1041 1047 
10 -1041 1048 
10 -1049 1050 
10 -1049 1051 
10 -1049 1052 
10 -1049 1053 
10 -1049 1054 
10 -1049 1055 
10 -1049 1056 
10 -1057 1058 
10 -1057 1059 
10 -1057 1060 
10 -1057 1061 
10 -1057 1062 
10 -1057 1063 
10 -1057 1064 
10 -1057 1065 
10 -1066 1067 
10 -1066 1068 
10 -1066 1069 
10 -1066 1070 
10 -1066 1071 
10 -1066 1072 
10 -1066 1073 
10 -1066 1074 
10 -1075 1076 
10 -1075 1077 
10 -1075 1078 
10 -1075 1079 
10 -1075 1080 
10 -1075 1081 
10 -1075 1082 
10 -1075 1083 
10 -1084 1085 
10 -1084 1086 
10 -1084 1087 
10 -1084 1088 
10 -1084 1089 
10 -1084 1090 
10 -1084 1091 
10 -1084 1092 
10 -1093 1094 
10 -1093 1095 
10 -1093 1096 
10 -1093 1097 
10 -1093 1098 
10 -1093 1099 
10 -1093 1100 
10 -1093 1101 
10 -1102 1103 
10 -1102 1104 
10 -1102 1105 
10 -1102 1106 
10 -1102 1107 
10 -1102 1108 
10 -1102 1109 
10 -1102 1110 
10 -1111 1112 
10 -1111 1113 
10 -1111 1114 
10 -1111 1115 
10 -1111 1116 
10 -1111 1117 
10 -1111 1118 
10 -1111 1119 
10 -1120 1121 
10 -1120 1122 
10 -1120 1123 
10 -1120 1124 
10 -1120 1125 
10 -1120 1126 
10 -1120 1127 
10 -1120 1128 
10 -1120 1129 
10 -1130 1131 
10 -1130 1132 
10 -1130 1133 
10 -1130 1134 
10 -1130 1135 
10 -1130 1136 
10 -1130 1137 
10 -1130 1138 
10 -1130 1139 
10 -1140 1141 
10 -1140 1142 
10 -1140 1143 
10 -1140 1144 
10 -1140 1145 
10 -1140 1146 
10 -1140 1147 
10 -1140 1148 
10 -1140 1149 
10 -1150 1151 
10 -1150 1152 
10 -1150 1153 
10 -1150 1154 
10 -1150 1155 
10 -1150 1156 
10 -1150 1157 
10 -1150 1158 
10 -1150 1159 
10 -1160 1161 
10 -1160 1162 
10 -1160 1163 
10 -1160 1164 
10 -1160 1165 
10 -1160 1166 
10 -1160 1167 
10 -1160 1168 
10 -1160 1169 
10 -1170 1171 
10 -1170 1172 
10 -1170 1173 
10 -1170 1174 
10 -1170 1175 
10 -1170 1176 
10 -1170 1177 
10 -1170 1178 
10 -1170 1179 
10 -1180 1181 
10 -1180 1182 
10 -1180 1183 
10 -1180 1184 
10 -1180 1185 
10 -1180 1186 
10 -1180 1187 
10 -1180 1188 
10 -1180 1189 
10 -1190 1191 
10 -1190 1192 
10 -1190 1193 
10 -1190 1194 
10 -1190 1195 
10 -1190 1196 
10 -1190 1197 
10 -1190 1198 
10 -1190 1199 
10 -1190 1200 
10 -1201 1202 
10 -1201 1203 
10 -1201 1204 
10 -1201 1205 
10 -1201 1206 
10 -1201 1207 
10 -1201 1208 
10 -1201 1209 
10 -1201 1210 
10 -1201 1211 
10 -1212 1213 
10 -1212 1214 
10 -1212 1215 
10 -1212 1216 
10 -1212 1217 
10 -1212 1218 
10 -1212 1219 
10 -1212 1220 
10 -1212 1221 
10 -1212 1222 
10 -1223 1224 
10 -1223 1225 
10 -1223 1226 
10 -1223 1227 
10 -1223 1228 
10 -1223 1229 
10 -1223 1230 
10 -1223 1231 
10 -1223 1232 
10 -1223 1233 
10 -1234 1235 
10 -1234 1236 
10 -1234 1237 
10 -1234 1238 
10 -1234 1239 
10 -1234 1240 
10 -1234 1241 
10 -1234 1242 
10 -1234 1243 
10 -1234 1244 
10 -1245 1246 
10 -1245 1247 
10 -1245 1248 
10 -1245 1249 
10 -1245 1250 
10 -1245 1251 
10 -1245 1252 
10 -1245 1253 
10 -1245 1254 
10 -1245 1255 
10 -1256 1257 
10 -1256 1258 
10 -1256 1259 
10 -1256 1260 
10 -1256 1261 
10 -1256 1262 
10 -1256 1263 
10 -1256 1264 
10 -1256 1265 
10 -1256 1266 
10 -1267 1268 
10 -1267 1269 
10 -1267 1270 
10 -1267 1271 
10 -1267 1272 
10 -1273 1274 
10 -1273 1275 
10 -1273 1276 
10 -1273 1277 
10 -1273 1278 
10 -1279 1280 
10 -1279 1281 
10 -1279 1282 
10 -1279 1283 
10 -1279 1284 
10 -1285 1286 
10 -1285 1287 
10 -1285 1288 
10 -1285 1289 
10 -1285 1290 
10 -1291 1292 
10 -1291 1293 
10 -1291 1294 
10 -1291 1295 
10 -1291 1296 
10 -1297 1298 
10 -1297 1299 
10 -1297 1300 
10 -1297 1301 
10 -1297 1302 
10 -1303 1304 
10 -1303 1305 
10 -1303 1306 
10 -1303 1307 
10 -1303 1308 
10 -1303 1309 
10 -1310 1311 
10 -1310 1312 
10 -1310 1313 
10 -1310 1314 
10 -1310 1315 
10 -1310 1316 
10 -1317 1318 
10 -1317 1319 
10 -1317 1320 
10 -1317 1321 
10 -1317 1322 
10 -1317 1323 
10 -1324 1325 
10 -1324 1326 
10 -1324 1327 
10 -1324 1328 
10 -1324 1329 
10 -1324 1330 
10 -1331 1332 
10 -1331 1333 
10 -1331 1334 
10 -1331 1335 
10 -1331 1336 
10 -1331 1337 
10 -1338 1339 
10 -1338 1340 
10 -1338 1341 
10 -1338 1342 
10 -1338 1343 
10 -1338 1344 
10 -1345 1346 
10 -1345 1347 
10 -1345 1348 
10 -1345 1349 
10 -1345 1350 
10 -1345 1351 
10 -1345 1352 
10 -1353 1354 
10 -1353 1355 
10 -1353 1356 
10 -1353 1357 
10 -1353 1358 
10 -1353 1359 
10 -1353 1360 
10 -1361 1362 
10 -1361 1363 
10 -1361 1364 
10 -1361 1365 
10 -1361 1366 
10 -1361 1367 
10 -1361 1368 
10 -1369 1370 
10 -1369 1371 
10 -1369 1372 
10 -1369 1373 
10 -1369 1374 
10 -1369 1375 
10 -1369 1376 
10 -1377 1378 
10 -1377 1379 
10 -1377 1380 
10 -1377 1381 
10 -1377 1382 
10 -1377 1383 
10 -1377 1384 
10 -1385 1386 
10 -1385 1387 
10 -1385 1388 
10 -1385 1389 
10 -1385 1390 
10 -1385 1391 
10 -1385 1392 
10 -1393 1394 
10 -1393 1395 
10 -1393 1396 
10 -1393 1397 
10 -1393 1398 
10 -1393 1399 
10 -1393 1400 
10 -1393 1401 
10 -1402 1403 
10 -1402 1404 
10 -1402 1405 
10 -1402 1406 
10 -1402 1407 
10 -1402 1408 
10 -1402 1409 
10 -1402 1410 
10 -1411 1412 
10 -1411 1413 
10 -1411 1414 
10 -1411 1415 
10 -1411 1416 
10 -1411 1417 
10 -1411 1418 
10 -1411 1419 
10 -1420 1421 
10 -1420 1422 
10 -1420 1423 
10 -1420 1424 
10 -1420 1425 
10 -1420 1426 
10 -1420 1427 
10 -1420 1428 
10 -1429 1430 
10 -1429 1431 
10 -1429 1432 
10 -1429 1433 
10 -1429 1434 
10 -1429 1435 
10 -1429 1436 
10 -1429 1437 
10 -1438 1439 
10 -1438 1440 
10 -1438 1441 
10 -1438 1442 
10 -1438 1443 
10 -1438 1444 
10 -1438 1445 
10 -1438 1446 
10 -1447 1448 
10 -1447 1449 
10 -1447 1450 
10 -1447 1451 
10 -1447 1452 
10 -1447 1453 
10 -1447 1454 
10 -1447 1455 
10 -1447 1456 
10 -1457 1458 
10 -1457 1459 
10 -1457 1460 
10 -1457 1461 
10 -1457 1462 
10 -1457 1463 
10 -1457 1464 
10 -1457 1465 
10 -1457 1466 
10 -1467 1468 
10 -1467 1469 
10 -1467 1470 
10 -1467 1471 
10 -1467 1472 
10 -1467 1473 
10 -1467 1474 
10 -1467 1475 
10 -1467 1476 
10 -1477 1478 
10 -1477 1479 
10 -1477 1480 
10 -1477 1481 
10 -1477 1482 
10 -1477 1483 
10 -1477 1484 
10 -1477 1485 
10 -1477 1486 
10 -1487 1488 
10 -1487 1489 
10 -1487 1490 
10 -1487 1491 
10 -1487 1492 
10 -1487 1493 
10 -1487 1494 
10 -1487 1495 
10 -1487 1496 
10 -1497 1498 
10 -1497 1499 
10 -1497 1500 
10 -1497 1501 
10 -1497 1502 
10 -1497 1503 
10 -1497 1504 
10 -1497 1505 
10 -1497 1506 
10 -1507 1508 
10 -1507 1509 
10 -1507 1510 
10 -1507 1511 
10 -1507 1512 
10 -1513 1514 
10 -1513 1515 
10 -1513 1516 
10 -1513 1517 
10 -1513 1518 
10 -1519 1520 
10 -1519 1521 
10 -1519 1522 
10 -1519 1523 
10 -1519 1524 
10 -1525 1526 
10 -1525 1527 
10 -1525 1528 
10 -1525 1529 
10 -1525 1530 
10 -1531 1532 
10 -1531 1533 
10 -1531 1534 
10 -1531 1535 
10 -1531 1536 
10 -1537 1538 
10 -1537 1539 
10 -1537 1540 
10 -1537 1541 
10 -1537 1542 
10 -1537 1543 
10 -1544 1545 
10 -1544 1546 
10 -1544 1547 
10 -1544 1548 
10 -1544 1549 
10 -1544 1550 
10 -1551 1552 
10 -1551 1553 
10 -1551 1554 
10 -1551 1555 
10 -1551 1556 
10 -1551 1557 
10 -1558 1559 
10 -1558 1560 
10 -1558 1561 
10 -1558 1562 
10 -1558 1563 
10 -1558 1564 
10 -1565 1566 
10 -1565 1567 
10 -1565 1568 
10 -1565 1569 
10 -1565 1570 
10 -1565 1571 
10 -1572 1573 
10 -1572 1574 
10 -1572 1575 
10 -1572 1576 
10 -1572 1577 
10 -1572 1578 
10 -1572 1579 
10 -1580 1581 
10 -1580 1582 
10 -1580 1583 
10 -1580 1584 
10 -1580 1585 
10 -1580 1586 
10 -1580 1587 
10 -1588 1589 
10 -1588 1590 
10 -1588 1591 
10 -1588 1592 
10 -1588 1593 
10 -1588 1594 
10 -1588 1595 
10 -1596 1597 
10 -1596 1598 
10 -1596 1599 
10 -1596 1600 
10 -1596 1601 
10 -1596 1602 
10 -1596 1603 
10 -1604 1605 
10 -1604 1606 
10 -1604 1607 
10 -1604 1608 
10 -1604 1609 
10 -1604 1610 
10 -1604 1611 
10 -1612 1613 
10 -1612 1614 
10 -1612 1615 
10 -1612 1616 
10 -1612 1617 
10 -1612 1618 
10 -1612 1619 
10 -1612 1620 
10 -1621 1622 
10 -1621 1623 
10 -1621 1624 
10 -1621 1625 
10 -1621 1626 
10 -1621 1627 
10 -1621 1628 
10 -1621 1629 
10 -1630 1631 
10 -1630 1632 
10 -1630 1633 
10 -1630 1634 
10 -1630 1635 
10 -1630 1636 
10 -1630 1637 
10 -1630 1638 
10 -1639 1640 
10 -1639 1641 
10 -1639 1642 
10 -1639 1643 
10 -1639 1644 
10 -1639 1645 
10 -1639 1646 
10 -1639 1647 
10 -1648 1649 
10 -1648 1650 
10 -1648 1651 
10 -1648 1652 
10 -1648 1653 
10 -1648 1654 
10 -1648 1655 
10 -1648 1656 
10 -1657 1658 
10 -1657 1659 
10 -1657 1660 
10 -1657 1661 
10 -1657 1662 
10 -1663 1664 
10 -1663 1665 
10 -1663 1666 
10 -1663 1667 
10 -1663 1668 
10 -1669 1670 
10 -1669 1671 
10 -1669 1672 
10 -1669 1673 
10 -1669 1674 
10 -1675 1676 
10 -1675 1677 
10 -1675 1678 
10 -1675 1679 
10 -1675 1680 
10 -1681 1682 
10 -1681 1683 
10 -1681 1684 
10 -1681 1685 
10 -1681 1686 
10 -1681 1687 
10 -1688 1689 
10 -1688 1690 
10 -1688 1691 
10 -1688 1692 
10 -1688 1693 
10 -1688 1694 
10 -1695 1696 
10 -1695 1697 
10 -1695 1698 
10 -1695 1699 
10 -1695 1700 
10 -1695 1701 
10 -1702 1703 
10 -1702 1704 
10 -1702 1705 
10 -1702 1706 
10 -1702 1707 
10 -1702 1708 
10 -1709 1710 
10 -1709 1711 
10 -1709 1712 
10 -1709 1713 
10 -1709 1714 
10 -1709 1715 
10 -1709 1716 
10 -1717 1718 
10 -1717 1719 
10 -1717 1720 
10 -1717 1721 
10 -1717 1722 
10 -1717 1723 
10 -1717 1724 
10 -1725 1726 
10 -1725 1727 
10 -1725 1728 
10 -1725 1729 
10 -1725 1730 
10 -1725 1731 
10 -1725 1732 
10 -1733 1734 
10 -1733 1735 
10 -1733 1736 
10 -1733 1737 
10 -1733 1738 
10 -1733 1739 
10 -1733 1740 
10 -1741 1742 
10 -1741 1743 
10 -1741 1744 
10 -1741 1745 
10 -1741 1746 
10 -1747 1748 
10 -1747 1749 
10 -1747 1750 
10 -1747 1751 
10 -1747 1752 
10 -1753 1754 
10 -1753 1755 
10 -1753 1756 
10 -1753 1757 
10 -1753 1758 
10 -1759 1760 
10 -1759 1761 
10 -1759 1762 
10 -1759 1763 
10 -1759 1764 
10 -1759 1765 
10 -1766 1767 
10 -1766 1768 
10 -1766 1769 
10 -1766 1770 
10 -1766 1771 
10 -1766 1772 
10 -1773 1774 
10 -1773 1775 
10 -1773 1776 
10 -1773 1777 
10 -1773 1778 
10 -1773 1779 
10 -1780 1781 
10 -1780 1782 
10 -1780 1783 
10 -1780 1784 
10 -1780 1785 
10 -1786 1787 
10 -1786 1788 
10 -1786 1789 
10 -1786 1790 
10 -1786 1791 
10 -1792 1793 
10 -1794 1795 
10 -1796 1797 
10 -1798 1799 
10 -1800 1801 
10 -1802 1803 
10 -1804 1805 
10 -1806 1807 
10 -1808 1809 
10 -1810 1811 
10 -1810 1812 
10 -1813 1814 
10 -1813 1815 
10 -1816 1817 
10 -1816 1818 
10 -1819 1820 
10 -1819 1821 
10 -1822 1823 
10 -1822 1824 
10 -1825 1826 
10 -1825 1827 
10 -1828 1829 
10 -1828 1830 
10 -1831 1832 
10 -1831 1833 
10 -1834 1835 
10 -1834 1836 
10 -1837 1838 
10 -1837 1839 
10 -1837 1840 
10 -1841 1842 
10 -1841 1843 
10 -1841 1844 
10 -1845 1846 
10 -1845 1847 
10 -1845 1848 
10 -1849 1850 
10 -1849 1851 
10 -1849 1852 
10 -1853 1854 
10 -1853 1855 
10 -1853 1856 
10 -1857 1858 
10 -1857 1859 
10 -1857 1860 
10 -1861 1862 
10 -1861 1863 
10 -1861 1864 
10 -1865 1866 
10 -1865 1867 
10 -1865 1868 
10 -1869 1870 
10 -1869 1871 
10 -1869 1872 
10 -1873 1874 
10 -1873 1875 
10 -1873 1876 
10 -1873 1877 
10 -1878 1879 
10 -1878 1880 
10 -1878 1881 
10 -1878 1882 
10 -1883 1884 
10 -1883 1885 
10 -1883 1886 
10 -1883 1887 
10 -1888 1889 
10 -1888 1890 
10 -1888 1891 
10 -1888 1892 
10 -1893 1894 
10 -1893 1895 
10 -1893 1896 
10 -1893 1897 
10 -1898 1899 
10 -1898 1900 
10 -1898 1901 
10 -1898 1902 
10 -1903 1904 
10 -1903 1905 
10 -1903 1906 
10 -1903 1907 
10 -1908 1909 
10 -1908 1910 
10 -1908 1911 
10 -1908 1912 
10 -1913 1914 
10 -1913 1915 
10 -1913 1916 
10 -1913 1917 
10 -1918 1919 
10 -1918 1920 
10 -1918 1921 
10 -1918 1922 
10 -1918 1923 
10 -1924 1925 
10 -1924 1926 
10 -1924 1927 
10 -1924 1928 
10 -1924 1929 
10 -1930 1931 
10 -1930 1932 
10 -1930 1933 
10 -1930 1934 
10 -1930 1935 
10 -1936 1937 
10 -1936 1938 
10 -1936 1939 
10 -1936 1940 
10 -1936 1941 
10 -1942 1943 
10 -1942 1944 
10 -1942 1945 
10 -1942 1946 
10 -1942 1947 
10 -1948 1949 
10 -1948 1950 
10 -1948 1951 
10 -1948 1952 
10 -1948 1953 
10 -1954 1955 
10 -1954 1956 
10 -1954 1957 
10 -1954 1958 
10 -1954 1959 
10 -1960 1961 
10 -1960 1962 
10 -1960 1963 
10 -1960 1964 
10 -1960 1965 
10 -1966 1967 
10 -1966 1968 
10 -1966 1969 
10 -1966 1970 
10 -1966 1971 
10 -1966 1972 
10 -1973 1974 
10 -1973 1975 
10 -1973 1976 
10 -1973 1977 
10 -1973 1978 
10 -1973 1979 
10 -1980 1981 
10 -1980 1982 
10 -1980 1983 
10 -1980 1984 
10 -1980 1985 
10 -1980 1986 
10 -1987 1988 
10 -1987 1989 
10 -1987 1990 
10 -1987 1991 
10 -1987 1992 
10 -1987 1993 
10 -1994 1995 
10 -1994 1996 
10 -1994 1997 
10 -1994 1998 
10 -1994 1999 
10 -1994 2000 
10 -2001 2002 
10 -2001 2003 
10 -2001 2004 
10 -2001 2005 
10 -2001 2006 
10 -2001 2007 
10 -2008 2009 
10 -2008 2010 
10 -2008 2011 
10 -2008 2012 
10 -2008 2013 
10 -2008 2014 
10 -2015 2016 
10 -2015 2017 
10 -2015 2018 
10 -2015 2019 
10 -2015 2020 
10 -2015 2021 
10 -2022 2023 
10 -2022 2024 
10 -2022 2025 
10 -2022 2026 
10 -2022 2027 
10 -2022 2028 
10 -2022 2029 
10 -2030 2031 
10 -2030 2032 
10 -2030 2033 
10 -2030 2034 
10 -2030 2035 
10 -2030 2036 
10 -2030 2037 
10 -2038 2039 
10 -2038 2040 
10 -2038 2041 
10 -2038 2042 
10 -2038 2043 
10 -2038 2044 
10 -2038 2045 
10 -2046 2047 
10 -2046 2048 
10 -2046 2049 
10 -2046 2050 
10 -2046 2051 
10 -2046 2052 
10 -2046 2053 
10 -2054 2055 
10 -2054 2056 
10 -2054 2057 
10 -2054 2058 
10 -2054 2059 
10 -2054 2060 
10 -2054 2061 
10 -2062 2063 
10 -2062 2064 
10 -2062 2065 
10 -2062 2066 
10 -2062 2067 
10 -2062 2068 
10 -2062 2069 
10 -2070 2071 
10 -2070 2072 
10 -2070 2073 
10 -2070 2074 
10 -2070 2075 
10 -2070 2076 
10 -2070 2077 
10 -2078 2079 
10 -2078 2080 
10 -2078 2081 
10 -2078 2082 
10 -2078 2083 
10 -2078 2084 
10 -2078 2085 
10 -2086 2087 
10 -2086 2088 
10 -2086 2089 
10 -2086 2090 
10 -2086 2091 
10 -2092 2093 
10 -2092 2094 
10 -2092 2095 
10 -2092 2096 
10 -2092 2097 
10 -2098 2099 
10 -2098 2100 
10 -2098 2101 
10 -2098 2102 
10 -2098 2103 
10 -2104 2105 
10 -2104 2106 
10 -2104 2107 
10 -2104 2108 
10 -2104 2109 
10 -2110 2111 
10 -2110 2112 
10 -2110 2113 
10 -2110 2114 
10 -2110 2115 
10 -2116 2117 
10 -2116 2118 
10 -2116 2119 
10 -2116 2120 
10 -2116 2121 
10 -2122 2123 
10 -2122 2124 
10 -2122 2125 
10 -2122 2126 
10 -2122 2127 
10 -2128 2129 
10 -2128 2130 
10 -2128 2131 
10 -2128 2132 
10 -2128 2133 
10 -2128 2134 
10 -2135 2136 
10 -2135 2137 
10 -2135 2138 
10 -2135 2139 
10 -2135 2140 
10 -2135 2141 
10 -2142 2143 
10 -2142 2144 
10 -2142 2145 
10 -2142 2146 
10 -2142 2147 
10 -2142 2148 
10 -2149 2150 
10 -2149 2151 
10 -2149 2152 
10 -2149 2153 
10 -2149 2154 
10 -2149 2155 
10 -2156 2157 
10 -2156 2158 
10 -2156 2159 
10 -2156 2160 
10 -2156 2161 
10 -2156 2162 
10 -2163 2164 
10 -2163 2165 
10 -2163 2166 
10 -2163 2167 
10 -2163 2168 
10 -2163 2169 
10 -2170 2171 
10 -2170 2172 
10 -2170 2173 
10 -2170 2174 
10 -2170 2175 
10 -2170 2176 
10 -2177 2178 
10 -2177 2179 
10 -2177 2180 
10 -2177 2181 
10 -2177 2182 
10 -2183 2184 
10 -2183 2185 
10 -2183 2186 
10 -2183 2187 
10 -2183 2188 
10 -2189 2190 
10 -2189 2191 
10 -2189 2192 
10 -2189 2193 
10 -2189 2194 
10 -2195 2196 
10 -2195 2197 
10 -2195 2198 
10 -2195 2199 
10 -2195 2200 
10 -2201 2202 
10 -2201 2203 
10 -2201 2204 
10 -2201 2205 
10 -2201 2206 
10 -2207 2208 
10 -2207 2209 
10 -2207 2210 
10 -2207 2211 
10 -2207 2212 
