p wcnf 2234 2231 5
5 -19 1 
5 -21 1 
5 -23 1 
5 -25 1 
5 -27 1 
5 -29 1 
5 -31 1 
5 -33 1 
5 -35 1 
5 -37 1 
5 -40 1 
5 -43 1 
5 -46 1 
5 -49 1 
5 -52 1 
5 -55 1 
5 -58 1 
5 -61 1 
5 -64 1 
5 -68 1 
5 -72 1 
5 -76 1 
5 -80 1 
5 -84 1 
5 -88 1 
5 -92 1 
5 -96 1 
5 -100 1 
5 -105 1 
5 -110 1 
5 -115 1 
5 -120 1 
5 -125 1 
5 -130 1 
5 -135 1 
5 -140 1 
5 -145 1 
5 -151 1 
5 -157 1 
5 -163 1 
5 -169 1 
5 -175 1 
5 -181 1 
5 -187 1 
5 -193 1 
5 -199 1 
5 -206 1 
5 -213 1 
5 -220 1 
5 -227 1 
5 -234 1 
5 -241 1 
5 -248 1 
5 -255 1 
5 -262 1 
5 -270 1 
5 -278 1 
5 -286 1 
5 -294 1 
5 -302 1 
5 -310 1 
5 -318 1 
5 -326 1 
5 -334 1 
5 -343 1 
5 -352 1 
5 -361 1 
5 -370 1 
5 -379 1 
5 -388 1 
5 -397 1 
5 -406 1 
5 -415 19 
5 -421 19 
5 -427 19 
5 -433 19 
5 -439 19 
5 -445 19 
5 -451 19 
5 -457 19 
5 -463 19 
5 -470 19 
5 -477 19 
5 -484 19 
5 -491 19 
5 -498 19 
5 -505 19 
5 -512 19 
5 -519 19 
5 -527 19 
5 -535 19 
5 -543 19 
5 -551 19 
5 -559 19 
5 -567 19 
5 -575 19 
5 -583 19 
5 -592 19 
5 -601 19 
5 -610 19 
5 -619 19 
5 -628 19 
5 -637 19 
5 -646 19 
5 -655 19 
5 -665 19 
5 -675 19 
5 -685 19 
5 -695 19 
5 -705 19 
5 -715 19 
5 -725 19 
5 -735 19 
5 -746 19 
5 -757 19 
5 -768 19 
5 -779 19 
5 -790 19 
5 -801 19 
5 -812 19 
5 -823 19 
5 -835 19 
5 -847 19 
5 -859 19 
5 -871 19 
5 -883 19 
5 -895 19 
5 -907 19 
5 -919 37 415 421 427 433 439 445 451 457 
5 -925 37 415 421 427 433 439 445 451 457 
5 -931 37 415 421 427 433 439 445 451 457 
5 -937 37 415 421 427 433 439 445 451 457 
5 -943 37 415 421 427 433 439 445 451 457 
5 -949 37 415 421 427 433 439 445 451 457 
5 -955 37 415 421 427 433 439 445 451 457 
5 -961 37 415 421 427 433 439 445 451 457 
5 -968 37 415 421 427 433 439 445 451 457 
5 -975 37 415 421 427 433 439 445 451 457 
5 -982 37 415 421 427 433 439 445 451 457 
5 -989 37 415 421 427 433 439 445 451 457 
5 -996 37 415 421 427 433 439 445 451 457 
5 -1003 37 415 421 427 433 439 445 451 457 
5 -1010 37 415 421 427 433 439 445 451 457 
5 -1018 37 415 421 427 433 439 445 451 457 
5 -1026 37 415 421 427 433 439 445 451 457 
5 -1034 37 415 421 427 433 439 445 451 457 
5 -1042 37 415 421 427 433 439 445 451 457 
5 -1050 37 415 421 427 433 439 445 451 457 
5 -1058 37 415 421 427 433 439 445 451 457 
5 -1066 37 415 421 427 433 439 445 451 457 
5 -1075 37 415 421 427 433 439 445 451 457 
5 -1084 37 415 421 427 433 439 445 451 457 
5 -1093 37 415 421 427 433 439 445 451 457 
5 -1102 37 415 421 427 433 439 445 451 457 
5 -1111 37 415 421 427 433 439 445 451 457 
5 -1120 37 415 421 427 433 439 445 451 457 
5 -1129 37 415 421 427 433 439 445 451 457 
5 -1139 37 415 421 427 433 439 445 451 457 
5 -1149 37 415 421 427 433 439 445 451 457 
5 -1159 37 415 421 427 433 439 445 451 457 
5 -1169 37 415 421 427 433 439 445 451 457 
5 -1179 37 415 421 427 433 439 445 451 457 
5 -1189 37 415 421 427 433 439 445 451 457 
5 -1199 37 415 421 427 433 439 445 451 457 
5 -1210 37 415 421 427 433 439 445 451 457 
5 -1221 37 415 421 427 433 439 445 451 457 
5 -1232 37 415 421 427 433 439 445 451 457 
5 -1243 37 415 421 427 433 439 445 451 457 
5 -1254 37 415 421 427 433 439 445 451 457 
5 -1265 37 415 421 427 433 439 445 451 457 
5 -1276 64 463 470 477 484 491 498 505 512 919 925 931 937 943 949 955 
5 -1282 64 463 470 477 484 491 498 505 512 919 925 931 937 943 949 955 
5 -1288 64 463 470 477 484 491 498 505 512 919 925 931 937 943 949 955 
5 -1294 64 463 470 477 484 491 498 505 512 919 925 931 937 943 949 955 
5 -1300 64 463 470 477 484 491 498 505 512 919 925 931 937 943 949 955 
5 -1306 64 463 470 477 484 491 498 505 512 919 925 931 937 943 949 955 
5 -1312 64 463 470 477 484 491 498 505 512 919 925 931 937 943 949 955 
5 -1319 64 463 470 477 484 491 498 505 512 919 925 931 937 943 949 955 
5 -1326 64 463 470 477 484 491 498 505 512 919 925 931 937 943 949 955 
5 -1333 64 463 470 477 484 491 498 505 512 919 925 931 937 943 949 955 
5 -1340 64 463 470 477 484 491 498 505 512 919 925 931 937 943 949 955 
5 -1347 64 463 470 477 484 491 498 505 512 919 925 931 937 943 949 955 
5 -1354 64 463 470 477 484 491 498 505 512 919 925 931 937 943 949 955 
5 -1362 64 463 470 477 484 491 498 505 512 919 925 931 937 943 949 955 
5 -1370 64 463 470 477 484 491 498 505 512 919 925 931 937 943 949 955 
5 -1378 64 463 470 477 484 491 498 505 512 919 925 931 937 943 949 955 
5 -1386 64 463 470 477 484 491 498 505 512 919 925 931 937 943 949 955 
5 -1394 64 463 470 477 484 491 498 505 512 919 925 931 937 943 949 955 
5 -1402 64 463 470 477 484 491 498 505 512 919 925 931 937 943 949 955 
5 -1411 64 463 470 477 484 491 498 505 512 919 925 931 937 943 949 955 
5 -1420 64 463 470 477 484 491 498 505 512 919 925 931 937 943 949 955 
5 -1429 64 463 470 477 484 491 498 505 512 919 925 931 937 943 949 955 
5 -1438 64 463 470 477 484 491 498 505 512 919 925 931 937 943 949 955 
5 -1447 64 463 470 477 484 491 498 505 512 919 925 931 937 943 949 955 
5 -1456 64 463 470 477 484 491 498 505 512 919 925 931 937 943 949 955 
5 -1466 64 463 470 477 484 491 498 505 512 919 925 931 937 943 949 955 
5 -1476 64 463 470 477 484 491 498 505 512 919 925 931 937 943 949 955 
5 -1486 64 463 470 477 484 491 498 505 512 919 925 931 937 943 949 955 
5 -1496 64 463 470 477 484 491 498 505 512 919 925 931 937 943 949 955 
5 -1506 64 463 470 477 484 491 498 505 512 919 925 931 937 943 949 955 
5 -1516 100 519 527 535 543 551 559 567 575 961 968 975 982 989 996 1003 1276 1282 1288 1294 1300 1306 
5 -1522 100 519 527 535 543 551 559 567 575 961 968 975 982 989 996 1003 1276 1282 1288 1294 1300 1306 
5 -1528 100 519 527 535 543 551 559 567 575 961 968 975 982 989 996 1003 1276 1282 1288 1294 1300 1306 
5 -1534 100 519 527 535 543 551 559 567 575 961 968 975 982 989 996 1003 1276 1282 1288 1294 1300 1306 
5 -1540 100 519 527 535 543 551 559 567 575 961 968 975 982 989 996 1003 1276 1282 1288 1294 1300 1306 
5 -1546 100 519 527 535 543 551 559 567 575 961 968 975 982 989 996 1003 1276 1282 1288 1294 1300 1306 
5 -1553 100 519 527 535 543 551 559 567 575 961 968 975 982 989 996 1003 1276 1282 1288 1294 1300 1306 
5 -1560 100 519 527 535 543 551 559 567 575 961 968 975 982 989 996 1003 1276 1282 1288 1294 1300 1306 
5 -1567 100 519 527 535 543 551 559 567 575 961 968 975 982 989 996 1003 1276 1282 1288 1294 1300 1306 
5 -1574 100 519 527 535 543 551 559 567 575 961 968 975 982 989 996 1003 1276 1282 1288 1294 1300 1306 
5 -1581 100 519 527 535 543 551 559 567 575 961 968 975 982 989 996 1003 1276 1282 1288 1294 1300 1306 
5 -1589 100 519 527 535 543 551 559 567 575 961 968 975 982 989 996 1003 1276 1282 1288 1294 1300 1306 
5 -1597 100 519 527 535 543 551 559 567 575 961 968 975 982 989 996 1003 1276 1282 1288 1294 1300 1306 
5 -1605 100 519 527 535 543 551 559 567 575 961 968 975 982 989 996 1003 1276 1282 1288 1294 1300 1306 
5 -1613 100 519 527 535 543 551 559 567 575 961 968 975 982 989 996 1003 1276 1282 1288 1294 1300 1306 
5 -1621 100 519 527 535 543 551 559 567 575 961 968 975 982 989 996 1003 1276 1282 1288 1294 1300 1306 
5 -1630 100 519 527 535 543 551 559 567 575 961 968 975 982 989 996 1003 1276 1282 1288 1294 1300 1306 
5 -1639 100 519 527 535 543 551 559 567 575 961 968 975 982 989 996 1003 1276 1282 1288 1294 1300 1306 
5 -1648 100 519 527 535 543 551 559 567 575 961 968 975 982 989 996 1003 1276 1282 1288 1294 1300 1306 
5 -1657 100 519 527 535 543 551 559 567 575 961 968 975 982 989 996 1003 1276 1282 1288 1294 1300 1306 
5 -1666 145 583 592 601 610 619 628 637 646 1010 1018 1026 1034 1042 1050 1058 1312 1319 1326 1333 1340 1347 
5 -1672 145 583 592 601 610 619 628 637 646 1010 1018 1026 1034 1042 1050 1058 1312 1319 1326 1333 1340 1347 
5 -1678 145 583 592 601 610 619 628 637 646 1010 1018 1026 1034 1042 1050 1058 1312 1319 1326 1333 1340 1347 
5 -1684 145 583 592 601 610 619 628 637 646 1010 1018 1026 1034 1042 1050 1058 1312 1319 1326 1333 1340 1347 
5 -1690 145 583 592 601 610 619 628 637 646 1010 1018 1026 1034 1042 1050 1058 1312 1319 1326 1333 1340 1347 
5 -1697 145 583 592 601 610 619 628 637 646 1010 1018 1026 1034 1042 1050 1058 1312 1319 1326 1333 1340 1347 
5 -1704 145 583 592 601 610 619 628 637 646 1010 1018 1026 1034 1042 1050 1058 1312 1319 1326 1333 1340 1347 
5 -1711 145 583 592 601 610 619 628 637 646 1010 1018 1026 1034 1042 1050 1058 1312 1319 1326 1333 1340 1347 
5 -1718 145 583 592 601 610 619 628 637 646 1010 1018 1026 1034 1042 1050 1058 1312 1319 1326 1333 1340 1347 
5 -1726 145 583 592 601 610 619 628 637 646 1010 1018 1026 1034 1042 1050 1058 1312 1319 1326 1333 1340 1347 
5 -1734 145 583 592 601 610 619 628 637 646 1010 1018 1026 1034 1042 1050 1058 1312 1319 1326 1333 1340 1347 
5 -1742 145 583 592 601 610 619 628 637 646 1010 1018 1026 1034 1042 1050 1058 1312 1319 1326 1333 1340 1347 
5 -1750 199 655 665 675 685 695 705 715 725 1066 1075 1084 1093 1102 1111 1120 1354 1362 1370 1378 1386 1394 
5 -1756 199 655 665 675 685 695 705 715 725 1066 1075 1084 1093 1102 1111 1120 1354 1362 1370 1378 1386 1394 
5 -1762 199 655 665 675 685 695 705 715 725 1066 1075 1084 1093 1102 1111 1120 1354 1362 1370 1378 1386 1394 
5 -1768 199 655 665 675 685 695 705 715 725 1066 1075 1084 1093 1102 1111 1120 1354 1362 1370 1378 1386 1394 
5 -1775 199 655 665 675 685 695 705 715 725 1066 1075 1084 1093 1102 1111 1120 1354 1362 1370 1378 1386 1394 
5 -1782 199 655 665 675 685 695 705 715 725 1066 1075 1084 1093 1102 1111 1120 1354 1362 1370 1378 1386 1394 
5 -1789 262 735 746 757 768 779 790 801 812 1129 1139 1149 1159 1169 1179 1189 1402 1411 1420 1429 1438 1447 
5 -1795 262 735 746 757 768 779 790 801 812 1129 1139 1149 1159 1169 1179 1189 1402 1411 1420 1429 1438 1447 
5 -1801 1 
5 -1803 1 
5 -1805 1 
5 -1807 1 
5 -1809 1 
5 -1811 1 
5 -1813 1 
5 -1815 1 
5 -1817 1 
5 -1819 1 
5 -1822 1 
5 -1825 1 
5 -1828 1 
5 -1831 1 
5 -1834 1 
5 -1837 1 
5 -1840 1 
5 -1843 1 
5 -1846 1 
5 -1850 1 
5 -1854 1 
5 -1858 1 
5 -1862 1 
5 -1866 1 
5 -1870 1 
5 -1874 1 
5 -1878 1 
5 -1882 1 
5 -1887 1 
5 -1892 1 
5 -1897 1 
5 -1902 1 
5 -1907 1 
5 -1912 1 
5 -1917 1 
5 -1922 1 
5 -1927 1801 
5 -1933 1801 
5 -1939 1801 
5 -1945 1801 
5 -1951 1801 
5 -1957 1801 
5 -1963 1801 
5 -1969 1801 
5 -1975 1801 
5 -1982 1801 
5 -1989 1801 
5 -1996 1801 
5 -2003 1801 
5 -2010 1801 
5 -2017 1801 
5 -2024 1801 
5 -2031 1801 
5 -2039 1801 
5 -2047 1801 
5 -2055 1801 
5 -2063 1801 
5 -2071 1801 
5 -2079 1801 
5 -2087 1801 
5 -2095 1819 1927 1933 1939 1945 1951 1957 1963 1969 
5 -2101 1819 1927 1933 1939 1945 1951 1957 1963 1969 
5 -2107 1819 1927 1933 1939 1945 1951 1957 1963 1969 
5 -2113 1819 1927 1933 1939 1945 1951 1957 1963 1969 
5 -2119 1819 1927 1933 1939 1945 1951 1957 1963 1969 
5 -2125 1819 1927 1933 1939 1945 1951 1957 1963 1969 
5 -2131 1819 1927 1933 1939 1945 1951 1957 1963 1969 
5 -2137 1819 1927 1933 1939 1945 1951 1957 1963 1969 
5 -2144 1819 1927 1933 1939 1945 1951 1957 1963 1969 
5 -2151 1819 1927 1933 1939 1945 1951 1957 1963 1969 
5 -2158 1819 1927 1933 1939 1945 1951 1957 1963 1969 
5 -2165 1819 1927 1933 1939 1945 1951 1957 1963 1969 
5 -2172 1819 1927 1933 1939 1945 1951 1957 1963 1969 
5 -2179 1819 1927 1933 1939 1945 1951 1957 1963 1969 
5 -2186 1846 1975 1982 1989 1996 2003 2010 2017 2024 2095 2101 2107 2113 2119 2125 2131 
5 -2192 1846 1975 1982 1989 1996 2003 2010 2017 2024 2095 2101 2107 2113 2119 2125 2131 
5 -2198 1846 1975 1982 1989 1996 2003 2010 2017 2024 2095 2101 2107 2113 2119 2125 2131 
5 -2204 1846 1975 1982 1989 1996 2003 2010 2017 2024 2095 2101 2107 2113 2119 2125 2131 
5 -2210 1846 1975 1982 1989 1996 2003 2010 2017 2024 2095 2101 2107 2113 2119 2125 2131 
5 -2216 1846 1975 1982 1989 1996 2003 2010 2017 2024 2095 2101 2107 2113 2119 2125 2131 
5 -2222 334 343 352 361 370 379 388 397 406 823 835 847 859 871 883 895 907 1199 1210 1221 1232 1243 1254 1265 1456 1466 1476 1486 1496 1506 1621 1630 1639 1648 1657 1718 1726 1734 1742 1768 1775 1782 1789 1795 1882 2031 2039 2047 2055 2063 2071 2079 2087 2137 2144 2151 2158 2165 2172 2179 2186 2192 2198 2204 2210 2216 
5 -2224 334 343 352 361 370 379 388 397 406 823 835 847 859 871 883 895 907 1199 1210 1221 1232 1243 1254 1265 1456 1466 1476 1486 1496 1506 1621 1630 1639 1648 1657 1718 1726 1734 1742 1768 1775 1782 1789 1795 1882 2031 2039 2047 2055 2063 2071 2079 2087 2137 2144 2151 2158 2165 2172 2179 2186 2192 2198 2204 2210 2216 
5 -2226 334 343 352 361 370 379 388 397 406 823 835 847 859 871 883 895 907 1199 1210 1221 1232 1243 1254 1265 1456 1466 1476 1486 1496 1506 1621 1630 1639 1648 1657 1718 1726 1734 1742 1768 1775 1782 1789 1795 1882 2031 2039 2047 2055 2063 2071 2079 2087 2137 2144 2151 2158 2165 2172 2179 2186 2192 2198 2204 2210 2216 
5 -2228 334 343 352 361 370 379 388 397 406 823 835 847 859 871 883 895 907 1199 1210 1221 1232 1243 1254 1265 1456 1466 1476 1486 1496 1506 1621 1630 1639 1648 1657 1718 1726 1734 1742 1768 1775 1782 1789 1795 1882 2031 2039 2047 2055 2063 2071 2079 2087 2137 2144 2151 2158 2165 2172 2179 2186 2192 2198 2204 2210 2216 
5 -2230 334 343 352 361 370 379 388 397 406 823 835 847 859 871 883 895 907 1199 1210 1221 1232 1243 1254 1265 1456 1466 1476 1486 1496 1506 1621 1630 1639 1648 1657 1718 1726 1734 1742 1768 1775 1782 1789 1795 1882 2031 2039 2047 2055 2063 2071 2079 2087 2137 2144 2151 2158 2165 2172 2179 2186 2192 2198 2204 2210 2216 
5 19 21 23 25 27 29 31 33 35 37 40 43 46 49 52 55 58 61 64 68 72 76 80 84 88 92 96 100 105 110 115 120 125 130 135 140 145 151 157 163 169 175 181 187 193 199 206 213 220 227 234 241 248 255 262 270 278 286 294 302 310 318 326 334 343 352 361 370 379 388 397 406 
5 19 21 23 25 27 29 31 33 35 37 40 43 46 49 52 55 58 61 64 68 72 76 80 84 88 92 96 100 105 110 115 120 125 130 135 140 145 151 157 163 169 175 181 187 193 199 206 213 220 227 234 241 248 255 262 270 278 286 294 302 310 318 326 334 343 352 361 370 379 388 397 406 415 421 427 433 439 445 451 457 463 470 477 484 491 498 505 512 519 527 535 543 551 559 567 575 583 592 601 610 619 628 637 646 655 665 675 685 695 705 715 725 735 746 757 768 779 790 801 812 823 835 847 859 871 883 895 907 
5 37 40 43 46 49 52 55 58 61 64 68 72 76 80 84 88 92 96 100 105 110 115 120 125 130 135 140 145 151 157 163 169 175 181 187 193 199 206 213 220 227 234 241 248 255 262 270 278 286 294 302 310 318 326 334 343 352 361 370 379 388 397 406 415 421 427 433 439 445 451 457 463 470 477 484 491 498 505 512 519 527 535 543 551 559 567 575 583 592 601 610 619 628 637 646 655 665 675 685 695 705 715 725 735 746 757 768 779 790 801 812 823 835 847 859 871 883 895 907 919 925 931 937 943 949 955 961 968 975 982 989 996 1003 1010 1018 1026 1034 1042 1050 1058 1066 1075 1084 1093 1102 1111 1120 1129 1139 1149 1159 1169 1179 1189 1199 1210 1221 1232 1243 1254 1265 
5 64 68 72 76 80 84 88 92 96 100 105 110 115 120 125 130 135 140 145 151 157 163 169 175 181 187 193 199 206 213 220 227 234 241 248 255 262 270 278 286 294 302 310 318 326 334 343 352 361 370 379 388 397 406 415 421 427 433 439 445 451 457 463 470 477 484 491 498 505 512 519 527 535 543 551 559 567 575 583 592 601 610 619 628 637 646 655 665 675 685 695 705 715 725 735 746 757 768 779 790 801 812 823 835 847 859 871 883 895 907 919 925 931 937 943 949 955 961 968 975 982 989 996 1003 1010 1018 1026 1034 1042 1050 1058 1066 1075 1084 1093 1102 1111 1120 1129 1139 1149 1159 1169 1179 1189 1199 1210 1221 1232 1243 1254 1265 1276 1282 1288 1294 1300 1306 1312 1319 1326 1333 1340 1347 1354 1362 1370 1378 1386 1394 1402 1411 1420 1429 1438 1447 1456 1466 1476 1486 1496 1506 
5 100 105 110 115 120 125 130 135 140 145 151 157 163 169 175 181 187 193 199 206 213 220 227 234 241 248 255 262 270 278 286 294 302 310 318 326 334 343 352 361 370 379 388 397 406 415 421 427 433 439 445 451 457 463 470 477 484 491 498 505 512 519 527 535 543 551 559 567 575 583 592 601 610 619 628 637 646 655 665 675 685 695 705 715 725 735 746 757 768 779 790 801 812 823 835 847 859 871 883 895 907 919 925 931 937 943 949 955 961 968 975 982 989 996 1003 1010 1018 1026 1034 1042 1050 1058 1066 1075 1084 1093 1102 1111 1120 1129 1139 1149 1159 1169 1179 1189 1199 1210 1221 1232 1243 1254 1265 1276 1282 1288 1294 1300 1306 1312 1319 1326 1333 1340 1347 1354 1362 1370 1378 1386 1394 1402 1411 1420 1429 1438 1447 1456 1466 1476 1486 1496 1506 1516 1522 1528 1534 1540 1546 1553 1560 1567 1574 1581 1589 1597 1605 1613 1621 1630 1639 1648 1657 
5 145 151 157 163 169 175 181 187 193 199 206 213 220 227 234 241 248 255 262 270 278 286 294 302 310 318 326 334 343 352 361 370 379 388 397 406 415 421 427 433 439 445 451 457 463 470 477 484 491 498 505 512 519 527 535 543 551 559 567 575 583 592 601 610 619 628 637 646 655 665 675 685 695 705 715 725 735 746 757 768 779 790 801 812 823 835 847 859 871 883 895 907 919 925 931 937 943 949 955 961 968 975 982 989 996 1003 1010 1018 1026 1034 1042 1050 1058 1066 1075 1084 1093 1102 1111 1120 1129 1139 1149 1159 1169 1179 1189 1199 1210 1221 1232 1243 1254 1265 1276 1282 1288 1294 1300 1306 1312 1319 1326 1333 1340 1347 1354 1362 1370 1378 1386 1394 1402 1411 1420 1429 1438 1447 1456 1466 1476 1486 1496 1506 1516 1522 1528 1534 1540 1546 1553 1560 1567 1574 1581 1589 1597 1605 1613 1621 1630 1639 1648 1657 1666 1672 1678 1684 1690 1697 1704 1711 1718 1726 1734 1742 
5 199 206 213 220 227 234 241 248 255 262 270 278 286 294 302 310 318 326 334 343 352 361 370 379 388 397 406 415 421 427 433 439 445 451 457 463 470 477 484 491 498 505 512 519 527 535 543 551 559 567 575 583 592 601 610 619 628 637 646 655 665 675 685 695 705 715 725 735 746 757 768 779 790 801 812 823 835 847 859 871 883 895 907 919 925 931 937 943 949 955 961 968 975 982 989 996 1003 1010 1018 1026 1034 1042 1050 1058 1066 1075 1084 1093 1102 1111 1120 1129 1139 1149 1159 1169 1179 1189 1199 1210 1221 1232 1243 1254 1265 1276 1282 1288 1294 1300 1306 1312 1319 1326 1333 1340 1347 1354 1362 1370 1378 1386 1394 1402 1411 1420 1429 1438 1447 1456 1466 1476 1486 1496 1506 1516 1522 1528 1534 1540 1546 1553 1560 1567 1574 1581 1589 1597 1605 1613 1621 1630 1639 1648 1657 1666 1672 1678 1684 1690 1697 1704 1711 1718 1726 1734 1742 1750 1756 1762 1768 1775 1782 
5 262 270 278 286 294 302 310 318 326 334 343 352 361 370 379 388 397 406 463 470 477 484 491 498 505 512 519 527 535 543 551 559 567 575 583 592 601 610 619 628 637 646 655 665 675 685 695 705 715 725 735 746 757 768 779 790 801 812 823 835 847 859 871 883 895 907 919 925 931 937 943 949 955 961 968 975 982 989 996 1003 1010 1018 1026 1034 1042 1050 1058 1066 1075 1084 1093 1102 1111 1120 1129 1139 1149 1159 1169 1179 1189 1199 1210 1221 1232 1243 1254 1265 1276 1282 1288 1294 1300 1306 1312 1319 1326 1333 1340 1347 1354 1362 1370 1378 1386 1394 1402 1411 1420 1429 1438 1447 1456 1466 1476 1486 1496 1506 1516 1522 1528 1534 1540 1546 1553 1560 1567 1574 1581 1589 1597 1605 1613 1621 1630 1639 1648 1657 1666 1672 1678 1684 1690 1697 1704 1711 1718 1726 1734 1742 1750 1756 1762 1768 1775 1782 1789 1795 
5 1801 1803 1805 1807 1809 1811 1813 1815 1817 1819 1822 1825 1828 1831 1834 1837 1840 1843 1846 1850 1854 1858 1862 1866 1870 1874 1878 1882 1887 1892 1897 1902 1907 1912 1917 1922 
5 1801 1803 1805 1807 1809 1811 1813 1815 1817 1819 1822 1825 1828 1831 1834 1837 1840 1843 1846 1850 1854 1858 1862 1866 1870 1874 1878 1882 1887 1892 1897 1902 1907 1912 1917 1922 1927 1933 1939 1945 1951 1957 1963 1969 1975 1982 1989 1996 2003 2010 2017 2024 2031 2039 2047 2055 2063 2071 2079 2087 
5 1819 1822 1825 1828 1831 1834 1837 1840 1843 1846 1850 1854 1858 1862 1866 1870 1874 1878 1882 1887 1892 1897 1902 1907 1912 1917 1922 1927 1933 1939 1945 1951 1957 1963 1969 1975 1982 1989 1996 2003 2010 2017 2024 2031 2039 2047 2055 2063 2071 2079 2087 2095 2101 2107 2113 2119 2125 2131 2137 2144 2151 2158 2165 2172 2179 
5 1846 1850 1854 1858 1862 1866 1870 1874 1878 1882 1887 1892 1897 1902 1907 1912 1917 1922 1927 1933 1939 1945 1951 1957 1963 1969 1975 1982 1989 1996 2003 2010 2017 2024 2031 2039 2047 2055 2063 2071 2079 2087 2095 2101 2107 2113 2119 2125 2131 2137 2144 2151 2158 2165 2172 2179 2186 2192 2198 2204 2210 2216 
5 -1 2 
5 -3 4 
5 -5 6 
5 -7 8 
5 -9 10 
5 -11 12 
5 -13 14 
5 -15 16 
5 -17 18 
5 -19 20 
5 -21 22 
5 -23 24 
5 -25 26 
5 -27 28 
5 -29 30 
5 -31 32 
5 -33 34 
5 -35 36 
5 -37 38 
5 -37 39 
5 -40 41 
5 -40 42 
5 -43 44 
5 -43 45 
5 -46 47 
5 -46 48 
5 -49 50 
5 -49 51 
5 -52 53 
5 -52 54 
5 -55 56 
5 -55 57 
5 -58 59 
5 -58 60 
5 -61 62 
5 -61 63 
5 -64 65 
5 -64 66 
5 -64 67 
5 -68 69 
5 -68 70 
5 -68 71 
5 -72 73 
5 -72 74 
5 -72 75 
5 -76 77 
5 -76 78 
5 -76 79 
5 -80 81 
5 -80 82 
5 -80 83 
5 -84 85 
5 -84 86 
5 -84 87 
5 -88 89 
5 -88 90 
5 -88 91 
5 -92 93 
5 -92 94 
5 -92 95 
5 -96 97 
5 -96 98 
5 -96 99 
5 -100 101 
5 -100 102 
5 -100 103 
5 -100 104 
5 -105 106 
5 -105 107 
5 -105 108 
5 -105 109 
5 -110 111 
5 -110 112 
5 -110 113 
5 -110 114 
5 -115 116 
5 -115 117 
5 -115 118 
5 -115 119 
5 -120 121 
5 -120 122 
5 -120 123 
5 -120 124 
5 -125 126 
5 -125 127 
5 -125 128 
5 -125 129 
5 -130 131 
5 -130 132 
5 -130 133 
5 -130 134 
5 -135 136 
5 -135 137 
5 -135 138 
5 -135 139 
5 -140 141 
5 -140 142 
5 -140 143 
5 -140 144 
5 -145 146 
5 -145 147 
5 -145 148 
5 -145 149 
5 -145 150 
5 -151 152 
5 -151 153 
5 -151 154 
5 -151 155 
5 -151 156 
5 -157 158 
5 -157 159 
5 -157 160 
5 -157 161 
5 -157 162 
5 -163 164 
5 -163 165 
5 -163 166 
5 -163 167 
5 -163 168 
5 -169 170 
5 -169 171 
5 -169 172 
5 -169 173 
5 -169 174 
5 -175 176 
5 -175 177 
5 -175 178 
5 -175 179 
5 -175 180 
5 -181 182 
5 -181 183 
5 -181 184 
5 -181 185 
5 -181 186 
5 -187 188 
5 -187 189 
5 -187 190 
5 -187 191 
5 -187 192 
5 -193 194 
5 -193 195 
5 -193 196 
5 -193 197 
5 -193 198 
5 -199 200 
5 -199 201 
5 -199 202 
5 -199 203 
5 -199 204 
5 -199 205 
5 -206 207 
5 -206 208 
5 -206 209 
5 -206 210 
5 -206 211 
5 -206 212 
5 -213 214 
5 -213 215 
5 -213 216 
5 -213 217 
5 -213 218 
5 -213 219 
5 -220 221 
5 -220 222 
5 -220 223 
5 -220 224 
5 -220 225 
5 -220 226 
5 -227 228 
5 -227 229 
5 -227 230 
5 -227 231 
5 -227 232 
5 -227 233 
5 -234 235 
5 -234 236 
5 -234 237 
5 -234 238 
5 -234 239 
5 -234 240 
5 -241 242 
5 -241 243 
5 -241 244 
5 -241 245 
5 -241 246 
5 -241 247 
5 -248 249 
5 -248 250 
5 -248 251 
5 -248 252 
5 -248 253 
5 -248 254 
5 -255 256 
5 -255 257 
5 -255 258 
5 -255 259 
5 -255 260 
5 -255 261 
5 -262 263 
5 -262 264 
5 -262 265 
5 -262 266 
5 -262 267 
5 -262 268 
5 -262 269 
5 -270 271 
5 -270 272 
5 -270 273 
5 -270 274 
5 -270 275 
5 -270 276 
5 -270 277 
5 -278 279 
5 -278 280 
5 -278 281 
5 -278 282 
5 -278 283 
5 -278 284 
5 -278 285 
5 -286 287 
5 -286 288 
5 -286 289 
5 -286 290 
5 -286 291 
5 -286 292 
5 -286 293 
5 -294 295 
5 -294 296 
5 -294 297 
5 -294 298 
5 -294 299 
5 -294 300 
5 -294 301 
5 -302 303 
5 -302 304 
5 -302 305 
5 -302 306 
5 -302 307 
5 -302 308 
5 -302 309 
5 -310 311 
5 -310 312 
5 -310 313 
5 -310 314 
5 -310 315 
5 -310 316 
5 -310 317 
5 -318 319 
5 -318 320 
5 -318 321 
5 -318 322 
5 -318 323 
5 -318 324 
5 -318 325 
5 -326 327 
5 -326 328 
5 -326 329 
5 -326 330 
5 -326 331 
5 -326 332 
5 -326 333 
5 -334 335 
5 -334 336 
5 -334 337 
5 -334 338 
5 -334 339 
5 -334 340 
5 -334 341 
5 -334 342 
5 -343 344 
5 -343 345 
5 -343 346 
5 -343 347 
5 -343 348 
5 -343 349 
5 -343 350 
5 -343 351 
5 -352 353 
5 -352 354 
5 -352 355 
5 -352 356 
5 -352 357 
5 -352 358 
5 -352 359 
5 -352 360 
5 -361 362 
5 -361 363 
5 -361 364 
5 -361 365 
5 -361 366 
5 -361 367 
5 -361 368 
5 -361 369 
5 -370 371 
5 -370 372 
5 -370 373 
5 -370 374 
5 -370 375 
5 -370 376 
5 -370 377 
5 -370 378 
5 -379 380 
5 -379 381 
5 -379 382 
5 -379 383 
5 -379 384 
5 -379 385 
5 -379 386 
5 -379 387 
5 -388 389 
5 -388 390 
5 -388 391 
5 -388 392 
5 -388 393 
5 -388 394 
5 -388 395 
5 -388 396 
5 -397 398 
5 -397 399 
5 -397 400 
5 -397 401 
5 -397 402 
5 -397 403 
5 -397 404 
5 -397 405 
5 -406 407 
5 -406 408 
5 -406 409 
5 -406 410 
5 -406 411 
5 -406 412 
5 -406 413 
5 -406 414 
5 -415 416 
5 -415 417 
5 -415 418 
5 -415 419 
5 -415 420 
5 -421 422 
5 -421 423 
5 -421 424 
5 -421 425 
5 -421 426 
5 -427 428 
5 -427 429 
5 -427 430 
5 -427 431 
5 -427 432 
5 -433 434 
5 -433 435 
5 -433 436 
5 -433 437 
5 -433 438 
5 -439 440 
5 -439 441 
5 -439 442 
5 -439 443 
5 -439 444 
5 -445 446 
5 -445 447 
5 -445 448 
5 -445 449 
5 -445 450 
5 -451 452 
5 -451 453 
5 -451 454 
5 -451 455 
5 -451 456 
5 -457 458 
5 -457 459 
5 -457 460 
5 -457 461 
5 -457 462 
5 -463 464 
5 -463 465 
5 -463 466 
5 -463 467 
5 -463 468 
5 -463 469 
5 -470 471 
5 -470 472 
5 -470 473 
5 -470 474 
5 -470 475 
5 -470 476 
5 -477 478 
5 -477 479 
5 -477 480 
5 -477 481 
5 -477 482 
5 -477 483 
5 -484 485 
5 -484 486 
5 -484 487 
5 -484 488 
5 -484 489 
5 -484 490 
5 -491 492 
5 -491 493 
5 -491 494 
5 -491 495 
5 -491 496 
5 -491 497 
5 -498 499 
5 -498 500 
5 -498 501 
5 -498 502 
5 -498 503 
5 -498 504 
5 -505 506 
5 -505 507 
5 -505 508 
5 -505 509 
5 -505 510 
5 -505 511 
5 -512 513 
5 -512 514 
5 -512 515 
5 -512 516 
5 -512 517 
5 -512 518 
5 -519 520 
5 -519 521 
5 -519 522 
5 -519 523 
5 -519 524 
5 -519 525 
5 -519 526 
5 -527 528 
5 -527 529 
5 -527 530 
5 -527 531 
5 -527 532 
5 -527 533 
5 -527 534 
5 -535 536 
5 -535 537 
5 -535 538 
5 -535 539 
5 -535 540 
5 -535 541 
5 -535 542 
5 -543 544 
5 -543 545 
5 -543 546 
5 -543 547 
5 -543 548 
5 -543 549 
5 -543 550 
5 -551 552 
5 -551 553 
5 -551 554 
5 -551 555 
5 -551 556 
5 -551 557 
5 -551 558 
5 -559 560 
5 -559 561 
5 -559 562 
5 -559 563 
5 -559 564 
5 -559 565 
5 -559 566 
5 -567 568 
5 -567 569 
5 -567 570 
5 -567 571 
5 -567 572 
5 -567 573 
5 -567 574 
5 -575 576 
5 -575 577 
5 -575 578 
5 -575 579 
5 -575 580 
5 -575 581 
5 -575 582 
5 -583 584 
5 -583 585 
5 -583 586 
5 -583 587 
5 -583 588 
5 -583 589 
5 -583 590 
5 -583 591 
5 -592 593 
5 -592 594 
5 -592 595 
5 -592 596 
5 -592 597 
5 -592 598 
5 -592 599 
5 -592 600 
5 -601 602 
5 -601 603 
5 -601 604 
5 -601 605 
5 -601 606 
5 -601 607 
5 -601 608 
5 -601 609 
5 -610 611 
5 -610 612 
5 -610 613 
5 -610 614 
5 -610 615 
5 -610 616 
5 -610 617 
5 -610 618 
5 -619 620 
5 -619 621 
5 -619 622 
5 -619 623 
5 -619 624 
5 -619 625 
5 -619 626 
5 -619 627 
5 -628 629 
5 -628 630 
5 -628 631 
5 -628 632 
5 -628 633 
5 -628 634 
5 -628 635 
5 -628 636 
5 -637 638 
5 -637 639 
5 -637 640 
5 -637 641 
5 -637 642 
5 -637 643 
5 -637 644 
5 -637 645 
5 -646 647 
5 -646 648 
5 -646 649 
5 -646 650 
5 -646 651 
5 -646 652 
5 -646 653 
5 -646 654 
5 -655 656 
5 -655 657 
5 -655 658 
5 -655 659 
5 -655 660 
5 -655 661 
5 -655 662 
5 -655 663 
5 -655 664 
5 -665 666 
5 -665 667 
5 -665 668 
5 -665 669 
5 -665 670 
5 -665 671 
5 -665 672 
5 -665 673 
5 -665 674 
5 -675 676 
5 -675 677 
5 -675 678 
5 -675 679 
5 -675 680 
5 -675 681 
5 -675 682 
5 -675 683 
5 -675 684 
5 -685 686 
5 -685 687 
5 -685 688 
5 -685 689 
5 -685 690 
5 -685 691 
5 -685 692 
5 -685 693 
5 -685 694 
5 -695 696 
5 -695 697 
5 -695 698 
5 -695 699 
5 -695 700 
5 -695 701 
5 -695 702 
5 -695 703 
5 -695 704 
5 -705 706 
5 -705 707 
5 -705 708 
5 -705 709 
5 -705 710 
5 -705 711 
5 -705 712 
5 -705 713 
5 -705 714 
5 -715 716 
5 -715 717 
5 -715 718 
5 -715 719 
5 -715 720 
5 -715 721 
5 -715 722 
5 -715 723 
5 -715 724 
5 -725 726 
5 -725 727 
5 -725 728 
5 -725 729 
5 -725 730 
5 -725 731 
5 -725 732 
5 -725 733 
5 -725 734 
5 -735 736 
5 -735 737 
5 -735 738 
5 -735 739 
5 -735 740 
5 -735 741 
5 -735 742 
5 -735 743 
5 -735 744 
5 -735 745 
5 -746 747 
5 -746 748 
5 -746 749 
5 -746 750 
5 -746 751 
5 -746 752 
5 -746 753 
5 -746 754 
5 -746 755 
5 -746 756 
5 -757 758 
5 -757 759 
5 -757 760 
5 -757 761 
5 -757 762 
5 -757 763 
5 -757 764 
5 -757 765 
5 -757 766 
5 -757 767 
5 -768 769 
5 -768 770 
5 -768 771 
5 -768 772 
5 -768 773 
5 -768 774 
5 -768 775 
5 -768 776 
5 -768 777 
5 -768 778 
5 -779 780 
5 -779 781 
5 -779 782 
5 -779 783 
5 -779 784 
5 -779 785 
5 -779 786 
5 -779 787 
5 -779 788 
5 -779 789 
5 -790 791 
5 -790 792 
5 -790 793 
5 -790 794 
5 -790 795 
5 -790 796 
5 -790 797 
5 -790 798 
5 -790 799 
5 -790 800 
5 -801 802 
5 -801 803 
5 -801 804 
5 -801 805 
5 -801 806 
5 -801 807 
5 -801 808 
5 -801 809 
5 -801 810 
5 -801 811 
5 -812 813 
5 -812 814 
5 -812 815 
5 -812 816 
5 -812 817 
5 -812 818 
5 -812 819 
5 -812 820 
5 -812 821 
5 -812 822 
5 -823 824 
5 -823 825 
5 -823 826 
5 -823 827 
5 -823 828 
5 -823 829 
5 -823 830 
5 -823 831 
5 -823 832 
5 -823 833 
5 -823 834 
5 -835 836 
5 -835 837 
5 -835 838 
5 -835 839 
5 -835 840 
5 -835 841 
5 -835 842 
5 -835 843 
5 -835 844 
5 -835 845 
5 -835 846 
5 -847 848 
5 -847 849 
5 -847 850 
5 -847 851 
5 -847 852 
5 -847 853 
5 -847 854 
5 -847 855 
5 -847 856 
5 -847 857 
5 -847 858 
5 -859 860 
5 -859 861 
5 -859 862 
5 -859 863 
5 -859 864 
5 -859 865 
5 -859 866 
5 -859 867 
5 -859 868 
5 -859 869 
5 -859 870 
5 -871 872 
5 -871 873 
5 -871 874 
5 -871 875 
5 -871 876 
5 -871 877 
5 -871 878 
5 -871 879 
5 -871 880 
5 -871 881 
5 -871 882 
5 -883 884 
5 -883 885 
5 -883 886 
5 -883 887 
5 -883 888 
5 -883 889 
5 -883 890 
5 -883 891 
5 -883 892 
5 -883 893 
5 -883 894 
5 -895 896 
5 -895 897 
5 -895 898 
5 -895 899 
5 -895 900 
5 -895 901 
5 -895 902 
5 -895 903 
5 -895 904 
5 -895 905 
5 -895 906 
5 -907 908 
5 -907 909 
5 -907 910 
5 -907 911 
5 -907 912 
5 -907 913 
5 -907 914 
5 -907 915 
5 -907 916 
5 -907 917 
5 -907 918 
5 -919 920 
5 -919 921 
5 -919 922 
5 -919 923 
5 -919 924 
5 -925 926 
5 -925 927 
5 -925 928 
5 -925 929 
5 -925 930 
5 -931 932 
5 -931 933 
5 -931 934 
5 -931 935 
5 -931 936 
5 -937 938 
5 -937 939 
5 -937 940 
5 -937 941 
5 -937 942 
5 -943 944 
5 -943 945 
5 -943 946 
5 -943 947 
5 -943 948 
5 -949 950 
5 -949 951 
5 -949 952 
5 -949 953 
5 -949 954 
5 -955 956 
5 -955 957 
5 -955 958 
5 -955 959 
5 -955 960 
5 -961 962 
5 -961 963 
5 -961 964 
5 -961 965 
5 -961 966 
5 -961 967 
5 -968 969 
5 -968 970 
5 -968 971 
5 -968 972 
5 -968 973 
5 -968 974 
5 -975 976 
5 -975 977 
5 -975 978 
5 -975 979 
5 -975 980 
5 -975 981 
5 -982 983 
5 -982 984 
5 -982 985 
5 -982 986 
5 -982 987 
5 -982 988 
5 -989 990 
5 -989 991 
5 -989 992 
5 -989 993 
5 -989 994 
5 -989 995 
5 -996 997 
5 -996 998 
5 -996 999 
5 -996 1000 
5 -996 1001 
5 -996 1002 
5 -1003 1004 
5 -1003 1005 
5 -1003 1006 
5 -1003 1007 
5 -1003 1008 
5 -1003 1009 
5 -1010 1011 
5 -1010 1012 
5 -1010 1013 
5 -1010 1014 
5 -1010 1015 
5 -1010 1016 
5 -1010 1017 
5 -1018 1019 
5 -1018 1020 
5 -1018 1021 
5 -1018 1022 
5 -1018 1023 
5 -1018 1024 
5 -1018 1025 
5 -1026 1027 
5 -1026 1028 
5 -1026 1029 
5 -1026 1030 
5 -1026 1031 
5 -1026 1032 
5 -1026 1033 
5 -1034 1035 
5 -1034 1036 
5 -1034 1037 
5 -1034 1038 
5 -1034 1039 
5 -1034 1040 
5 -1034 1041 
5 -1042 1043 
5 -1042 1044 
5 -1042 1045 
5 -1042 1046 
5 -1042 1047 
5 -1042 1048 
5 -1042 1049 
5 -1050 1051 
5 -1050 1052 
5 -1050 1053 
5 -1050 1054 
5 -1050 1055 
5 -1050 1056 
5 -1050 1057 
5 -1058 1059 
5 -1058 1060 
5 -1058 1061 
5 -1058 1062 
5 -1058 1063 
5 -1058 1064 
5 -1058 1065 
5 -1066 1067 
5 -1066 1068 
5 -1066 1069 
5 -1066 1070 
5 -1066 1071 
5 -1066 1072 
5 -1066 1073 
5 -1066 1074 
5 -1075 1076 
5 -1075 1077 
5 -1075 1078 
5 -1075 1079 
5 -1075 1080 
5 -1075 1081 
5 -1075 1082 
5 -1075 1083 
5 -1084 1085 
5 -1084 1086 
5 -1084 1087 
5 -1084 1088 
5 -1084 1089 
5 -1084 1090 
5 -1084 1091 
5 -1084 1092 
5 -1093 1094 
5 -1093 1095 
5 -1093 1096 
5 -1093 1097 
5 -1093 1098 
5 -1093 1099 
5 -1093 1100 
5 -1093 1101 
5 -1102 1103 
5 -1102 1104 
5 -1102 1105 
5 -1102 1106 
5 -1102 1107 
5 -1102 1108 
5 -1102 1109 
5 -1102 1110 
5 -1111 1112 
5 -1111 1113 
5 -1111 1114 
5 -1111 1115 
5 -1111 1116 
5 -1111 1117 
5 -1111 1118 
5 -1111 1119 
5 -1120 1121 
5 -1120 1122 
5 -1120 1123 
5 -1120 1124 
5 -1120 1125 
5 -1120 1126 
5 -1120 1127 
5 -1120 1128 
5 -1129 1130 
5 -1129 1131 
5 -1129 1132 
5 -1129 1133 
5 -1129 1134 
5 -1129 1135 
5 -1129 1136 
5 -1129 1137 
5 -1129 1138 
5 -1139 1140 
5 -1139 1141 
5 -1139 1142 
5 -1139 1143 
5 -1139 1144 
5 -1139 1145 
5 -1139 1146 
5 -1139 1147 
5 -1139 1148 
5 -1149 1150 
5 -1149 1151 
5 -1149 1152 
5 -1149 1153 
5 -1149 1154 
5 -1149 1155 
5 -1149 1156 
5 -1149 1157 
5 -1149 1158 
5 -1159 1160 
5 -1159 1161 
5 -1159 1162 
5 -1159 1163 
5 -1159 1164 
5 -1159 1165 
5 -1159 1166 
5 -1159 1167 
5 -1159 1168 
5 -1169 1170 
5 -1169 1171 
5 -1169 1172 
5 -1169 1173 
5 -1169 1174 
5 -1169 1175 
5 -1169 1176 
5 -1169 1177 
5 -1169 1178 
5 -1179 1180 
5 -1179 1181 
5 -1179 1182 
5 -1179 1183 
5 -1179 1184 
5 -1179 1185 
5 -1179 1186 
5 -1179 1187 
5 -1179 1188 
5 -1189 1190 
5 -1189 1191 
5 -1189 1192 
5 -1189 1193 
5 -1189 1194 
5 -1189 1195 
5 -1189 1196 
5 -1189 1197 
5 -1189 1198 
5 -1199 1200 
5 -1199 1201 
5 -1199 1202 
5 -1199 1203 
5 -1199 1204 
5 -1199 1205 
5 -1199 1206 
5 -1199 1207 
5 -1199 1208 
5 -1199 1209 
5 -1210 1211 
5 -1210 1212 
5 -1210 1213 
5 -1210 1214 
5 -1210 1215 
5 -1210 1216 
5 -1210 1217 
5 -1210 1218 
5 -1210 1219 
5 -1210 1220 
5 -1221 1222 
5 -1221 1223 
5 -1221 1224 
5 -1221 1225 
5 -1221 1226 
5 -1221 1227 
5 -1221 1228 
5 -1221 1229 
5 -1221 1230 
5 -1221 1231 
5 -1232 1233 
5 -1232 1234 
5 -1232 1235 
5 -1232 1236 
5 -1232 1237 
5 -1232 1238 
5 -1232 1239 
5 -1232 1240 
5 -1232 1241 
5 -1232 1242 
5 -1243 1244 
5 -1243 1245 
5 -1243 1246 
5 -1243 1247 
5 -1243 1248 
5 -1243 1249 
5 -1243 1250 
5 -1243 1251 
5 -1243 1252 
5 -1243 1253 
5 -1254 1255 
5 -1254 1256 
5 -1254 1257 
5 -1254 1258 
5 -1254 1259 
5 -1254 1260 
5 -1254 1261 
5 -1254 1262 
5 -1254 1263 
5 -1254 1264 
5 -1265 1266 
5 -1265 1267 
5 -1265 1268 
5 -1265 1269 
5 -1265 1270 
5 -1265 1271 
5 -1265 1272 
5 -1265 1273 
5 -1265 1274 
5 -1265 1275 
5 -1276 1277 
5 -1276 1278 
5 -1276 1279 
5 -1276 1280 
5 -1276 1281 
5 -1282 1283 
5 -1282 1284 
5 -1282 1285 
5 -1282 1286 
5 -1282 1287 
5 -1288 1289 
5 -1288 1290 
5 -1288 1291 
5 -1288 1292 
5 -1288 1293 
5 -1294 1295 
5 -1294 1296 
5 -1294 1297 
5 -1294 1298 
5 -1294 1299 
5 -1300 1301 
5 -1300 1302 
5 -1300 1303 
5 -1300 1304 
5 -1300 1305 
5 -1306 1307 
5 -1306 1308 
5 -1306 1309 
5 -1306 1310 
5 -1306 1311 
5 -1312 1313 
5 -1312 1314 
5 -1312 1315 
5 -1312 1316 
5 -1312 1317 
5 -1312 1318 
5 -1319 1320 
5 -1319 1321 
5 -1319 1322 
5 -1319 1323 
5 -1319 1324 
5 -1319 1325 
5 -1326 1327 
5 -1326 1328 
5 -1326 1329 
5 -1326 1330 
5 -1326 1331 
5 -1326 1332 
5 -1333 1334 
5 -1333 1335 
5 -1333 1336 
5 -1333 1337 
5 -1333 1338 
5 -1333 1339 
5 -1340 1341 
5 -1340 1342 
5 -1340 1343 
5 -1340 1344 
5 -1340 1345 
5 -1340 1346 
5 -1347 1348 
5 -1347 1349 
5 -1347 1350 
5 -1347 1351 
5 -1347 1352 
5 -1347 1353 
5 -1354 1355 
5 -1354 1356 
5 -1354 1357 
5 -1354 1358 
5 -1354 1359 
5 -1354 1360 
5 -1354 1361 
5 -1362 1363 
5 -1362 1364 
5 -1362 1365 
5 -1362 1366 
5 -1362 1367 
5 -1362 1368 
5 -1362 1369 
5 -1370 1371 
5 -1370 1372 
5 -1370 1373 
5 -1370 1374 
5 -1370 1375 
5 -1370 1376 
5 -1370 1377 
5 -1378 1379 
5 -1378 1380 
5 -1378 1381 
5 -1378 1382 
5 -1378 1383 
5 -1378 1384 
5 -1378 1385 
5 -1386 1387 
5 -1386 1388 
5 -1386 1389 
5 -1386 1390 
5 -1386 1391 
5 -1386 1392 
5 -1386 1393 
5 -1394 1395 
5 -1394 1396 
5 -1394 1397 
5 -1394 1398 
5 -1394 1399 
5 -1394 1400 
5 -1394 1401 
5 -1402 1403 
5 -1402 1404 
5 -1402 1405 
5 -1402 1406 
5 -1402 1407 
5 -1402 1408 
5 -1402 1409 
5 -1402 1410 
5 -1411 1412 
5 -1411 1413 
5 -1411 1414 
5 -1411 1415 
5 -1411 1416 
5 -1411 1417 
5 -1411 1418 
5 -1411 1419 
5 -1420 1421 
5 -1420 1422 
5 -1420 1423 
5 -1420 1424 
5 -1420 1425 
5 -1420 1426 
5 -1420 1427 
5 -1420 1428 
5 -1429 1430 
5 -1429 1431 
5 -1429 1432 
5 -1429 1433 
5 -1429 1434 
5 -1429 1435 
5 -1429 1436 
5 -1429 1437 
5 -1438 1439 
5 -1438 1440 
5 -1438 1441 
5 -1438 1442 
5 -1438 1443 
5 -1438 1444 
5 -1438 1445 
5 -1438 1446 
5 -1447 1448 
5 -1447 1449 
5 -1447 1450 
5 -1447 1451 
5 -1447 1452 
5 -1447 1453 
5 -1447 1454 
5 -1447 1455 
5 -1456 1457 
5 -1456 1458 
5 -1456 1459 
5 -1456 1460 
5 -1456 1461 
5 -1456 1462 
5 -1456 1463 
5 -1456 1464 
5 -1456 1465 
5 -1466 1467 
5 -1466 1468 
5 -1466 1469 
5 -1466 1470 
5 -1466 1471 
5 -1466 1472 
5 -1466 1473 
5 -1466 1474 
5 -1466 1475 
5 -1476 1477 
5 -1476 1478 
5 -1476 1479 
5 -1476 1480 
5 -1476 1481 
5 -1476 1482 
5 -1476 1483 
5 -1476 1484 
5 -1476 1485 
5 -1486 1487 
5 -1486 1488 
5 -1486 1489 
5 -1486 1490 
5 -1486 1491 
5 -1486 1492 
5 -1486 1493 
5 -1486 1494 
5 -1486 1495 
5 -1496 1497 
5 -1496 1498 
5 -1496 1499 
5 -1496 1500 
5 -1496 1501 
5 -1496 1502 
5 -1496 1503 
5 -1496 1504 
5 -1496 1505 
5 -1506 1507 
5 -1506 1508 
5 -1506 1509 
5 -1506 1510 
5 -1506 1511 
5 -1506 1512 
5 -1506 1513 
5 -1506 1514 
5 -1506 1515 
5 -1516 1517 
5 -1516 1518 
5 -1516 1519 
5 -1516 1520 
5 -1516 1521 
5 -1522 1523 
5 -1522 1524 
5 -1522 1525 
5 -1522 1526 
5 -1522 1527 
5 -1528 1529 
5 -1528 1530 
5 -1528 1531 
5 -1528 1532 
5 -1528 1533 
5 -1534 1535 
5 -1534 1536 
5 -1534 1537 
5 -1534 1538 
5 -1534 1539 
5 -1540 1541 
5 -1540 1542 
5 -1540 1543 
5 -1540 1544 
5 -1540 1545 
5 -1546 1547 
5 -1546 1548 
5 -1546 1549 
5 -1546 1550 
5 -1546 1551 
5 -1546 1552 
5 -1553 1554 
5 -1553 1555 
5 -1553 1556 
5 -1553 1557 
5 -1553 1558 
5 -1553 1559 
5 -1560 1561 
5 -1560 1562 
5 -1560 1563 
5 -1560 1564 
5 -1560 1565 
5 -1560 1566 
5 -1567 1568 
5 -1567 1569 
5 -1567 1570 
5 -1567 1571 
5 -1567 1572 
5 -1567 1573 
5 -1574 1575 
5 -1574 1576 
5 -1574 1577 
5 -1574 1578 
5 -1574 1579 
5 -1574 1580 
5 -1581 1582 
5 -1581 1583 
5 -1581 1584 
5 -1581 1585 
5 -1581 1586 
5 -1581 1587 
5 -1581 1588 
5 -1589 1590 
5 -1589 1591 
5 -1589 1592 
5 -1589 1593 
5 -1589 1594 
5 -1589 1595 
5 -1589 1596 
5 -1597 1598 
5 -1597 1599 
5 -1597 1600 
5 -1597 1601 
5 -1597 1602 
5 -1597 1603 
5 -1597 1604 
5 -1605 1606 
5 -1605 1607 
5 -1605 1608 
5 -1605 1609 
5 -1605 1610 
5 -1605 1611 
5 -1605 1612 
5 -1613 1614 
5 -1613 1615 
5 -1613 1616 
5 -1613 1617 
5 -1613 1618 
5 -1613 1619 
5 -1613 1620 
5 -1621 1622 
5 -1621 1623 
5 -1621 1624 
5 -1621 1625 
5 -1621 1626 
5 -1621 1627 
5 -1621 1628 
5 -1621 1629 
5 -1630 1631 
5 -1630 1632 
5 -1630 1633 
5 -1630 1634 
5 -1630 1635 
5 -1630 1636 
5 -1630 1637 
5 -1630 1638 
5 -1639 1640 
5 -1639 1641 
5 -1639 1642 
5 -1639 1643 
5 -1639 1644 
5 -1639 1645 
5 -1639 1646 
5 -1639 1647 
5 -1648 1649 
5 -1648 1650 
5 -1648 1651 
5 -1648 1652 
5 -1648 1653 
5 -1648 1654 
5 -1648 1655 
5 -1648 1656 
5 -1657 1658 
5 -1657 1659 
5 -1657 1660 
5 -1657 1661 
5 -1657 1662 
5 -1657 1663 
5 -1657 1664 
5 -1657 1665 
5 -1666 1667 
5 -1666 1668 
5 -1666 1669 
5 -1666 1670 
5 -1666 1671 
5 -1672 1673 
5 -1672 1674 
5 -1672 1675 
5 -1672 1676 
5 -1672 1677 
5 -1678 1679 
5 -1678 1680 
5 -1678 1681 
5 -1678 1682 
5 -1678 1683 
5 -1684 1685 
5 -1684 1686 
5 -1684 1687 
5 -1684 1688 
5 -1684 1689 
5 -1690 1691 
5 -1690 1692 
5 -1690 1693 
5 -1690 1694 
5 -1690 1695 
5 -1690 1696 
5 -1697 1698 
5 -1697 1699 
5 -1697 1700 
5 -1697 1701 
5 -1697 1702 
5 -1697 1703 
5 -1704 1705 
5 -1704 1706 
5 -1704 1707 
5 -1704 1708 
5 -1704 1709 
5 -1704 1710 
5 -1711 1712 
5 -1711 1713 
5 -1711 1714 
5 -1711 1715 
5 -1711 1716 
5 -1711 1717 
5 -1718 1719 
5 -1718 1720 
5 -1718 1721 
5 -1718 1722 
5 -1718 1723 
5 -1718 1724 
5 -1718 1725 
5 -1726 1727 
5 -1726 1728 
5 -1726 1729 
5 -1726 1730 
5 -1726 1731 
5 -1726 1732 
5 -1726 1733 
5 -1734 1735 
5 -1734 1736 
5 -1734 1737 
5 -1734 1738 
5 -1734 1739 
5 -1734 1740 
5 -1734 1741 
5 -1742 1743 
5 -1742 1744 
5 -1742 1745 
5 -1742 1746 
5 -1742 1747 
5 -1742 1748 
5 -1742 1749 
5 -1750 1751 
5 -1750 1752 
5 -1750 1753 
5 -1750 1754 
5 -1750 1755 
5 -1756 1757 
5 -1756 1758 
5 -1756 1759 
5 -1756 1760 
5 -1756 1761 
5 -1762 1763 
5 -1762 1764 
5 -1762 1765 
5 -1762 1766 
5 -1762 1767 
5 -1768 1769 
5 -1768 1770 
5 -1768 1771 
5 -1768 1772 
5 -1768 1773 
5 -1768 1774 
5 -1775 1776 
5 -1775 1777 
5 -1775 1778 
5 -1775 1779 
5 -1775 1780 
5 -1775 1781 
5 -1782 1783 
5 -1782 1784 
5 -1782 1785 
5 -1782 1786 
5 -1782 1787 
5 -1782 1788 
5 -1789 1790 
5 -1789 1791 
5 -1789 1792 
5 -1789 1793 
5 -1789 1794 
5 -1795 1796 
5 -1795 1797 
5 -1795 1798 
5 -1795 1799 
5 -1795 1800 
5 -1801 1802 
5 -1803 1804 
5 -1805 1806 
5 -1807 1808 
5 -1809 1810 
5 -1811 1812 
5 -1813 1814 
5 -1815 1816 
5 -1817 1818 
5 -1819 1820 
5 -1819 1821 
5 -1822 1823 
5 -1822 1824 
5 -1825 1826 
5 -1825 1827 
5 -1828 1829 
5 -1828 1830 
5 -1831 1832 
5 -1831 1833 
5 -1834 1835 
5 -1834 1836 
5 -1837 1838 
5 -1837 1839 
5 -1840 1841 
5 -1840 1842 
5 -1843 1844 
5 -1843 1845 
5 -1846 1847 
5 -1846 1848 
5 -1846 1849 
5 -1850 1851 
5 -1850 1852 
5 -1850 1853 
5 -1854 1855 
5 -1854 1856 
5 -1854 1857 
5 -1858 1859 
5 -1858 1860 
5 -1858 1861 
5 -1862 1863 
5 -1862 1864 
5 -1862 1865 
5 -1866 1867 
5 -1866 1868 
5 -1866 1869 
5 -1870 1871 
5 -1870 1872 
5 -1870 1873 
5 -1874 1875 
5 -1874 1876 
5 -1874 1877 
5 -1878 1879 
5 -1878 1880 
5 -1878 1881 
5 -1882 1883 
5 -1882 1884 
5 -1882 1885 
5 -1882 1886 
5 -1887 1888 
5 -1887 1889 
5 -1887 1890 
5 -1887 1891 
5 -1892 1893 
5 -1892 1894 
5 -1892 1895 
5 -1892 1896 
5 -1897 1898 
5 -1897 1899 
5 -1897 1900 
5 -1897 1901 
5 -1902 1903 
5 -1902 1904 
5 -1902 1905 
5 -1902 1906 
5 -1907 1908 
5 -1907 1909 
5 -1907 1910 
5 -1907 1911 
5 -1912 1913 
5 -1912 1914 
5 -1912 1915 
5 -1912 1916 
5 -1917 1918 
5 -1917 1919 
5 -1917 1920 
5 -1917 1921 
5 -1922 1923 
5 -1922 1924 
5 -1922 1925 
5 -1922 1926 
5 -1927 1928 
5 -1927 1929 
5 -1927 1930 
5 -1927 1931 
5 -1927 1932 
5 -1933 1934 
5 -1933 1935 
5 -1933 1936 
5 -1933 1937 
5 -1933 1938 
5 -1939 1940 
5 -1939 1941 
5 -1939 1942 
5 -1939 1943 
5 -1939 1944 
5 -1945 1946 
5 -1945 1947 
5 -1945 1948 
5 -1945 1949 
5 -1945 1950 
5 -1951 1952 
5 -1951 1953 
5 -1951 1954 
5 -1951 1955 
5 -1951 1956 
5 -1957 1958 
5 -1957 1959 
5 -1957 1960 
5 -1957 1961 
5 -1957 1962 
5 -1963 1964 
5 -1963 1965 
5 -1963 1966 
5 -1963 1967 
5 -1963 1968 
5 -1969 1970 
5 -1969 1971 
5 -1969 1972 
5 -1969 1973 
5 -1969 1974 
5 -1975 1976 
5 -1975 1977 
5 -1975 1978 
5 -1975 1979 
5 -1975 1980 
5 -1975 1981 
5 -1982 1983 
5 -1982 1984 
5 -1982 1985 
5 -1982 1986 
5 -1982 1987 
5 -1982 1988 
5 -1989 1990 
5 -1989 1991 
5 -1989 1992 
5 -1989 1993 
5 -1989 1994 
5 -1989 1995 
5 -1996 1997 
5 -1996 1998 
5 -1996 1999 
5 -1996 2000 
5 -1996 2001 
5 -1996 2002 
5 -2003 2004 
5 -2003 2005 
5 -2003 2006 
5 -2003 2007 
5 -2003 2008 
5 -2003 2009 
5 -2010 2011 
5 -2010 2012 
5 -2010 2013 
5 -2010 2014 
5 -2010 2015 
5 -2010 2016 
5 -2017 2018 
5 -2017 2019 
5 -2017 2020 
5 -2017 2021 
5 -2017 2022 
5 -2017 2023 
5 -2024 2025 
5 -2024 2026 
5 -2024 2027 
5 -2024 2028 
5 -2024 2029 
5 -2024 2030 
5 -2031 2032 
5 -2031 2033 
5 -2031 2034 
5 -2031 2035 
5 -2031 2036 
5 -2031 2037 
5 -2031 2038 
5 -2039 2040 
5 -2039 2041 
5 -2039 2042 
5 -2039 2043 
5 -2039 2044 
5 -2039 2045 
5 -2039 2046 
5 -2047 2048 
5 -2047 2049 
5 -2047 2050 
5 -2047 2051 
5 -2047 2052 
5 -2047 2053 
5 -2047 2054 
5 -2055 2056 
5 -2055 2057 
5 -2055 2058 
5 -2055 2059 
5 -2055 2060 
5 -2055 2061 
5 -2055 2062 
5 -2063 2064 
5 -2063 2065 
5 -2063 2066 
5 -2063 2067 
5 -2063 2068 
5 -2063 2069 
5 -2063 2070 
5 -2071 2072 
5 -2071 2073 
5 -2071 2074 
5 -2071 2075 
5 -2071 2076 
5 -2071 2077 
5 -2071 2078 
5 -2079 2080 
5 -2079 2081 
5 -2079 2082 
5 -2079 2083 
5 -2079 2084 
5 -2079 2085 
5 -2079 2086 
5 -2087 2088 
5 -2087 2089 
5 -2087 2090 
5 -2087 2091 
5 -2087 2092 
5 -2087 2093 
5 -2087 2094 
5 -2095 2096 
5 -2095 2097 
5 -2095 2098 
5 -2095 2099 
5 -2095 2100 
5 -2101 2102 
5 -2101 2103 
5 -2101 2104 
5 -2101 2105 
5 -2101 2106 
5 -2107 2108 
5 -2107 2109 
5 -2107 2110 
5 -2107 2111 
5 -2107 2112 
5 -2113 2114 
5 -2113 2115 
5 -2113 2116 
5 -2113 2117 
5 -2113 2118 
5 -2119 2120 
5 -2119 2121 
5 -2119 2122 
5 -2119 2123 
5 -2119 2124 
5 -2125 2126 
5 -2125 2127 
5 -2125 2128 
5 -2125 2129 
5 -2125 2130 
5 -2131 2132 
5 -2131 2133 
5 -2131 2134 
5 -2131 2135 
5 -2131 2136 
5 -2137 2138 
5 -2137 2139 
5 -2137 2140 
5 -2137 2141 
5 -2137 2142 
5 -2137 2143 
5 -2144 2145 
5 -2144 2146 
5 -2144 2147 
5 -2144 2148 
5 -2144 2149 
5 -2144 2150 
5 -2151 2152 
5 -2151 2153 
5 -2151 2154 
5 -2151 2155 
5 -2151 2156 
5 -2151 2157 
5 -2158 2159 
5 -2158 2160 
5 -2158 2161 
5 -2158 2162 
5 -2158 2163 
5 -2158 2164 
5 -2165 2166 
5 -2165 2167 
5 -2165 2168 
5 -2165 2169 
5 -2165 2170 
5 -2165 2171 
5 -2172 2173 
5 -2172 2174 
5 -2172 2175 
5 -2172 2176 
5 -2172 2177 
5 -2172 2178 
5 -2179 2180 
5 -2179 2181 
5 -2179 2182 
5 -2179 2183 
5 -2179 2184 
5 -2179 2185 
5 -2186 2187 
5 -2186 2188 
5 -2186 2189 
5 -2186 2190 
5 -2186 2191 
5 -2192 2193 
5 -2192 2194 
5 -2192 2195 
5 -2192 2196 
5 -2192 2197 
5 -2198 2199 
5 -2198 2200 
5 -2198 2201 
5 -2198 2202 
5 -2198 2203 
5 -2204 2205 
5 -2204 2206 
5 -2204 2207 
5 -2204 2208 
5 -2204 2209 
5 -2210 2211 
5 -2210 2212 
5 -2210 2213 
5 -2210 2214 
5 -2210 2215 
5 -2216 2217 
5 -2216 2218 
5 -2216 2219 
5 -2216 2220 
5 -2216 2221 
5 -2222 2223 
5 -2224 2225 
5 -2226 2227 
5 -2228 2229 
5 -2230 2231 
1 2231 
2 2229 
3 2227 
4 2225 
5 2223 
