p wcnf 2432 2429 10
10 -10 1 
10 -12 1 
10 -14 1 
10 -16 1 
10 -18 1 
10 -20 1 
10 -22 1 
10 -24 1 
10 -26 1 
10 -28 1 
10 -31 1 
10 -34 1 
10 -37 1 
10 -40 1 
10 -43 1 
10 -46 1 
10 -49 1 
10 -52 1 
10 -55 1 
10 -59 1 
10 -63 1 
10 -67 1 
10 -71 1 
10 -75 1 
10 -79 1 
10 -83 1 
10 -87 1 
10 -91 1 
10 -96 1 
10 -101 1 
10 -106 1 
10 -111 1 
10 -116 1 
10 -121 1 
10 -126 1 
10 -131 1 
10 -136 1 
10 -142 1 
10 -148 1 
10 -154 1 
10 -160 1 
10 -166 1 
10 -172 1 
10 -178 1 
10 -184 1 
10 -190 1 
10 -197 1 
10 -204 1 
10 -211 1 
10 -218 1 
10 -225 1 
10 -232 1 
10 -239 1 
10 -246 1 
10 -253 1 
10 -261 1 
10 -269 1 
10 -277 1 
10 -285 1 
10 -293 1 
10 -301 1 
10 -309 1 
10 -317 1 
10 -325 1 
10 -334 1 
10 -343 1 
10 -352 1 
10 -361 1 
10 -370 1 
10 -379 1 
10 -388 1 
10 -397 1 
10 -406 10 
10 -413 10 
10 -420 10 
10 -427 10 
10 -434 10 
10 -441 10 
10 -448 10 
10 -455 10 
10 -462 10 
10 -470 10 
10 -478 10 
10 -486 10 
10 -494 10 
10 -502 10 
10 -510 10 
10 -518 10 
10 -526 10 
10 -535 10 
10 -544 10 
10 -553 10 
10 -562 10 
10 -571 10 
10 -580 10 
10 -589 10 
10 -598 10 
10 -608 10 
10 -618 10 
10 -628 10 
10 -638 10 
10 -648 10 
10 -658 10 
10 -668 10 
10 -678 10 
10 -689 10 
10 -700 10 
10 -711 10 
10 -722 10 
10 -733 10 
10 -744 10 
10 -755 10 
10 -766 10 
10 -778 10 
10 -790 10 
10 -802 10 
10 -814 10 
10 -826 10 
10 -838 10 
10 -850 10 
10 -862 10 
10 -875 10 
10 -888 10 
10 -901 10 
10 -914 10 
10 -927 10 
10 -940 10 
10 -953 10 
10 -966 28 406 413 420 427 434 441 448 455 
10 -973 28 406 413 420 427 434 441 448 455 
10 -980 28 406 413 420 427 434 441 448 455 
10 -987 28 406 413 420 427 434 441 448 455 
10 -994 28 406 413 420 427 434 441 448 455 
10 -1001 28 406 413 420 427 434 441 448 455 
10 -1008 28 406 413 420 427 434 441 448 455 
10 -1015 28 406 413 420 427 434 441 448 455 
10 -1023 28 406 413 420 427 434 441 448 455 
10 -1031 28 406 413 420 427 434 441 448 455 
10 -1039 28 406 413 420 427 434 441 448 455 
10 -1047 28 406 413 420 427 434 441 448 455 
10 -1055 28 406 413 420 427 434 441 448 455 
10 -1063 28 406 413 420 427 434 441 448 455 
10 -1071 28 406 413 420 427 434 441 448 455 
10 -1080 28 406 413 420 427 434 441 448 455 
10 -1089 28 406 413 420 427 434 441 448 455 
10 -1098 28 406 413 420 427 434 441 448 455 
10 -1107 28 406 413 420 427 434 441 448 455 
10 -1116 28 406 413 420 427 434 441 448 455 
10 -1125 28 406 413 420 427 434 441 448 455 
10 -1134 28 406 413 420 427 434 441 448 455 
10 -1144 28 406 413 420 427 434 441 448 455 
10 -1154 28 406 413 420 427 434 441 448 455 
10 -1164 28 406 413 420 427 434 441 448 455 
10 -1174 28 406 413 420 427 434 441 448 455 
10 -1184 28 406 413 420 427 434 441 448 455 
10 -1194 28 406 413 420 427 434 441 448 455 
10 -1204 28 406 413 420 427 434 441 448 455 
10 -1215 28 406 413 420 427 434 441 448 455 
10 -1226 28 406 413 420 427 434 441 448 455 
10 -1237 28 406 413 420 427 434 441 448 455 
10 -1248 28 406 413 420 427 434 441 448 455 
10 -1259 28 406 413 420 427 434 441 448 455 
10 -1270 28 406 413 420 427 434 441 448 455 
10 -1281 28 406 413 420 427 434 441 448 455 
10 -1293 28 406 413 420 427 434 441 448 455 
10 -1305 28 406 413 420 427 434 441 448 455 
10 -1317 28 406 413 420 427 434 441 448 455 
10 -1329 28 406 413 420 427 434 441 448 455 
10 -1341 28 406 413 420 427 434 441 448 455 
10 -1353 28 406 413 420 427 434 441 448 455 
10 -1365 55 462 470 478 486 494 502 510 518 966 973 980 987 994 1001 1008 
10 -1372 55 462 470 478 486 494 502 510 518 966 973 980 987 994 1001 1008 
10 -1379 55 462 470 478 486 494 502 510 518 966 973 980 987 994 1001 1008 
10 -1386 55 462 470 478 486 494 502 510 518 966 973 980 987 994 1001 1008 
10 -1393 55 462 470 478 486 494 502 510 518 966 973 980 987 994 1001 1008 
10 -1400 55 462 470 478 486 494 502 510 518 966 973 980 987 994 1001 1008 
10 -1407 55 462 470 478 486 494 502 510 518 966 973 980 987 994 1001 1008 
10 -1415 55 462 470 478 486 494 502 510 518 966 973 980 987 994 1001 1008 
10 -1423 55 462 470 478 486 494 502 510 518 966 973 980 987 994 1001 1008 
10 -1431 55 462 470 478 486 494 502 510 518 966 973 980 987 994 1001 1008 
10 -1439 55 462 470 478 486 494 502 510 518 966 973 980 987 994 1001 1008 
10 -1447 55 462 470 478 486 494 502 510 518 966 973 980 987 994 1001 1008 
10 -1455 55 462 470 478 486 494 502 510 518 966 973 980 987 994 1001 1008 
10 -1464 55 462 470 478 486 494 502 510 518 966 973 980 987 994 1001 1008 
10 -1473 55 462 470 478 486 494 502 510 518 966 973 980 987 994 1001 1008 
10 -1482 55 462 470 478 486 494 502 510 518 966 973 980 987 994 1001 1008 
10 -1491 55 462 470 478 486 494 502 510 518 966 973 980 987 994 1001 1008 
10 -1500 55 462 470 478 486 494 502 510 518 966 973 980 987 994 1001 1008 
10 -1509 55 462 470 478 486 494 502 510 518 966 973 980 987 994 1001 1008 
10 -1519 55 462 470 478 486 494 502 510 518 966 973 980 987 994 1001 1008 
10 -1529 55 462 470 478 486 494 502 510 518 966 973 980 987 994 1001 1008 
10 -1539 55 462 470 478 486 494 502 510 518 966 973 980 987 994 1001 1008 
10 -1549 55 462 470 478 486 494 502 510 518 966 973 980 987 994 1001 1008 
10 -1559 55 462 470 478 486 494 502 510 518 966 973 980 987 994 1001 1008 
10 -1569 55 462 470 478 486 494 502 510 518 966 973 980 987 994 1001 1008 
10 -1580 55 462 470 478 486 494 502 510 518 966 973 980 987 994 1001 1008 
10 -1591 55 462 470 478 486 494 502 510 518 966 973 980 987 994 1001 1008 
10 -1602 55 462 470 478 486 494 502 510 518 966 973 980 987 994 1001 1008 
10 -1613 55 462 470 478 486 494 502 510 518 966 973 980 987 994 1001 1008 
10 -1624 55 462 470 478 486 494 502 510 518 966 973 980 987 994 1001 1008 
10 -1635 91 526 535 544 553 562 571 580 589 1015 1023 1031 1039 1047 1055 1063 1365 1372 1379 1386 1393 1400 
10 -1642 91 526 535 544 553 562 571 580 589 1015 1023 1031 1039 1047 1055 1063 1365 1372 1379 1386 1393 1400 
10 -1649 91 526 535 544 553 562 571 580 589 1015 1023 1031 1039 1047 1055 1063 1365 1372 1379 1386 1393 1400 
10 -1656 91 526 535 544 553 562 571 580 589 1015 1023 1031 1039 1047 1055 1063 1365 1372 1379 1386 1393 1400 
10 -1663 91 526 535 544 553 562 571 580 589 1015 1023 1031 1039 1047 1055 1063 1365 1372 1379 1386 1393 1400 
10 -1670 91 526 535 544 553 562 571 580 589 1015 1023 1031 1039 1047 1055 1063 1365 1372 1379 1386 1393 1400 
10 -1678 91 526 535 544 553 562 571 580 589 1015 1023 1031 1039 1047 1055 1063 1365 1372 1379 1386 1393 1400 
10 -1686 91 526 535 544 553 562 571 580 589 1015 1023 1031 1039 1047 1055 1063 1365 1372 1379 1386 1393 1400 
10 -1694 91 526 535 544 553 562 571 580 589 1015 1023 1031 1039 1047 1055 1063 1365 1372 1379 1386 1393 1400 
10 -1702 91 526 535 544 553 562 571 580 589 1015 1023 1031 1039 1047 1055 1063 1365 1372 1379 1386 1393 1400 
10 -1710 91 526 535 544 553 562 571 580 589 1015 1023 1031 1039 1047 1055 1063 1365 1372 1379 1386 1393 1400 
10 -1719 91 526 535 544 553 562 571 580 589 1015 1023 1031 1039 1047 1055 1063 1365 1372 1379 1386 1393 1400 
10 -1728 91 526 535 544 553 562 571 580 589 1015 1023 1031 1039 1047 1055 1063 1365 1372 1379 1386 1393 1400 
10 -1737 91 526 535 544 553 562 571 580 589 1015 1023 1031 1039 1047 1055 1063 1365 1372 1379 1386 1393 1400 
10 -1746 91 526 535 544 553 562 571 580 589 1015 1023 1031 1039 1047 1055 1063 1365 1372 1379 1386 1393 1400 
10 -1755 91 526 535 544 553 562 571 580 589 1015 1023 1031 1039 1047 1055 1063 1365 1372 1379 1386 1393 1400 
10 -1765 91 526 535 544 553 562 571 580 589 1015 1023 1031 1039 1047 1055 1063 1365 1372 1379 1386 1393 1400 
10 -1775 91 526 535 544 553 562 571 580 589 1015 1023 1031 1039 1047 1055 1063 1365 1372 1379 1386 1393 1400 
10 -1785 91 526 535 544 553 562 571 580 589 1015 1023 1031 1039 1047 1055 1063 1365 1372 1379 1386 1393 1400 
10 -1795 91 526 535 544 553 562 571 580 589 1015 1023 1031 1039 1047 1055 1063 1365 1372 1379 1386 1393 1400 
10 -1805 136 598 608 618 628 638 648 658 668 1071 1080 1089 1098 1107 1116 1125 1407 1415 1423 1431 1439 1447 1635 1642 1649 1656 1663 
10 -1812 136 598 608 618 628 638 648 658 668 1071 1080 1089 1098 1107 1116 1125 1407 1415 1423 1431 1439 1447 1635 1642 1649 1656 1663 
10 -1819 136 598 608 618 628 638 648 658 668 1071 1080 1089 1098 1107 1116 1125 1407 1415 1423 1431 1439 1447 1635 1642 1649 1656 1663 
10 -1826 136 598 608 618 628 638 648 658 668 1071 1080 1089 1098 1107 1116 1125 1407 1415 1423 1431 1439 1447 1635 1642 1649 1656 1663 
10 -1833 136 598 608 618 628 638 648 658 668 1071 1080 1089 1098 1107 1116 1125 1407 1415 1423 1431 1439 1447 1635 1642 1649 1656 1663 
10 -1841 136 598 608 618 628 638 648 658 668 1071 1080 1089 1098 1107 1116 1125 1407 1415 1423 1431 1439 1447 1635 1642 1649 1656 1663 
10 -1849 136 598 608 618 628 638 648 658 668 1071 1080 1089 1098 1107 1116 1125 1407 1415 1423 1431 1439 1447 1635 1642 1649 1656 1663 
10 -1857 136 598 608 618 628 638 648 658 668 1071 1080 1089 1098 1107 1116 1125 1407 1415 1423 1431 1439 1447 1635 1642 1649 1656 1663 
10 -1865 136 598 608 618 628 638 648 658 668 1071 1080 1089 1098 1107 1116 1125 1407 1415 1423 1431 1439 1447 1635 1642 1649 1656 1663 
10 -1874 136 598 608 618 628 638 648 658 668 1071 1080 1089 1098 1107 1116 1125 1407 1415 1423 1431 1439 1447 1635 1642 1649 1656 1663 
10 -1883 136 598 608 618 628 638 648 658 668 1071 1080 1089 1098 1107 1116 1125 1407 1415 1423 1431 1439 1447 1635 1642 1649 1656 1663 
10 -1892 136 598 608 618 628 638 648 658 668 1071 1080 1089 1098 1107 1116 1125 1407 1415 1423 1431 1439 1447 1635 1642 1649 1656 1663 
10 -1901 190 678 689 700 711 722 733 744 755 1134 1144 1154 1164 1174 1184 1194 1455 1464 1473 1482 1491 1500 1670 1678 1686 1694 1702 
10 -1908 190 678 689 700 711 722 733 744 755 1134 1144 1154 1164 1174 1184 1194 1455 1464 1473 1482 1491 1500 1670 1678 1686 1694 1702 
10 -1915 190 678 689 700 711 722 733 744 755 1134 1144 1154 1164 1174 1184 1194 1455 1464 1473 1482 1491 1500 1670 1678 1686 1694 1702 
10 -1922 190 678 689 700 711 722 733 744 755 1134 1144 1154 1164 1174 1184 1194 1455 1464 1473 1482 1491 1500 1670 1678 1686 1694 1702 
10 -1930 190 678 689 700 711 722 733 744 755 1134 1144 1154 1164 1174 1184 1194 1455 1464 1473 1482 1491 1500 1670 1678 1686 1694 1702 
10 -1938 190 678 689 700 711 722 733 744 755 1134 1144 1154 1164 1174 1184 1194 1455 1464 1473 1482 1491 1500 1670 1678 1686 1694 1702 
10 -1946 253 766 778 790 802 814 826 838 850 1204 1215 1226 1237 1248 1259 1270 1509 1519 1529 1539 1549 1559 1710 1719 1728 1737 1746 
10 -1953 253 766 778 790 802 814 826 838 850 1204 1215 1226 1237 1248 1259 1270 1509 1519 1529 1539 1549 1559 1710 1719 1728 1737 1746 
10 -1960 1 
10 -1962 1 
10 -1964 1 
10 -1966 1 
10 -1968 1 
10 -1970 1 
10 -1972 1 
10 -1974 1 
10 -1976 1 
10 -1978 1 
10 -1981 1 
10 -1984 1 
10 -1987 1 
10 -1990 1 
10 -1993 1 
10 -1996 1 
10 -1999 1 
10 -2002 1 
10 -2005 1 
10 -2009 1 
10 -2013 1 
10 -2017 1 
10 -2021 1 
10 -2025 1 
10 -2029 1 
10 -2033 1 
10 -2037 1 
10 -2041 1 
10 -2046 1 
10 -2051 1 
10 -2056 1 
10 -2061 1 
10 -2066 1 
10 -2071 1 
10 -2076 1 
10 -2081 1 
10 -2086 1960 
10 -2093 1960 
10 -2100 1960 
10 -2107 1960 
10 -2114 1960 
10 -2121 1960 
10 -2128 1960 
10 -2135 1960 
10 -2142 1960 
10 -2150 1960 
10 -2158 1960 
10 -2166 1960 
10 -2174 1960 
10 -2182 1960 
10 -2190 1960 
10 -2198 1960 
10 -2206 1960 
10 -2215 1960 
10 -2224 1960 
10 -2233 1960 
10 -2242 1960 
10 -2251 1960 
10 -2260 1960 
10 -2269 1960 
10 -2278 1978 2086 2093 2100 2107 2114 2121 2128 2135 
10 -2285 1978 2086 2093 2100 2107 2114 2121 2128 2135 
10 -2292 1978 2086 2093 2100 2107 2114 2121 2128 2135 
10 -2299 1978 2086 2093 2100 2107 2114 2121 2128 2135 
10 -2306 1978 2086 2093 2100 2107 2114 2121 2128 2135 
10 -2313 1978 2086 2093 2100 2107 2114 2121 2128 2135 
10 -2320 1978 2086 2093 2100 2107 2114 2121 2128 2135 
10 -2327 1978 2086 2093 2100 2107 2114 2121 2128 2135 
10 -2335 1978 2086 2093 2100 2107 2114 2121 2128 2135 
10 -2343 1978 2086 2093 2100 2107 2114 2121 2128 2135 
10 -2351 1978 2086 2093 2100 2107 2114 2121 2128 2135 
10 -2359 1978 2086 2093 2100 2107 2114 2121 2128 2135 
10 -2367 1978 2086 2093 2100 2107 2114 2121 2128 2135 
10 -2375 1978 2086 2093 2100 2107 2114 2121 2128 2135 
10 -2383 2005 2142 2150 2158 2166 2174 2182 2190 2198 2278 2285 2292 2299 2306 2313 2320 
10 -2390 2005 2142 2150 2158 2166 2174 2182 2190 2198 2278 2285 2292 2299 2306 2313 2320 
10 -2397 2005 2142 2150 2158 2166 2174 2182 2190 2198 2278 2285 2292 2299 2306 2313 2320 
10 -2404 2005 2142 2150 2158 2166 2174 2182 2190 2198 2278 2285 2292 2299 2306 2313 2320 
10 -2411 2005 2142 2150 2158 2166 2174 2182 2190 2198 2278 2285 2292 2299 2306 2313 2320 
10 -2418 2005 2142 2150 2158 2166 2174 2182 2190 2198 2278 2285 2292 2299 2306 2313 2320 
10 -2425 325 334 343 352 361 370 379 388 397 862 875 888 901 914 927 940 953 1281 1293 1305 1317 1329 1341 1353 1569 1580 1591 1602 1613 1624 1755 1765 1775 1785 1795 1865 1874 1883 1892 1922 1930 1938 1946 1953 2041 2206 2215 2224 2233 2242 2251 2260 2269 2327 2335 2343 2351 2359 2367 2375 2383 2390 2397 2404 2411 2418 
10 -2426 325 334 343 352 361 370 379 388 397 862 875 888 901 914 927 940 953 1281 1293 1305 1317 1329 1341 1353 1569 1580 1591 1602 1613 1624 1755 1765 1775 1785 1795 1865 1874 1883 1892 1922 1930 1938 1946 1953 2041 2206 2215 2224 2233 2242 2251 2260 2269 2327 2335 2343 2351 2359 2367 2375 2383 2390 2397 2404 2411 2418 
10 -2427 325 334 343 352 361 370 379 388 397 862 875 888 901 914 927 940 953 1281 1293 1305 1317 1329 1341 1353 1569 1580 1591 1602 1613 1624 1755 1765 1775 1785 1795 1865 1874 1883 1892 1922 1930 1938 1946 1953 2041 2206 2215 2224 2233 2242 2251 2260 2269 2327 2335 2343 2351 2359 2367 2375 2383 2390 2397 2404 2411 2418 
10 -2428 325 334 343 352 361 370 379 388 397 862 875 888 901 914 927 940 953 1281 1293 1305 1317 1329 1341 1353 1569 1580 1591 1602 1613 1624 1755 1765 1775 1785 1795 1865 1874 1883 1892 1922 1930 1938 1946 1953 2041 2206 2215 2224 2233 2242 2251 2260 2269 2327 2335 2343 2351 2359 2367 2375 2383 2390 2397 2404 2411 2418 
10 -2429 325 334 343 352 361 370 379 388 397 862 875 888 901 914 927 940 953 1281 1293 1305 1317 1329 1341 1353 1569 1580 1591 1602 1613 1624 1755 1765 1775 1785 1795 1865 1874 1883 1892 1922 1930 1938 1946 1953 2041 2206 2215 2224 2233 2242 2251 2260 2269 2327 2335 2343 2351 2359 2367 2375 2383 2390 2397 2404 2411 2418 
10 10 12 14 16 18 20 22 24 26 28 31 34 37 40 43 46 49 52 55 59 63 67 71 75 79 83 87 91 96 101 106 111 116 121 126 131 136 142 148 154 160 166 172 178 184 190 197 204 211 218 225 232 239 246 253 261 269 277 285 293 301 309 317 325 334 343 352 361 370 379 388 397 
10 10 12 14 16 18 20 22 24 26 28 31 34 37 40 43 46 49 52 55 59 63 67 71 75 79 83 87 91 96 101 106 111 116 121 126 131 136 142 148 154 160 166 172 178 184 190 197 204 211 218 225 232 239 246 253 261 269 277 285 293 301 309 317 325 334 343 352 361 370 379 388 397 406 413 420 427 434 441 448 455 462 470 478 486 494 502 510 518 526 535 544 553 562 571 580 589 598 608 618 628 638 648 658 668 678 689 700 711 722 733 744 755 766 778 790 802 814 826 838 850 862 875 888 901 914 927 940 953 
10 28 31 34 37 40 43 46 49 52 55 59 63 67 71 75 79 83 87 91 96 101 106 111 116 121 126 131 136 142 148 154 160 166 172 178 184 190 197 204 211 218 225 232 239 246 253 261 269 277 285 293 301 309 317 325 334 343 352 361 370 379 388 397 406 413 420 427 434 441 448 455 462 470 478 486 494 502 510 518 526 535 544 553 562 571 580 589 598 608 618 628 638 648 658 668 678 689 700 711 722 733 744 755 766 778 790 802 814 826 838 850 862 875 888 901 914 927 940 953 966 973 980 987 994 1001 1008 1015 1023 1031 1039 1047 1055 1063 1071 1080 1089 1098 1107 1116 1125 1134 1144 1154 1164 1174 1184 1194 1204 1215 1226 1237 1248 1259 1270 1281 1293 1305 1317 1329 1341 1353 
10 55 59 63 67 71 75 79 83 87 91 96 101 106 111 116 121 126 131 136 142 148 154 160 166 172 178 184 190 197 204 211 218 225 232 239 246 253 261 269 277 285 293 301 309 317 325 334 343 352 361 370 379 388 397 406 413 420 427 434 441 448 455 462 470 478 486 494 502 510 518 526 535 544 553 562 571 580 589 598 608 618 628 638 648 658 668 678 689 700 711 722 733 744 755 766 778 790 802 814 826 838 850 862 875 888 901 914 927 940 953 966 973 980 987 994 1001 1008 1015 1023 1031 1039 1047 1055 1063 1071 1080 1089 1098 1107 1116 1125 1134 1144 1154 1164 1174 1184 1194 1204 1215 1226 1237 1248 1259 1270 1281 1293 1305 1317 1329 1341 1353 1365 1372 1379 1386 1393 1400 1407 1415 1423 1431 1439 1447 1455 1464 1473 1482 1491 1500 1509 1519 1529 1539 1549 1559 1569 1580 1591 1602 1613 1624 
10 91 96 101 106 111 116 121 126 131 136 142 148 154 160 166 172 178 184 190 197 204 211 218 225 232 239 246 253 261 269 277 285 293 301 309 317 325 334 343 352 361 370 379 388 397 406 413 420 427 434 441 448 455 462 470 478 486 494 502 510 518 526 535 544 553 562 571 580 589 598 608 618 628 638 648 658 668 678 689 700 711 722 733 744 755 766 778 790 802 814 826 838 850 862 875 888 901 914 927 940 953 966 973 980 987 994 1001 1008 1015 1023 1031 1039 1047 1055 1063 1071 1080 1089 1098 1107 1116 1125 1134 1144 1154 1164 1174 1184 1194 1204 1215 1226 1237 1248 1259 1270 1281 1293 1305 1317 1329 1341 1353 1365 1372 1379 1386 1393 1400 1407 1415 1423 1431 1439 1447 1455 1464 1473 1482 1491 1500 1509 1519 1529 1539 1549 1559 1569 1580 1591 1602 1613 1624 1635 1642 1649 1656 1663 1670 1678 1686 1694 1702 1710 1719 1728 1737 1746 1755 1765 1775 1785 1795 
10 136 142 148 154 160 166 172 178 184 190 197 204 211 218 225 232 239 246 253 261 269 277 285 293 301 309 317 325 334 343 352 361 370 379 388 397 406 413 420 427 434 441 448 455 462 470 478 486 494 502 510 518 526 535 544 553 562 571 580 589 598 608 618 628 638 648 658 668 678 689 700 711 722 733 744 755 766 778 790 802 814 826 838 850 862 875 888 901 914 927 940 953 966 973 980 987 994 1001 1008 1015 1023 1031 1039 1047 1055 1063 1071 1080 1089 1098 1107 1116 1125 1134 1144 1154 1164 1174 1184 1194 1204 1215 1226 1237 1248 1259 1270 1281 1293 1305 1317 1329 1341 1353 1365 1372 1379 1386 1393 1400 1407 1415 1423 1431 1439 1447 1455 1464 1473 1482 1491 1500 1509 1519 1529 1539 1549 1559 1569 1580 1591 1602 1613 1624 1635 1642 1649 1656 1663 1670 1678 1686 1694 1702 1710 1719 1728 1737 1746 1755 1765 1775 1785 1795 1805 1812 1819 1826 1833 1841 1849 1857 1865 1874 1883 1892 
10 190 197 204 211 218 225 232 239 246 253 261 269 277 285 293 301 309 317 325 334 343 352 361 370 379 388 397 406 413 420 427 434 441 448 455 462 470 478 486 494 502 510 518 526 535 544 553 562 571 580 589 598 608 618 628 638 648 658 668 678 689 700 711 722 733 744 755 766 778 790 802 814 826 838 850 862 875 888 901 914 927 940 953 966 973 980 987 994 1001 1008 1015 1023 1031 1039 1047 1055 1063 1071 1080 1089 1098 1107 1116 1125 1134 1144 1154 1164 1174 1184 1194 1204 1215 1226 1237 1248 1259 1270 1281 1293 1305 1317 1329 1341 1353 1365 1372 1379 1386 1393 1400 1407 1415 1423 1431 1439 1447 1455 1464 1473 1482 1491 1500 1509 1519 1529 1539 1549 1559 1569 1580 1591 1602 1613 1624 1635 1642 1649 1656 1663 1670 1678 1686 1694 1702 1710 1719 1728 1737 1746 1755 1765 1775 1785 1795 1805 1812 1819 1826 1833 1841 1849 1857 1865 1874 1883 1892 1901 1908 1915 1922 1930 1938 
10 253 261 269 277 285 293 301 309 317 325 334 343 352 361 370 379 388 397 406 413 420 427 434 441 448 455 462 470 478 486 494 502 510 518 526 535 544 553 562 571 580 589 598 608 618 628 638 648 658 668 678 689 700 711 722 733 744 755 766 778 790 802 814 826 838 850 862 875 888 901 914 927 940 953 966 973 980 987 994 1001 1008 1015 1023 1031 1039 1047 1055 1063 1071 1080 1089 1098 1107 1116 1125 1134 1144 1154 1164 1174 1184 1194 1204 1215 1226 1237 1248 1259 1270 1281 1293 1305 1317 1329 1341 1353 1365 1372 1379 1386 1393 1400 1407 1415 1423 1431 1439 1447 1455 1464 1473 1482 1491 1500 1509 1519 1529 1539 1549 1559 1569 1580 1591 1602 1613 1624 1635 1642 1649 1656 1663 1670 1678 1686 1694 1702 1710 1719 1728 1737 1746 1755 1765 1775 1785 1795 1805 1812 1819 1826 1833 1841 1849 1857 1865 1874 1883 1892 1901 1908 1915 1922 1930 1938 1946 1953 
10 1960 1962 1964 1966 1968 1970 1972 1974 1976 1978 1981 1984 1987 1990 1993 1996 1999 2002 2005 2009 2013 2017 2021 2025 2029 2033 2037 2041 2046 2051 2056 2061 2066 2071 2076 2081 
10 1960 1962 1964 1966 1968 1970 1972 1974 1976 1978 1981 1984 1987 1990 1993 1996 1999 2002 2005 2009 2013 2017 2021 2025 2029 2033 2037 2041 2046 2051 2056 2061 2066 2071 2076 2081 2086 2093 2100 2107 2114 2121 2128 2135 2142 2150 2158 2166 2174 2182 2190 2198 2206 2215 2224 2233 2242 2251 2260 2269 
10 1978 1981 1984 1987 1990 1993 1996 1999 2002 2005 2009 2013 2017 2021 2025 2029 2033 2037 2041 2046 2051 2056 2061 2066 2071 2076 2081 2086 2093 2100 2107 2114 2121 2128 2135 2142 2150 2158 2166 2174 2182 2190 2198 2206 2215 2224 2233 2242 2251 2260 2269 2278 2285 2292 2299 2306 2313 2320 2327 2335 2343 2351 2359 2367 2375 
10 2005 2009 2013 2017 2021 2025 2029 2033 2037 2041 2046 2051 2056 2061 2066 2071 2076 2081 2086 2093 2100 2107 2114 2121 2128 2135 2142 2150 2158 2166 2174 2182 2190 2198 2206 2215 2224 2233 2242 2251 2260 2269 2278 2285 2292 2299 2306 2313 2320 2327 2335 2343 2351 2359 2367 2375 2383 2390 2397 2404 2411 2418 
10 -10 11 
10 -12 13 
10 -14 15 
10 -16 17 
10 -18 19 
10 -20 21 
10 -22 23 
10 -24 25 
10 -26 27 
10 -28 29 
10 -28 30 
10 -31 32 
10 -31 33 
10 -34 35 
10 -34 36 
10 -37 38 
10 -37 39 
10 -40 41 
10 -40 42 
10 -43 44 
10 -43 45 
10 -46 47 
10 -46 48 
10 -49 50 
10 -49 51 
10 -52 53 
10 -52 54 
10 -55 56 
10 -55 57 
10 -55 58 
10 -59 60 
10 -59 61 
10 -59 62 
10 -63 64 
10 -63 65 
10 -63 66 
10 -67 68 
10 -67 69 
10 -67 70 
10 -71 72 
10 -71 73 
10 -71 74 
10 -75 76 
10 -75 77 
10 -75 78 
10 -79 80 
10 -79 81 
10 -79 82 
10 -83 84 
10 -83 85 
10 -83 86 
10 -87 88 
10 -87 89 
10 -87 90 
10 -91 92 
10 -91 93 
10 -91 94 
10 -91 95 
10 -96 97 
10 -96 98 
10 -96 99 
10 -96 100 
10 -101 102 
10 -101 103 
10 -101 104 
10 -101 105 
10 -106 107 
10 -106 108 
10 -106 109 
10 -106 110 
10 -111 112 
10 -111 113 
10 -111 114 
10 -111 115 
10 -116 117 
10 -116 118 
10 -116 119 
10 -116 120 
10 -121 122 
10 -121 123 
10 -121 124 
10 -121 125 
10 -126 127 
10 -126 128 
10 -126 129 
10 -126 130 
10 -131 132 
10 -131 133 
10 -131 134 
10 -131 135 
10 -136 137 
10 -136 138 
10 -136 139 
10 -136 140 
10 -136 141 
10 -142 143 
10 -142 144 
10 -142 145 
10 -142 146 
10 -142 147 
10 -148 149 
10 -148 150 
10 -148 151 
10 -148 152 
10 -148 153 
10 -154 155 
10 -154 156 
10 -154 157 
10 -154 158 
10 -154 159 
10 -160 161 
10 -160 162 
10 -160 163 
10 -160 164 
10 -160 165 
10 -166 167 
10 -166 168 
10 -166 169 
10 -166 170 
10 -166 171 
10 -172 173 
10 -172 174 
10 -172 175 
10 -172 176 
10 -172 177 
10 -178 179 
10 -178 180 
10 -178 181 
10 -178 182 
10 -178 183 
10 -184 185 
10 -184 186 
10 -184 187 
10 -184 188 
10 -184 189 
10 -190 191 
10 -190 192 
10 -190 193 
10 -190 194 
10 -190 195 
10 -190 196 
10 -197 198 
10 -197 199 
10 -197 200 
10 -197 201 
10 -197 202 
10 -197 203 
10 -204 205 
10 -204 206 
10 -204 207 
10 -204 208 
10 -204 209 
10 -204 210 
10 -211 212 
10 -211 213 
10 -211 214 
10 -211 215 
10 -211 216 
10 -211 217 
10 -218 219 
10 -218 220 
10 -218 221 
10 -218 222 
10 -218 223 
10 -218 224 
10 -225 226 
10 -225 227 
10 -225 228 
10 -225 229 
10 -225 230 
10 -225 231 
10 -232 233 
10 -232 234 
10 -232 235 
10 -232 236 
10 -232 237 
10 -232 238 
10 -239 240 
10 -239 241 
10 -239 242 
10 -239 243 
10 -239 244 
10 -239 245 
10 -246 247 
10 -246 248 
10 -246 249 
10 -246 250 
10 -246 251 
10 -246 252 
10 -253 254 
10 -253 255 
10 -253 256 
10 -253 257 
10 -253 258 
10 -253 259 
10 -253 260 
10 -261 262 
10 -261 263 
10 -261 264 
10 -261 265 
10 -261 266 
10 -261 267 
10 -261 268 
10 -269 270 
10 -269 271 
10 -269 272 
10 -269 273 
10 -269 274 
10 -269 275 
10 -269 276 
10 -277 278 
10 -277 279 
10 -277 280 
10 -277 281 
10 -277 282 
10 -277 283 
10 -277 284 
10 -285 286 
10 -285 287 
10 -285 288 
10 -285 289 
10 -285 290 
10 -285 291 
10 -285 292 
10 -293 294 
10 -293 295 
10 -293 296 
10 -293 297 
10 -293 298 
10 -293 299 
10 -293 300 
10 -301 302 
10 -301 303 
10 -301 304 
10 -301 305 
10 -301 306 
10 -301 307 
10 -301 308 
10 -309 310 
10 -309 311 
10 -309 312 
10 -309 313 
10 -309 314 
10 -309 315 
10 -309 316 
10 -317 318 
10 -317 319 
10 -317 320 
10 -317 321 
10 -317 322 
10 -317 323 
10 -317 324 
10 -325 326 
10 -325 327 
10 -325 328 
10 -325 329 
10 -325 330 
10 -325 331 
10 -325 332 
10 -325 333 
10 -334 335 
10 -334 336 
10 -334 337 
10 -334 338 
10 -334 339 
10 -334 340 
10 -334 341 
10 -334 342 
10 -343 344 
10 -343 345 
10 -343 346 
10 -343 347 
10 -343 348 
10 -343 349 
10 -343 350 
10 -343 351 
10 -352 353 
10 -352 354 
10 -352 355 
10 -352 356 
10 -352 357 
10 -352 358 
10 -352 359 
10 -352 360 
10 -361 362 
10 -361 363 
10 -361 364 
10 -361 365 
10 -361 366 
10 -361 367 
10 -361 368 
10 -361 369 
10 -370 371 
10 -370 372 
10 -370 373 
10 -370 374 
10 -370 375 
10 -370 376 
10 -370 377 
10 -370 378 
10 -379 380 
10 -379 381 
10 -379 382 
10 -379 383 
10 -379 384 
10 -379 385 
10 -379 386 
10 -379 387 
10 -388 389 
10 -388 390 
10 -388 391 
10 -388 392 
10 -388 393 
10 -388 394 
10 -388 395 
10 -388 396 
10 -397 398 
10 -397 399 
10 -397 400 
10 -397 401 
10 -397 402 
10 -397 403 
10 -397 404 
10 -397 405 
10 -406 407 
10 -406 408 
10 -406 409 
10 -406 410 
10 -406 411 
10 -406 412 
10 -413 414 
10 -413 415 
10 -413 416 
10 -413 417 
10 -413 418 
10 -413 419 
10 -420 421 
10 -420 422 
10 -420 423 
10 -420 424 
10 -420 425 
10 -420 426 
10 -427 428 
10 -427 429 
10 -427 430 
10 -427 431 
10 -427 432 
10 -427 433 
10 -434 435 
10 -434 436 
10 -434 437 
10 -434 438 
10 -434 439 
10 -434 440 
10 -441 442 
10 -441 443 
10 -441 444 
10 -441 445 
10 -441 446 
10 -441 447 
10 -448 449 
10 -448 450 
10 -448 451 
10 -448 452 
10 -448 453 
10 -448 454 
10 -455 456 
10 -455 457 
10 -455 458 
10 -455 459 
10 -455 460 
10 -455 461 
10 -462 463 
10 -462 464 
10 -462 465 
10 -462 466 
10 -462 467 
10 -462 468 
10 -462 469 
10 -470 471 
10 -470 472 
10 -470 473 
10 -470 474 
10 -470 475 
10 -470 476 
10 -470 477 
10 -478 479 
10 -478 480 
10 -478 481 
10 -478 482 
10 -478 483 
10 -478 484 
10 -478 485 
10 -486 487 
10 -486 488 
10 -486 489 
10 -486 490 
10 -486 491 
10 -486 492 
10 -486 493 
10 -494 495 
10 -494 496 
10 -494 497 
10 -494 498 
10 -494 499 
10 -494 500 
10 -494 501 
10 -502 503 
10 -502 504 
10 -502 505 
10 -502 506 
10 -502 507 
10 -502 508 
10 -502 509 
10 -510 511 
10 -510 512 
10 -510 513 
10 -510 514 
10 -510 515 
10 -510 516 
10 -510 517 
10 -518 519 
10 -518 520 
10 -518 521 
10 -518 522 
10 -518 523 
10 -518 524 
10 -518 525 
10 -526 527 
10 -526 528 
10 -526 529 
10 -526 530 
10 -526 531 
10 -526 532 
10 -526 533 
10 -526 534 
10 -535 536 
10 -535 537 
10 -535 538 
10 -535 539 
10 -535 540 
10 -535 541 
10 -535 542 
10 -535 543 
10 -544 545 
10 -544 546 
10 -544 547 
10 -544 548 
10 -544 549 
10 -544 550 
10 -544 551 
10 -544 552 
10 -553 554 
10 -553 555 
10 -553 556 
10 -553 557 
10 -553 558 
10 -553 559 
10 -553 560 
10 -553 561 
10 -562 563 
10 -562 564 
10 -562 565 
10 -562 566 
10 -562 567 
10 -562 568 
10 -562 569 
10 -562 570 
10 -571 572 
10 -571 573 
10 -571 574 
10 -571 575 
10 -571 576 
10 -571 577 
10 -571 578 
10 -571 579 
10 -580 581 
10 -580 582 
10 -580 583 
10 -580 584 
10 -580 585 
10 -580 586 
10 -580 587 
10 -580 588 
10 -589 590 
10 -589 591 
10 -589 592 
10 -589 593 
10 -589 594 
10 -589 595 
10 -589 596 
10 -589 597 
10 -598 599 
10 -598 600 
10 -598 601 
10 -598 602 
10 -598 603 
10 -598 604 
10 -598 605 
10 -598 606 
10 -598 607 
10 -608 609 
10 -608 610 
10 -608 611 
10 -608 612 
10 -608 613 
10 -608 614 
10 -608 615 
10 -608 616 
10 -608 617 
10 -618 619 
10 -618 620 
10 -618 621 
10 -618 622 
10 -618 623 
10 -618 624 
10 -618 625 
10 -618 626 
10 -618 627 
10 -628 629 
10 -628 630 
10 -628 631 
10 -628 632 
10 -628 633 
10 -628 634 
10 -628 635 
10 -628 636 
10 -628 637 
10 -638 639 
10 -638 640 
10 -638 641 
10 -638 642 
10 -638 643 
10 -638 644 
10 -638 645 
10 -638 646 
10 -638 647 
10 -648 649 
10 -648 650 
10 -648 651 
10 -648 652 
10 -648 653 
10 -648 654 
10 -648 655 
10 -648 656 
10 -648 657 
10 -658 659 
10 -658 660 
10 -658 661 
10 -658 662 
10 -658 663 
10 -658 664 
10 -658 665 
10 -658 666 
10 -658 667 
10 -668 669 
10 -668 670 
10 -668 671 
10 -668 672 
10 -668 673 
10 -668 674 
10 -668 675 
10 -668 676 
10 -668 677 
10 -678 679 
10 -678 680 
10 -678 681 
10 -678 682 
10 -678 683 
10 -678 684 
10 -678 685 
10 -678 686 
10 -678 687 
10 -678 688 
10 -689 690 
10 -689 691 
10 -689 692 
10 -689 693 
10 -689 694 
10 -689 695 
10 -689 696 
10 -689 697 
10 -689 698 
10 -689 699 
10 -700 701 
10 -700 702 
10 -700 703 
10 -700 704 
10 -700 705 
10 -700 706 
10 -700 707 
10 -700 708 
10 -700 709 
10 -700 710 
10 -711 712 
10 -711 713 
10 -711 714 
10 -711 715 
10 -711 716 
10 -711 717 
10 -711 718 
10 -711 719 
10 -711 720 
10 -711 721 
10 -722 723 
10 -722 724 
10 -722 725 
10 -722 726 
10 -722 727 
10 -722 728 
10 -722 729 
10 -722 730 
10 -722 731 
10 -722 732 
10 -733 734 
10 -733 735 
10 -733 736 
10 -733 737 
10 -733 738 
10 -733 739 
10 -733 740 
10 -733 741 
10 -733 742 
10 -733 743 
10 -744 745 
10 -744 746 
10 -744 747 
10 -744 748 
10 -744 749 
10 -744 750 
10 -744 751 
10 -744 752 
10 -744 753 
10 -744 754 
10 -755 756 
10 -755 757 
10 -755 758 
10 -755 759 
10 -755 760 
10 -755 761 
10 -755 762 
10 -755 763 
10 -755 764 
10 -755 765 
10 -766 767 
10 -766 768 
10 -766 769 
10 -766 770 
10 -766 771 
10 -766 772 
10 -766 773 
10 -766 774 
10 -766 775 
10 -766 776 
10 -766 777 
10 -778 779 
10 -778 780 
10 -778 781 
10 -778 782 
10 -778 783 
10 -778 784 
10 -778 785 
10 -778 786 
10 -778 787 
10 -778 788 
10 -778 789 
10 -790 791 
10 -790 792 
10 -790 793 
10 -790 794 
10 -790 795 
10 -790 796 
10 -790 797 
10 -790 798 
10 -790 799 
10 -790 800 
10 -790 801 
10 -802 803 
10 -802 804 
10 -802 805 
10 -802 806 
10 -802 807 
10 -802 808 
10 -802 809 
10 -802 810 
10 -802 811 
10 -802 812 
10 -802 813 
10 -814 815 
10 -814 816 
10 -814 817 
10 -814 818 
10 -814 819 
10 -814 820 
10 -814 821 
10 -814 822 
10 -814 823 
10 -814 824 
10 -814 825 
10 -826 827 
10 -826 828 
10 -826 829 
10 -826 830 
10 -826 831 
10 -826 832 
10 -826 833 
10 -826 834 
10 -826 835 
10 -826 836 
10 -826 837 
10 -838 839 
10 -838 840 
10 -838 841 
10 -838 842 
10 -838 843 
10 -838 844 
10 -838 845 
10 -838 846 
10 -838 847 
10 -838 848 
10 -838 849 
10 -850 851 
10 -850 852 
10 -850 853 
10 -850 854 
10 -850 855 
10 -850 856 
10 -850 857 
10 -850 858 
10 -850 859 
10 -850 860 
10 -850 861 
10 -862 863 
10 -862 864 
10 -862 865 
10 -862 866 
10 -862 867 
10 -862 868 
10 -862 869 
10 -862 870 
10 -862 871 
10 -862 872 
10 -862 873 
10 -862 874 
10 -875 876 
10 -875 877 
10 -875 878 
10 -875 879 
10 -875 880 
10 -875 881 
10 -875 882 
10 -875 883 
10 -875 884 
10 -875 885 
10 -875 886 
10 -875 887 
10 -888 889 
10 -888 890 
10 -888 891 
10 -888 892 
10 -888 893 
10 -888 894 
10 -888 895 
10 -888 896 
10 -888 897 
10 -888 898 
10 -888 899 
10 -888 900 
10 -901 902 
10 -901 903 
10 -901 904 
10 -901 905 
10 -901 906 
10 -901 907 
10 -901 908 
10 -901 909 
10 -901 910 
10 -901 911 
10 -901 912 
10 -901 913 
10 -914 915 
10 -914 916 
10 -914 917 
10 -914 918 
10 -914 919 
10 -914 920 
10 -914 921 
10 -914 922 
10 -914 923 
10 -914 924 
10 -914 925 
10 -914 926 
10 -927 928 
10 -927 929 
10 -927 930 
10 -927 931 
10 -927 932 
10 -927 933 
10 -927 934 
10 -927 935 
10 -927 936 
10 -927 937 
10 -927 938 
10 -927 939 
10 -940 941 
10 -940 942 
10 -940 943 
10 -940 944 
10 -940 945 
10 -940 946 
10 -940 947 
10 -940 948 
10 -940 949 
10 -940 950 
10 -940 951 
10 -940 952 
10 -953 954 
10 -953 955 
10 -953 956 
10 -953 957 
10 -953 958 
10 -953 959 
10 -953 960 
10 -953 961 
10 -953 962 
10 -953 963 
10 -953 964 
10 -953 965 
10 -966 967 
10 -966 968 
10 -966 969 
10 -966 970 
10 -966 971 
10 -966 972 
10 -973 974 
10 -973 975 
10 -973 976 
10 -973 977 
10 -973 978 
10 -973 979 
10 -980 981 
10 -980 982 
10 -980 983 
10 -980 984 
10 -980 985 
10 -980 986 
10 -987 988 
10 -987 989 
10 -987 990 
10 -987 991 
10 -987 992 
10 -987 993 
10 -994 995 
10 -994 996 
10 -994 997 
10 -994 998 
10 -994 999 
10 -994 1000 
10 -1001 1002 
10 -1001 1003 
10 -1001 1004 
10 -1001 1005 
10 -1001 1006 
10 -1001 1007 
10 -1008 1009 
10 -1008 1010 
10 -1008 1011 
10 -1008 1012 
10 -1008 1013 
10 -1008 1014 
10 -1015 1016 
10 -1015 1017 
10 -1015 1018 
10 -1015 1019 
10 -1015 1020 
10 -1015 1021 
10 -1015 1022 
10 -1023 1024 
10 -1023 1025 
10 -1023 1026 
10 -1023 1027 
10 -1023 1028 
10 -1023 1029 
10 -1023 1030 
10 -1031 1032 
10 -1031 1033 
10 -1031 1034 
10 -1031 1035 
10 -1031 1036 
10 -1031 1037 
10 -1031 1038 
10 -1039 1040 
10 -1039 1041 
10 -1039 1042 
10 -1039 1043 
10 -1039 1044 
10 -1039 1045 
10 -1039 1046 
10 -1047 1048 
10 -1047 1049 
10 -1047 1050 
10 -1047 1051 
10 -1047 1052 
10 -1047 1053 
10 -1047 1054 
10 -1055 1056 
10 -1055 1057 
10 -1055 1058 
10 -1055 1059 
10 -1055 1060 
10 -1055 1061 
10 -1055 1062 
10 -1063 1064 
10 -1063 1065 
10 -1063 1066 
10 -1063 1067 
10 -1063 1068 
10 -1063 1069 
10 -1063 1070 
10 -1071 1072 
10 -1071 1073 
10 -1071 1074 
10 -1071 1075 
10 -1071 1076 
10 -1071 1077 
10 -1071 1078 
10 -1071 1079 
10 -1080 1081 
10 -1080 1082 
10 -1080 1083 
10 -1080 1084 
10 -1080 1085 
10 -1080 1086 
10 -1080 1087 
10 -1080 1088 
10 -1089 1090 
10 -1089 1091 
10 -1089 1092 
10 -1089 1093 
10 -1089 1094 
10 -1089 1095 
10 -1089 1096 
10 -1089 1097 
10 -1098 1099 
10 -1098 1100 
10 -1098 1101 
10 -1098 1102 
10 -1098 1103 
10 -1098 1104 
10 -1098 1105 
10 -1098 1106 
10 -1107 1108 
10 -1107 1109 
10 -1107 1110 
10 -1107 1111 
10 -1107 1112 
10 -1107 1113 
10 -1107 1114 
10 -1107 1115 
10 -1116 1117 
10 -1116 1118 
10 -1116 1119 
10 -1116 1120 
10 -1116 1121 
10 -1116 1122 
10 -1116 1123 
10 -1116 1124 
10 -1125 1126 
10 -1125 1127 
10 -1125 1128 
10 -1125 1129 
10 -1125 1130 
10 -1125 1131 
10 -1125 1132 
10 -1125 1133 
10 -1134 1135 
10 -1134 1136 
10 -1134 1137 
10 -1134 1138 
10 -1134 1139 
10 -1134 1140 
10 -1134 1141 
10 -1134 1142 
10 -1134 1143 
10 -1144 1145 
10 -1144 1146 
10 -1144 1147 
10 -1144 1148 
10 -1144 1149 
10 -1144 1150 
10 -1144 1151 
10 -1144 1152 
10 -1144 1153 
10 -1154 1155 
10 -1154 1156 
10 -1154 1157 
10 -1154 1158 
10 -1154 1159 
10 -1154 1160 
10 -1154 1161 
10 -1154 1162 
10 -1154 1163 
10 -1164 1165 
10 -1164 1166 
10 -1164 1167 
10 -1164 1168 
10 -1164 1169 
10 -1164 1170 
10 -1164 1171 
10 -1164 1172 
10 -1164 1173 
10 -1174 1175 
10 -1174 1176 
10 -1174 1177 
10 -1174 1178 
10 -1174 1179 
10 -1174 1180 
10 -1174 1181 
10 -1174 1182 
10 -1174 1183 
10 -1184 1185 
10 -1184 1186 
10 -1184 1187 
10 -1184 1188 
10 -1184 1189 
10 -1184 1190 
10 -1184 1191 
10 -1184 1192 
10 -1184 1193 
10 -1194 1195 
10 -1194 1196 
10 -1194 1197 
10 -1194 1198 
10 -1194 1199 
10 -1194 1200 
10 -1194 1201 
10 -1194 1202 
10 -1194 1203 
10 -1204 1205 
10 -1204 1206 
10 -1204 1207 
10 -1204 1208 
10 -1204 1209 
10 -1204 1210 
10 -1204 1211 
10 -1204 1212 
10 -1204 1213 
10 -1204 1214 
10 -1215 1216 
10 -1215 1217 
10 -1215 1218 
10 -1215 1219 
10 -1215 1220 
10 -1215 1221 
10 -1215 1222 
10 -1215 1223 
10 -1215 1224 
10 -1215 1225 
10 -1226 1227 
10 -1226 1228 
10 -1226 1229 
10 -1226 1230 
10 -1226 1231 
10 -1226 1232 
10 -1226 1233 
10 -1226 1234 
10 -1226 1235 
10 -1226 1236 
10 -1237 1238 
10 -1237 1239 
10 -1237 1240 
10 -1237 1241 
10 -1237 1242 
10 -1237 1243 
10 -1237 1244 
10 -1237 1245 
10 -1237 1246 
10 -1237 1247 
10 -1248 1249 
10 -1248 1250 
10 -1248 1251 
10 -1248 1252 
10 -1248 1253 
10 -1248 1254 
10 -1248 1255 
10 -1248 1256 
10 -1248 1257 
10 -1248 1258 
10 -1259 1260 
10 -1259 1261 
10 -1259 1262 
10 -1259 1263 
10 -1259 1264 
10 -1259 1265 
10 -1259 1266 
10 -1259 1267 
10 -1259 1268 
10 -1259 1269 
10 -1270 1271 
10 -1270 1272 
10 -1270 1273 
10 -1270 1274 
10 -1270 1275 
10 -1270 1276 
10 -1270 1277 
10 -1270 1278 
10 -1270 1279 
10 -1270 1280 
10 -1281 1282 
10 -1281 1283 
10 -1281 1284 
10 -1281 1285 
10 -1281 1286 
10 -1281 1287 
10 -1281 1288 
10 -1281 1289 
10 -1281 1290 
10 -1281 1291 
10 -1281 1292 
10 -1293 1294 
10 -1293 1295 
10 -1293 1296 
10 -1293 1297 
10 -1293 1298 
10 -1293 1299 
10 -1293 1300 
10 -1293 1301 
10 -1293 1302 
10 -1293 1303 
10 -1293 1304 
10 -1305 1306 
10 -1305 1307 
10 -1305 1308 
10 -1305 1309 
10 -1305 1310 
10 -1305 1311 
10 -1305 1312 
10 -1305 1313 
10 -1305 1314 
10 -1305 1315 
10 -1305 1316 
10 -1317 1318 
10 -1317 1319 
10 -1317 1320 
10 -1317 1321 
10 -1317 1322 
10 -1317 1323 
10 -1317 1324 
10 -1317 1325 
10 -1317 1326 
10 -1317 1327 
10 -1317 1328 
10 -1329 1330 
10 -1329 1331 
10 -1329 1332 
10 -1329 1333 
10 -1329 1334 
10 -1329 1335 
10 -1329 1336 
10 -1329 1337 
10 -1329 1338 
10 -1329 1339 
10 -1329 1340 
10 -1341 1342 
10 -1341 1343 
10 -1341 1344 
10 -1341 1345 
10 -1341 1346 
10 -1341 1347 
10 -1341 1348 
10 -1341 1349 
10 -1341 1350 
10 -1341 1351 
10 -1341 1352 
10 -1353 1354 
10 -1353 1355 
10 -1353 1356 
10 -1353 1357 
10 -1353 1358 
10 -1353 1359 
10 -1353 1360 
10 -1353 1361 
10 -1353 1362 
10 -1353 1363 
10 -1353 1364 
10 -1365 1366 
10 -1365 1367 
10 -1365 1368 
10 -1365 1369 
10 -1365 1370 
10 -1365 1371 
10 -1372 1373 
10 -1372 1374 
10 -1372 1375 
10 -1372 1376 
10 -1372 1377 
10 -1372 1378 
10 -1379 1380 
10 -1379 1381 
10 -1379 1382 
10 -1379 1383 
10 -1379 1384 
10 -1379 1385 
10 -1386 1387 
10 -1386 1388 
10 -1386 1389 
10 -1386 1390 
10 -1386 1391 
10 -1386 1392 
10 -1393 1394 
10 -1393 1395 
10 -1393 1396 
10 -1393 1397 
10 -1393 1398 
10 -1393 1399 
10 -1400 1401 
10 -1400 1402 
10 -1400 1403 
10 -1400 1404 
10 -1400 1405 
10 -1400 1406 
10 -1407 1408 
10 -1407 1409 
10 -1407 1410 
10 -1407 1411 
10 -1407 1412 
10 -1407 1413 
10 -1407 1414 
10 -1415 1416 
10 -1415 1417 
10 -1415 1418 
10 -1415 1419 
10 -1415 1420 
10 -1415 1421 
10 -1415 1422 
10 -1423 1424 
10 -1423 1425 
10 -1423 1426 
10 -1423 1427 
10 -1423 1428 
10 -1423 1429 
10 -1423 1430 
10 -1431 1432 
10 -1431 1433 
10 -1431 1434 
10 -1431 1435 
10 -1431 1436 
10 -1431 1437 
10 -1431 1438 
10 -1439 1440 
10 -1439 1441 
10 -1439 1442 
10 -1439 1443 
10 -1439 1444 
10 -1439 1445 
10 -1439 1446 
10 -1447 1448 
10 -1447 1449 
10 -1447 1450 
10 -1447 1451 
10 -1447 1452 
10 -1447 1453 
10 -1447 1454 
10 -1455 1456 
10 -1455 1457 
10 -1455 1458 
10 -1455 1459 
10 -1455 1460 
10 -1455 1461 
10 -1455 1462 
10 -1455 1463 
10 -1464 1465 
10 -1464 1466 
10 -1464 1467 
10 -1464 1468 
10 -1464 1469 
10 -1464 1470 
10 -1464 1471 
10 -1464 1472 
10 -1473 1474 
10 -1473 1475 
10 -1473 1476 
10 -1473 1477 
10 -1473 1478 
10 -1473 1479 
10 -1473 1480 
10 -1473 1481 
10 -1482 1483 
10 -1482 1484 
10 -1482 1485 
10 -1482 1486 
10 -1482 1487 
10 -1482 1488 
10 -1482 1489 
10 -1482 1490 
10 -1491 1492 
10 -1491 1493 
10 -1491 1494 
10 -1491 1495 
10 -1491 1496 
10 -1491 1497 
10 -1491 1498 
10 -1491 1499 
10 -1500 1501 
10 -1500 1502 
10 -1500 1503 
10 -1500 1504 
10 -1500 1505 
10 -1500 1506 
10 -1500 1507 
10 -1500 1508 
10 -1509 1510 
10 -1509 1511 
10 -1509 1512 
10 -1509 1513 
10 -1509 1514 
10 -1509 1515 
10 -1509 1516 
10 -1509 1517 
10 -1509 1518 
10 -1519 1520 
10 -1519 1521 
10 -1519 1522 
10 -1519 1523 
10 -1519 1524 
10 -1519 1525 
10 -1519 1526 
10 -1519 1527 
10 -1519 1528 
10 -1529 1530 
10 -1529 1531 
10 -1529 1532 
10 -1529 1533 
10 -1529 1534 
10 -1529 1535 
10 -1529 1536 
10 -1529 1537 
10 -1529 1538 
10 -1539 1540 
10 -1539 1541 
10 -1539 1542 
10 -1539 1543 
10 -1539 1544 
10 -1539 1545 
10 -1539 1546 
10 -1539 1547 
10 -1539 1548 
10 -1549 1550 
10 -1549 1551 
10 -1549 1552 
10 -1549 1553 
10 -1549 1554 
10 -1549 1555 
10 -1549 1556 
10 -1549 1557 
10 -1549 1558 
10 -1559 1560 
10 -1559 1561 
10 -1559 1562 
10 -1559 1563 
10 -1559 1564 
10 -1559 1565 
10 -1559 1566 
10 -1559 1567 
10 -1559 1568 
10 -1569 1570 
10 -1569 1571 
10 -1569 1572 
10 -1569 1573 
10 -1569 1574 
10 -1569 1575 
10 -1569 1576 
10 -1569 1577 
10 -1569 1578 
10 -1569 1579 
10 -1580 1581 
10 -1580 1582 
10 -1580 1583 
10 -1580 1584 
10 -1580 1585 
10 -1580 1586 
10 -1580 1587 
10 -1580 1588 
10 -1580 1589 
10 -1580 1590 
10 -1591 1592 
10 -1591 1593 
10 -1591 1594 
10 -1591 1595 
10 -1591 1596 
10 -1591 1597 
10 -1591 1598 
10 -1591 1599 
10 -1591 1600 
10 -1591 1601 
10 -1602 1603 
10 -1602 1604 
10 -1602 1605 
10 -1602 1606 
10 -1602 1607 
10 -1602 1608 
10 -1602 1609 
10 -1602 1610 
10 -1602 1611 
10 -1602 1612 
10 -1613 1614 
10 -1613 1615 
10 -1613 1616 
10 -1613 1617 
10 -1613 1618 
10 -1613 1619 
10 -1613 1620 
10 -1613 1621 
10 -1613 1622 
10 -1613 1623 
10 -1624 1625 
10 -1624 1626 
10 -1624 1627 
10 -1624 1628 
10 -1624 1629 
10 -1624 1630 
10 -1624 1631 
10 -1624 1632 
10 -1624 1633 
10 -1624 1634 
10 -1635 1636 
10 -1635 1637 
10 -1635 1638 
10 -1635 1639 
10 -1635 1640 
10 -1635 1641 
10 -1642 1643 
10 -1642 1644 
10 -1642 1645 
10 -1642 1646 
10 -1642 1647 
10 -1642 1648 
10 -1649 1650 
10 -1649 1651 
10 -1649 1652 
10 -1649 1653 
10 -1649 1654 
10 -1649 1655 
10 -1656 1657 
10 -1656 1658 
10 -1656 1659 
10 -1656 1660 
10 -1656 1661 
10 -1656 1662 
10 -1663 1664 
10 -1663 1665 
10 -1663 1666 
10 -1663 1667 
10 -1663 1668 
10 -1663 1669 
10 -1670 1671 
10 -1670 1672 
10 -1670 1673 
10 -1670 1674 
10 -1670 1675 
10 -1670 1676 
10 -1670 1677 
10 -1678 1679 
10 -1678 1680 
10 -1678 1681 
10 -1678 1682 
10 -1678 1683 
10 -1678 1684 
10 -1678 1685 
10 -1686 1687 
10 -1686 1688 
10 -1686 1689 
10 -1686 1690 
10 -1686 1691 
10 -1686 1692 
10 -1686 1693 
10 -1694 1695 
10 -1694 1696 
10 -1694 1697 
10 -1694 1698 
10 -1694 1699 
10 -1694 1700 
10 -1694 1701 
10 -1702 1703 
10 -1702 1704 
10 -1702 1705 
10 -1702 1706 
10 -1702 1707 
10 -1702 1708 
10 -1702 1709 
10 -1710 1711 
10 -1710 1712 
10 -1710 1713 
10 -1710 1714 
10 -1710 1715 
10 -1710 1716 
10 -1710 1717 
10 -1710 1718 
10 -1719 1720 
10 -1719 1721 
10 -1719 1722 
10 -1719 1723 
10 -1719 1724 
10 -1719 1725 
10 -1719 1726 
10 -1719 1727 
10 -1728 1729 
10 -1728 1730 
10 -1728 1731 
10 -1728 1732 
10 -1728 1733 
10 -1728 1734 
10 -1728 1735 
10 -1728 1736 
10 -1737 1738 
10 -1737 1739 
10 -1737 1740 
10 -1737 1741 
10 -1737 1742 
10 -1737 1743 
10 -1737 1744 
10 -1737 1745 
10 -1746 1747 
10 -1746 1748 
10 -1746 1749 
10 -1746 1750 
10 -1746 1751 
10 -1746 1752 
10 -1746 1753 
10 -1746 1754 
10 -1755 1756 
10 -1755 1757 
10 -1755 1758 
10 -1755 1759 
10 -1755 1760 
10 -1755 1761 
10 -1755 1762 
10 -1755 1763 
10 -1755 1764 
10 -1765 1766 
10 -1765 1767 
10 -1765 1768 
10 -1765 1769 
10 -1765 1770 
10 -1765 1771 
10 -1765 1772 
10 -1765 1773 
10 -1765 1774 
10 -1775 1776 
10 -1775 1777 
10 -1775 1778 
10 -1775 1779 
10 -1775 1780 
10 -1775 1781 
10 -1775 1782 
10 -1775 1783 
10 -1775 1784 
10 -1785 1786 
10 -1785 1787 
10 -1785 1788 
10 -1785 1789 
10 -1785 1790 
10 -1785 1791 
10 -1785 1792 
10 -1785 1793 
10 -1785 1794 
10 -1795 1796 
10 -1795 1797 
10 -1795 1798 
10 -1795 1799 
10 -1795 1800 
10 -1795 1801 
10 -1795 1802 
10 -1795 1803 
10 -1795 1804 
10 -1805 1806 
10 -1805 1807 
10 -1805 1808 
10 -1805 1809 
10 -1805 1810 
10 -1805 1811 
10 -1812 1813 
10 -1812 1814 
10 -1812 1815 
10 -1812 1816 
10 -1812 1817 
10 -1812 1818 
10 -1819 1820 
10 -1819 1821 
10 -1819 1822 
10 -1819 1823 
10 -1819 1824 
10 -1819 1825 
10 -1826 1827 
10 -1826 1828 
10 -1826 1829 
10 -1826 1830 
10 -1826 1831 
10 -1826 1832 
10 -1833 1834 
10 -1833 1835 
10 -1833 1836 
10 -1833 1837 
10 -1833 1838 
10 -1833 1839 
10 -1833 1840 
10 -1841 1842 
10 -1841 1843 
10 -1841 1844 
10 -1841 1845 
10 -1841 1846 
10 -1841 1847 
10 -1841 1848 
10 -1849 1850 
10 -1849 1851 
10 -1849 1852 
10 -1849 1853 
10 -1849 1854 
10 -1849 1855 
10 -1849 1856 
10 -1857 1858 
10 -1857 1859 
10 -1857 1860 
10 -1857 1861 
10 -1857 1862 
10 -1857 1863 
10 -1857 1864 
10 -1865 1866 
10 -1865 1867 
10 -1865 1868 
10 -1865 1869 
10 -1865 1870 
10 -1865 1871 
10 -1865 1872 
10 -1865 1873 
10 -1874 1875 
10 -1874 1876 
10 -1874 1877 
10 -1874 1878 
10 -1874 1879 
10 -1874 1880 
10 -1874 1881 
10 -1874 1882 
10 -1883 1884 
10 -1883 1885 
10 -1883 1886 
10 -1883 1887 
10 -1883 1888 
10 -1883 1889 
10 -1883 1890 
10 -1883 1891 
10 -1892 1893 
10 -1892 1894 
10 -1892 1895 
10 -1892 1896 
10 -1892 1897 
10 -1892 1898 
10 -1892 1899 
10 -1892 1900 
10 -1901 1902 
10 -1901 1903 
10 -1901 1904 
10 -1901 1905 
10 -1901 1906 
10 -1901 1907 
10 -1908 1909 
10 -1908 1910 
10 -1908 1911 
10 -1908 1912 
10 -1908 1913 
10 -1908 1914 
10 -1915 1916 
10 -1915 1917 
10 -1915 1918 
10 -1915 1919 
10 -1915 1920 
10 -1915 1921 
10 -1922 1923 
10 -1922 1924 
10 -1922 1925 
10 -1922 1926 
10 -1922 1927 
10 -1922 1928 
10 -1922 1929 
10 -1930 1931 
10 -1930 1932 
10 -1930 1933 
10 -1930 1934 
10 -1930 1935 
10 -1930 1936 
10 -1930 1937 
10 -1938 1939 
10 -1938 1940 
10 -1938 1941 
10 -1938 1942 
10 -1938 1943 
10 -1938 1944 
10 -1938 1945 
10 -1946 1947 
10 -1946 1948 
10 -1946 1949 
10 -1946 1950 
10 -1946 1951 
10 -1946 1952 
10 -1953 1954 
10 -1953 1955 
10 -1953 1956 
10 -1953 1957 
10 -1953 1958 
10 -1953 1959 
10 -1960 1961 
10 -1962 1963 
10 -1964 1965 
10 -1966 1967 
10 -1968 1969 
10 -1970 1971 
10 -1972 1973 
10 -1974 1975 
10 -1976 1977 
10 -1978 1979 
10 -1978 1980 
10 -1981 1982 
10 -1981 1983 
10 -1984 1985 
10 -1984 1986 
10 -1987 1988 
10 -1987 1989 
10 -1990 1991 
10 -1990 1992 
10 -1993 1994 
10 -1993 1995 
10 -1996 1997 
10 -1996 1998 
10 -1999 2000 
10 -1999 2001 
10 -2002 2003 
10 -2002 2004 
10 -2005 2006 
10 -2005 2007 
10 -2005 2008 
10 -2009 2010 
10 -2009 2011 
10 -2009 2012 
10 -2013 2014 
10 -2013 2015 
10 -2013 2016 
10 -2017 2018 
10 -2017 2019 
10 -2017 2020 
10 -2021 2022 
10 -2021 2023 
10 -2021 2024 
10 -2025 2026 
10 -2025 2027 
10 -2025 2028 
10 -2029 2030 
10 -2029 2031 
10 -2029 2032 
10 -2033 2034 
10 -2033 2035 
10 -2033 2036 
10 -2037 2038 
10 -2037 2039 
10 -2037 2040 
10 -2041 2042 
10 -2041 2043 
10 -2041 2044 
10 -2041 2045 
10 -2046 2047 
10 -2046 2048 
10 -2046 2049 
10 -2046 2050 
10 -2051 2052 
10 -2051 2053 
10 -2051 2054 
10 -2051 2055 
10 -2056 2057 
10 -2056 2058 
10 -2056 2059 
10 -2056 2060 
10 -2061 2062 
10 -2061 2063 
10 -2061 2064 
10 -2061 2065 
10 -2066 2067 
10 -2066 2068 
10 -2066 2069 
10 -2066 2070 
10 -2071 2072 
10 -2071 2073 
10 -2071 2074 
10 -2071 2075 
10 -2076 2077 
10 -2076 2078 
10 -2076 2079 
10 -2076 2080 
10 -2081 2082 
10 -2081 2083 
10 -2081 2084 
10 -2081 2085 
10 -2086 2087 
10 -2086 2088 
10 -2086 2089 
10 -2086 2090 
10 -2086 2091 
10 -2086 2092 
10 -2093 2094 
10 -2093 2095 
10 -2093 2096 
10 -2093 2097 
10 -2093 2098 
10 -2093 2099 
10 -2100 2101 
10 -2100 2102 
10 -2100 2103 
10 -2100 2104 
10 -2100 2105 
10 -2100 2106 
10 -2107 2108 
10 -2107 2109 
10 -2107 2110 
10 -2107 2111 
10 -2107 2112 
10 -2107 2113 
10 -2114 2115 
10 -2114 2116 
10 -2114 2117 
10 -2114 2118 
10 -2114 2119 
10 -2114 2120 
10 -2121 2122 
10 -2121 2123 
10 -2121 2124 
10 -2121 2125 
10 -2121 2126 
10 -2121 2127 
10 -2128 2129 
10 -2128 2130 
10 -2128 2131 
10 -2128 2132 
10 -2128 2133 
10 -2128 2134 
10 -2135 2136 
10 -2135 2137 
10 -2135 2138 
10 -2135 2139 
10 -2135 2140 
10 -2135 2141 
10 -2142 2143 
10 -2142 2144 
10 -2142 2145 
10 -2142 2146 
10 -2142 2147 
10 -2142 2148 
10 -2142 2149 
10 -2150 2151 
10 -2150 2152 
10 -2150 2153 
10 -2150 2154 
10 -2150 2155 
10 -2150 2156 
10 -2150 2157 
10 -2158 2159 
10 -2158 2160 
10 -2158 2161 
10 -2158 2162 
10 -2158 2163 
10 -2158 2164 
10 -2158 2165 
10 -2166 2167 
10 -2166 2168 
10 -2166 2169 
10 -2166 2170 
10 -2166 2171 
10 -2166 2172 
10 -2166 2173 
10 -2174 2175 
10 -2174 2176 
10 -2174 2177 
10 -2174 2178 
10 -2174 2179 
10 -2174 2180 
10 -2174 2181 
10 -2182 2183 
10 -2182 2184 
10 -2182 2185 
10 -2182 2186 
10 -2182 2187 
10 -2182 2188 
10 -2182 2189 
10 -2190 2191 
10 -2190 2192 
10 -2190 2193 
10 -2190 2194 
10 -2190 2195 
10 -2190 2196 
10 -2190 2197 
10 -2198 2199 
10 -2198 2200 
10 -2198 2201 
10 -2198 2202 
10 -2198 2203 
10 -2198 2204 
10 -2198 2205 
10 -2206 2207 
10 -2206 2208 
10 -2206 2209 
10 -2206 2210 
10 -2206 2211 
10 -2206 2212 
10 -2206 2213 
10 -2206 2214 
10 -2215 2216 
10 -2215 2217 
10 -2215 2218 
10 -2215 2219 
10 -2215 2220 
10 -2215 2221 
10 -2215 2222 
10 -2215 2223 
10 -2224 2225 
10 -2224 2226 
10 -2224 2227 
10 -2224 2228 
10 -2224 2229 
10 -2224 2230 
10 -2224 2231 
10 -2224 2232 
10 -2233 2234 
10 -2233 2235 
10 -2233 2236 
10 -2233 2237 
10 -2233 2238 
10 -2233 2239 
10 -2233 2240 
10 -2233 2241 
10 -2242 2243 
10 -2242 2244 
10 -2242 2245 
10 -2242 2246 
10 -2242 2247 
10 -2242 2248 
10 -2242 2249 
10 -2242 2250 
10 -2251 2252 
10 -2251 2253 
10 -2251 2254 
10 -2251 2255 
10 -2251 2256 
10 -2251 2257 
10 -2251 2258 
10 -2251 2259 
10 -2260 2261 
10 -2260 2262 
10 -2260 2263 
10 -2260 2264 
10 -2260 2265 
10 -2260 2266 
10 -2260 2267 
10 -2260 2268 
10 -2269 2270 
10 -2269 2271 
10 -2269 2272 
10 -2269 2273 
10 -2269 2274 
10 -2269 2275 
10 -2269 2276 
10 -2269 2277 
10 -2278 2279 
10 -2278 2280 
10 -2278 2281 
10 -2278 2282 
10 -2278 2283 
10 -2278 2284 
10 -2285 2286 
10 -2285 2287 
10 -2285 2288 
10 -2285 2289 
10 -2285 2290 
10 -2285 2291 
10 -2292 2293 
10 -2292 2294 
10 -2292 2295 
10 -2292 2296 
10 -2292 2297 
10 -2292 2298 
10 -2299 2300 
10 -2299 2301 
10 -2299 2302 
10 -2299 2303 
10 -2299 2304 
10 -2299 2305 
10 -2306 2307 
10 -2306 2308 
10 -2306 2309 
10 -2306 2310 
10 -2306 2311 
10 -2306 2312 
10 -2313 2314 
10 -2313 2315 
10 -2313 2316 
10 -2313 2317 
10 -2313 2318 
10 -2313 2319 
10 -2320 2321 
10 -2320 2322 
10 -2320 2323 
10 -2320 2324 
10 -2320 2325 
10 -2320 2326 
10 -2327 2328 
10 -2327 2329 
10 -2327 2330 
10 -2327 2331 
10 -2327 2332 
10 -2327 2333 
10 -2327 2334 
10 -2335 2336 
10 -2335 2337 
10 -2335 2338 
10 -2335 2339 
10 -2335 2340 
10 -2335 2341 
10 -2335 2342 
10 -2343 2344 
10 -2343 2345 
10 -2343 2346 
10 -2343 2347 
10 -2343 2348 
10 -2343 2349 
10 -2343 2350 
10 -2351 2352 
10 -2351 2353 
10 -2351 2354 
10 -2351 2355 
10 -2351 2356 
10 -2351 2357 
10 -2351 2358 
10 -2359 2360 
10 -2359 2361 
10 -2359 2362 
10 -2359 2363 
10 -2359 2364 
10 -2359 2365 
10 -2359 2366 
10 -2367 2368 
10 -2367 2369 
10 -2367 2370 
10 -2367 2371 
10 -2367 2372 
10 -2367 2373 
10 -2367 2374 
10 -2375 2376 
10 -2375 2377 
10 -2375 2378 
10 -2375 2379 
10 -2375 2380 
10 -2375 2381 
10 -2375 2382 
10 -2383 2384 
10 -2383 2385 
10 -2383 2386 
10 -2383 2387 
10 -2383 2388 
10 -2383 2389 
10 -2390 2391 
10 -2390 2392 
10 -2390 2393 
10 -2390 2394 
10 -2390 2395 
10 -2390 2396 
10 -2397 2398 
10 -2397 2399 
10 -2397 2400 
10 -2397 2401 
10 -2397 2402 
10 -2397 2403 
10 -2404 2405 
10 -2404 2406 
10 -2404 2407 
10 -2404 2408 
10 -2404 2409 
10 -2404 2410 
10 -2411 2412 
10 -2411 2413 
10 -2411 2414 
10 -2411 2415 
10 -2411 2416 
10 -2411 2417 
10 -2418 2419 
10 -2418 2420 
10 -2418 2421 
10 -2418 2422 
10 -2418 2423 
10 -2418 2424 
