p wcnf 2446 2443 5
5 -19 1 
5 -21 1 
5 -23 1 
5 -25 1 
5 -27 1 
5 -29 1 
5 -31 1 
5 -33 1 
5 -35 1 
5 -37 1 
5 -40 1 
5 -43 1 
5 -46 1 
5 -49 1 
5 -52 1 
5 -55 1 
5 -58 1 
5 -61 1 
5 -64 1 
5 -68 1 
5 -72 1 
5 -76 1 
5 -80 1 
5 -84 1 
5 -88 1 
5 -92 1 
5 -96 1 
5 -100 1 
5 -105 1 
5 -110 1 
5 -115 1 
5 -120 1 
5 -125 1 
5 -130 1 
5 -135 1 
5 -140 1 
5 -145 1 
5 -151 1 
5 -157 1 
5 -163 1 
5 -169 1 
5 -175 1 
5 -181 1 
5 -187 1 
5 -193 1 
5 -199 1 
5 -206 1 
5 -213 1 
5 -220 1 
5 -227 1 
5 -234 1 
5 -241 1 
5 -248 1 
5 -255 1 
5 -262 1 
5 -270 1 
5 -278 1 
5 -286 1 
5 -294 1 
5 -302 1 
5 -310 1 
5 -318 1 
5 -326 1 
5 -334 1 
5 -343 1 
5 -352 1 
5 -361 1 
5 -370 1 
5 -379 1 
5 -388 1 
5 -397 1 
5 -406 1 
5 -415 19 
5 -422 19 
5 -429 19 
5 -436 19 
5 -443 19 
5 -450 19 
5 -457 19 
5 -464 19 
5 -471 19 
5 -479 19 
5 -487 19 
5 -495 19 
5 -503 19 
5 -511 19 
5 -519 19 
5 -527 19 
5 -535 19 
5 -544 19 
5 -553 19 
5 -562 19 
5 -571 19 
5 -580 19 
5 -589 19 
5 -598 19 
5 -607 19 
5 -617 19 
5 -627 19 
5 -637 19 
5 -647 19 
5 -657 19 
5 -667 19 
5 -677 19 
5 -687 19 
5 -698 19 
5 -709 19 
5 -720 19 
5 -731 19 
5 -742 19 
5 -753 19 
5 -764 19 
5 -775 19 
5 -787 19 
5 -799 19 
5 -811 19 
5 -823 19 
5 -835 19 
5 -847 19 
5 -859 19 
5 -871 19 
5 -884 19 
5 -897 19 
5 -910 19 
5 -923 19 
5 -936 19 
5 -949 19 
5 -962 19 
5 -975 37 415 422 429 436 443 450 457 464 
5 -982 37 415 422 429 436 443 450 457 464 
5 -989 37 415 422 429 436 443 450 457 464 
5 -996 37 415 422 429 436 443 450 457 464 
5 -1003 37 415 422 429 436 443 450 457 464 
5 -1010 37 415 422 429 436 443 450 457 464 
5 -1017 37 415 422 429 436 443 450 457 464 
5 -1024 37 415 422 429 436 443 450 457 464 
5 -1032 37 415 422 429 436 443 450 457 464 
5 -1040 37 415 422 429 436 443 450 457 464 
5 -1048 37 415 422 429 436 443 450 457 464 
5 -1056 37 415 422 429 436 443 450 457 464 
5 -1064 37 415 422 429 436 443 450 457 464 
5 -1072 37 415 422 429 436 443 450 457 464 
5 -1080 37 415 422 429 436 443 450 457 464 
5 -1089 37 415 422 429 436 443 450 457 464 
5 -1098 37 415 422 429 436 443 450 457 464 
5 -1107 37 415 422 429 436 443 450 457 464 
5 -1116 37 415 422 429 436 443 450 457 464 
5 -1125 37 415 422 429 436 443 450 457 464 
5 -1134 37 415 422 429 436 443 450 457 464 
5 -1143 37 415 422 429 436 443 450 457 464 
5 -1153 37 415 422 429 436 443 450 457 464 
5 -1163 37 415 422 429 436 443 450 457 464 
5 -1173 37 415 422 429 436 443 450 457 464 
5 -1183 37 415 422 429 436 443 450 457 464 
5 -1193 37 415 422 429 436 443 450 457 464 
5 -1203 37 415 422 429 436 443 450 457 464 
5 -1213 37 415 422 429 436 443 450 457 464 
5 -1224 37 415 422 429 436 443 450 457 464 
5 -1235 37 415 422 429 436 443 450 457 464 
5 -1246 37 415 422 429 436 443 450 457 464 
5 -1257 37 415 422 429 436 443 450 457 464 
5 -1268 37 415 422 429 436 443 450 457 464 
5 -1279 37 415 422 429 436 443 450 457 464 
5 -1290 37 415 422 429 436 443 450 457 464 
5 -1302 37 415 422 429 436 443 450 457 464 
5 -1314 37 415 422 429 436 443 450 457 464 
5 -1326 37 415 422 429 436 443 450 457 464 
5 -1338 37 415 422 429 436 443 450 457 464 
5 -1350 37 415 422 429 436 443 450 457 464 
5 -1362 37 415 422 429 436 443 450 457 464 
5 -1374 64 471 479 487 495 503 511 519 527 975 982 989 996 1003 1010 1017 
5 -1381 64 471 479 487 495 503 511 519 527 975 982 989 996 1003 1010 1017 
5 -1388 64 471 479 487 495 503 511 519 527 975 982 989 996 1003 1010 1017 
5 -1395 64 471 479 487 495 503 511 519 527 975 982 989 996 1003 1010 1017 
5 -1402 64 471 479 487 495 503 511 519 527 975 982 989 996 1003 1010 1017 
5 -1409 64 471 479 487 495 503 511 519 527 975 982 989 996 1003 1010 1017 
5 -1416 64 471 479 487 495 503 511 519 527 975 982 989 996 1003 1010 1017 
5 -1424 64 471 479 487 495 503 511 519 527 975 982 989 996 1003 1010 1017 
5 -1432 64 471 479 487 495 503 511 519 527 975 982 989 996 1003 1010 1017 
5 -1440 64 471 479 487 495 503 511 519 527 975 982 989 996 1003 1010 1017 
5 -1448 64 471 479 487 495 503 511 519 527 975 982 989 996 1003 1010 1017 
5 -1456 64 471 479 487 495 503 511 519 527 975 982 989 996 1003 1010 1017 
5 -1464 64 471 479 487 495 503 511 519 527 975 982 989 996 1003 1010 1017 
5 -1473 64 471 479 487 495 503 511 519 527 975 982 989 996 1003 1010 1017 
5 -1482 64 471 479 487 495 503 511 519 527 975 982 989 996 1003 1010 1017 
5 -1491 64 471 479 487 495 503 511 519 527 975 982 989 996 1003 1010 1017 
5 -1500 64 471 479 487 495 503 511 519 527 975 982 989 996 1003 1010 1017 
5 -1509 64 471 479 487 495 503 511 519 527 975 982 989 996 1003 1010 1017 
5 -1518 64 471 479 487 495 503 511 519 527 975 982 989 996 1003 1010 1017 
5 -1528 64 471 479 487 495 503 511 519 527 975 982 989 996 1003 1010 1017 
5 -1538 64 471 479 487 495 503 511 519 527 975 982 989 996 1003 1010 1017 
5 -1548 64 471 479 487 495 503 511 519 527 975 982 989 996 1003 1010 1017 
5 -1558 64 471 479 487 495 503 511 519 527 975 982 989 996 1003 1010 1017 
5 -1568 64 471 479 487 495 503 511 519 527 975 982 989 996 1003 1010 1017 
5 -1578 64 471 479 487 495 503 511 519 527 975 982 989 996 1003 1010 1017 
5 -1589 64 471 479 487 495 503 511 519 527 975 982 989 996 1003 1010 1017 
5 -1600 64 471 479 487 495 503 511 519 527 975 982 989 996 1003 1010 1017 
5 -1611 64 471 479 487 495 503 511 519 527 975 982 989 996 1003 1010 1017 
5 -1622 64 471 479 487 495 503 511 519 527 975 982 989 996 1003 1010 1017 
5 -1633 64 471 479 487 495 503 511 519 527 975 982 989 996 1003 1010 1017 
5 -1644 100 535 544 553 562 571 580 589 598 1024 1032 1040 1048 1056 1064 1072 1374 1381 1388 1395 1402 1409 
5 -1651 100 535 544 553 562 571 580 589 598 1024 1032 1040 1048 1056 1064 1072 1374 1381 1388 1395 1402 1409 
5 -1658 100 535 544 553 562 571 580 589 598 1024 1032 1040 1048 1056 1064 1072 1374 1381 1388 1395 1402 1409 
5 -1665 100 535 544 553 562 571 580 589 598 1024 1032 1040 1048 1056 1064 1072 1374 1381 1388 1395 1402 1409 
5 -1672 100 535 544 553 562 571 580 589 598 1024 1032 1040 1048 1056 1064 1072 1374 1381 1388 1395 1402 1409 
5 -1679 100 535 544 553 562 571 580 589 598 1024 1032 1040 1048 1056 1064 1072 1374 1381 1388 1395 1402 1409 
5 -1687 100 535 544 553 562 571 580 589 598 1024 1032 1040 1048 1056 1064 1072 1374 1381 1388 1395 1402 1409 
5 -1695 100 535 544 553 562 571 580 589 598 1024 1032 1040 1048 1056 1064 1072 1374 1381 1388 1395 1402 1409 
5 -1703 100 535 544 553 562 571 580 589 598 1024 1032 1040 1048 1056 1064 1072 1374 1381 1388 1395 1402 1409 
5 -1711 100 535 544 553 562 571 580 589 598 1024 1032 1040 1048 1056 1064 1072 1374 1381 1388 1395 1402 1409 
5 -1719 100 535 544 553 562 571 580 589 598 1024 1032 1040 1048 1056 1064 1072 1374 1381 1388 1395 1402 1409 
5 -1728 100 535 544 553 562 571 580 589 598 1024 1032 1040 1048 1056 1064 1072 1374 1381 1388 1395 1402 1409 
5 -1737 100 535 544 553 562 571 580 589 598 1024 1032 1040 1048 1056 1064 1072 1374 1381 1388 1395 1402 1409 
5 -1746 100 535 544 553 562 571 580 589 598 1024 1032 1040 1048 1056 1064 1072 1374 1381 1388 1395 1402 1409 
5 -1755 100 535 544 553 562 571 580 589 598 1024 1032 1040 1048 1056 1064 1072 1374 1381 1388 1395 1402 1409 
5 -1764 100 535 544 553 562 571 580 589 598 1024 1032 1040 1048 1056 1064 1072 1374 1381 1388 1395 1402 1409 
5 -1774 100 535 544 553 562 571 580 589 598 1024 1032 1040 1048 1056 1064 1072 1374 1381 1388 1395 1402 1409 
5 -1784 100 535 544 553 562 571 580 589 598 1024 1032 1040 1048 1056 1064 1072 1374 1381 1388 1395 1402 1409 
5 -1794 100 535 544 553 562 571 580 589 598 1024 1032 1040 1048 1056 1064 1072 1374 1381 1388 1395 1402 1409 
5 -1804 100 535 544 553 562 571 580 589 598 1024 1032 1040 1048 1056 1064 1072 1374 1381 1388 1395 1402 1409 
5 -1814 145 607 617 627 637 647 657 667 677 1080 1089 1098 1107 1116 1125 1134 1416 1424 1432 1440 1448 1456 1644 1651 1658 1665 1672 
5 -1821 145 607 617 627 637 647 657 667 677 1080 1089 1098 1107 1116 1125 1134 1416 1424 1432 1440 1448 1456 1644 1651 1658 1665 1672 
5 -1828 145 607 617 627 637 647 657 667 677 1080 1089 1098 1107 1116 1125 1134 1416 1424 1432 1440 1448 1456 1644 1651 1658 1665 1672 
5 -1835 145 607 617 627 637 647 657 667 677 1080 1089 1098 1107 1116 1125 1134 1416 1424 1432 1440 1448 1456 1644 1651 1658 1665 1672 
5 -1842 145 607 617 627 637 647 657 667 677 1080 1089 1098 1107 1116 1125 1134 1416 1424 1432 1440 1448 1456 1644 1651 1658 1665 1672 
5 -1850 145 607 617 627 637 647 657 667 677 1080 1089 1098 1107 1116 1125 1134 1416 1424 1432 1440 1448 1456 1644 1651 1658 1665 1672 
5 -1858 145 607 617 627 637 647 657 667 677 1080 1089 1098 1107 1116 1125 1134 1416 1424 1432 1440 1448 1456 1644 1651 1658 1665 1672 
5 -1866 145 607 617 627 637 647 657 667 677 1080 1089 1098 1107 1116 1125 1134 1416 1424 1432 1440 1448 1456 1644 1651 1658 1665 1672 
5 -1874 145 607 617 627 637 647 657 667 677 1080 1089 1098 1107 1116 1125 1134 1416 1424 1432 1440 1448 1456 1644 1651 1658 1665 1672 
5 -1883 145 607 617 627 637 647 657 667 677 1080 1089 1098 1107 1116 1125 1134 1416 1424 1432 1440 1448 1456 1644 1651 1658 1665 1672 
5 -1892 145 607 617 627 637 647 657 667 677 1080 1089 1098 1107 1116 1125 1134 1416 1424 1432 1440 1448 1456 1644 1651 1658 1665 1672 
5 -1901 145 607 617 627 637 647 657 667 677 1080 1089 1098 1107 1116 1125 1134 1416 1424 1432 1440 1448 1456 1644 1651 1658 1665 1672 
5 -1910 199 687 698 709 720 731 742 753 764 1143 1153 1163 1173 1183 1193 1203 1464 1473 1482 1491 1500 1509 1679 1687 1695 1703 1711 
5 -1917 199 687 698 709 720 731 742 753 764 1143 1153 1163 1173 1183 1193 1203 1464 1473 1482 1491 1500 1509 1679 1687 1695 1703 1711 
5 -1924 199 687 698 709 720 731 742 753 764 1143 1153 1163 1173 1183 1193 1203 1464 1473 1482 1491 1500 1509 1679 1687 1695 1703 1711 
5 -1931 199 687 698 709 720 731 742 753 764 1143 1153 1163 1173 1183 1193 1203 1464 1473 1482 1491 1500 1509 1679 1687 1695 1703 1711 
5 -1939 199 687 698 709 720 731 742 753 764 1143 1153 1163 1173 1183 1193 1203 1464 1473 1482 1491 1500 1509 1679 1687 1695 1703 1711 
5 -1947 199 687 698 709 720 731 742 753 764 1143 1153 1163 1173 1183 1193 1203 1464 1473 1482 1491 1500 1509 1679 1687 1695 1703 1711 
5 -1955 262 775 787 799 811 823 835 847 859 1213 1224 1235 1246 1257 1268 1279 1518 1528 1538 1548 1558 1568 1719 1728 1737 1746 1755 
5 -1962 262 775 787 799 811 823 835 847 859 1213 1224 1235 1246 1257 1268 1279 1518 1528 1538 1548 1558 1568 1719 1728 1737 1746 1755 
5 -1969 1 
5 -1971 1 
5 -1973 1 
5 -1975 1 
5 -1977 1 
5 -1979 1 
5 -1981 1 
5 -1983 1 
5 -1985 1 
5 -1987 1 
5 -1990 1 
5 -1993 1 
5 -1996 1 
5 -1999 1 
5 -2002 1 
5 -2005 1 
5 -2008 1 
5 -2011 1 
5 -2014 1 
5 -2018 1 
5 -2022 1 
5 -2026 1 
5 -2030 1 
5 -2034 1 
5 -2038 1 
5 -2042 1 
5 -2046 1 
5 -2050 1 
5 -2055 1 
5 -2060 1 
5 -2065 1 
5 -2070 1 
5 -2075 1 
5 -2080 1 
5 -2085 1 
5 -2090 1 
5 -2095 1969 
5 -2102 1969 
5 -2109 1969 
5 -2116 1969 
5 -2123 1969 
5 -2130 1969 
5 -2137 1969 
5 -2144 1969 
5 -2151 1969 
5 -2159 1969 
5 -2167 1969 
5 -2175 1969 
5 -2183 1969 
5 -2191 1969 
5 -2199 1969 
5 -2207 1969 
5 -2215 1969 
5 -2224 1969 
5 -2233 1969 
5 -2242 1969 
5 -2251 1969 
5 -2260 1969 
5 -2269 1969 
5 -2278 1969 
5 -2287 1987 2095 2102 2109 2116 2123 2130 2137 2144 
5 -2294 1987 2095 2102 2109 2116 2123 2130 2137 2144 
5 -2301 1987 2095 2102 2109 2116 2123 2130 2137 2144 
5 -2308 1987 2095 2102 2109 2116 2123 2130 2137 2144 
5 -2315 1987 2095 2102 2109 2116 2123 2130 2137 2144 
5 -2322 1987 2095 2102 2109 2116 2123 2130 2137 2144 
5 -2329 1987 2095 2102 2109 2116 2123 2130 2137 2144 
5 -2336 1987 2095 2102 2109 2116 2123 2130 2137 2144 
5 -2344 1987 2095 2102 2109 2116 2123 2130 2137 2144 
5 -2352 1987 2095 2102 2109 2116 2123 2130 2137 2144 
5 -2360 1987 2095 2102 2109 2116 2123 2130 2137 2144 
5 -2368 1987 2095 2102 2109 2116 2123 2130 2137 2144 
5 -2376 1987 2095 2102 2109 2116 2123 2130 2137 2144 
5 -2384 1987 2095 2102 2109 2116 2123 2130 2137 2144 
5 -2392 2014 2151 2159 2167 2175 2183 2191 2199 2207 2287 2294 2301 2308 2315 2322 2329 
5 -2399 2014 2151 2159 2167 2175 2183 2191 2199 2207 2287 2294 2301 2308 2315 2322 2329 
5 -2406 2014 2151 2159 2167 2175 2183 2191 2199 2207 2287 2294 2301 2308 2315 2322 2329 
5 -2413 2014 2151 2159 2167 2175 2183 2191 2199 2207 2287 2294 2301 2308 2315 2322 2329 
5 -2420 2014 2151 2159 2167 2175 2183 2191 2199 2207 2287 2294 2301 2308 2315 2322 2329 
5 -2427 2014 2151 2159 2167 2175 2183 2191 2199 2207 2287 2294 2301 2308 2315 2322 2329 
5 -2434 334 343 352 361 370 379 388 397 406 871 884 897 910 923 936 949 962 1290 1302 1314 1326 1338 1350 1362 1578 1589 1600 1611 1622 1633 1764 1774 1784 1794 1804 1874 1883 1892 1901 1931 1939 1947 1955 1962 2050 2215 2224 2233 2242 2251 2260 2269 2278 2336 2344 2352 2360 2368 2376 2384 2392 2399 2406 2413 2420 2427 
5 -2436 334 343 352 361 370 379 388 397 406 871 884 897 910 923 936 949 962 1290 1302 1314 1326 1338 1350 1362 1578 1589 1600 1611 1622 1633 1764 1774 1784 1794 1804 1874 1883 1892 1901 1931 1939 1947 1955 1962 2050 2215 2224 2233 2242 2251 2260 2269 2278 2336 2344 2352 2360 2368 2376 2384 2392 2399 2406 2413 2420 2427 
5 -2438 334 343 352 361 370 379 388 397 406 871 884 897 910 923 936 949 962 1290 1302 1314 1326 1338 1350 1362 1578 1589 1600 1611 1622 1633 1764 1774 1784 1794 1804 1874 1883 1892 1901 1931 1939 1947 1955 1962 2050 2215 2224 2233 2242 2251 2260 2269 2278 2336 2344 2352 2360 2368 2376 2384 2392 2399 2406 2413 2420 2427 
5 -2440 334 343 352 361 370 379 388 397 406 871 884 897 910 923 936 949 962 1290 1302 1314 1326 1338 1350 1362 1578 1589 1600 1611 1622 1633 1764 1774 1784 1794 1804 1874 1883 1892 1901 1931 1939 1947 1955 1962 2050 2215 2224 2233 2242 2251 2260 2269 2278 2336 2344 2352 2360 2368 2376 2384 2392 2399 2406 2413 2420 2427 
5 -2442 334 343 352 361 370 379 388 397 406 871 884 897 910 923 936 949 962 1290 1302 1314 1326 1338 1350 1362 1578 1589 1600 1611 1622 1633 1764 1774 1784 1794 1804 1874 1883 1892 1901 1931 1939 1947 1955 1962 2050 2215 2224 2233 2242 2251 2260 2269 2278 2336 2344 2352 2360 2368 2376 2384 2392 2399 2406 2413 2420 2427 
5 19 21 23 25 27 29 31 33 35 37 40 43 46 49 52 55 58 61 64 68 72 76 80 84 88 92 96 100 105 110 115 120 125 130 135 140 145 151 157 163 169 175 181 187 193 199 206 213 220 227 234 241 248 255 262 270 278 286 294 302 310 318 326 334 343 352 361 370 379 388 397 406 
5 19 21 23 25 27 29 31 33 35 37 40 43 46 49 52 55 58 61 64 68 72 76 80 84 88 92 96 100 105 110 115 120 125 130 135 140 145 151 157 163 169 175 181 187 193 199 206 213 220 227 234 241 248 255 262 270 278 286 294 302 310 318 326 334 343 352 361 370 379 388 397 406 415 422 429 436 443 450 457 464 471 479 487 495 503 511 519 527 535 544 553 562 571 580 589 598 607 617 627 637 647 657 667 677 687 698 709 720 731 742 753 764 775 787 799 811 823 835 847 859 871 884 897 910 923 936 949 962 
5 37 40 43 46 49 52 55 58 61 64 68 72 76 80 84 88 92 96 100 105 110 115 120 125 130 135 140 145 151 157 163 169 175 181 187 193 199 206 213 220 227 234 241 248 255 262 270 278 286 294 302 310 318 326 334 343 352 361 370 379 388 397 406 415 422 429 436 443 450 457 464 471 479 487 495 503 511 519 527 535 544 553 562 571 580 589 598 607 617 627 637 647 657 667 677 687 698 709 720 731 742 753 764 775 787 799 811 823 835 847 859 871 884 897 910 923 936 949 962 975 982 989 996 1003 1010 1017 1024 1032 1040 1048 1056 1064 1072 1080 1089 1098 1107 1116 1125 1134 1143 1153 1163 1173 1183 1193 1203 1213 1224 1235 1246 1257 1268 1279 1290 1302 1314 1326 1338 1350 1362 
5 64 68 72 76 80 84 88 92 96 100 105 110 115 120 125 130 135 140 145 151 157 163 169 175 181 187 193 199 206 213 220 227 234 241 248 255 262 270 278 286 294 302 310 318 326 334 343 352 361 370 379 388 397 406 415 422 429 436 443 450 457 464 471 479 487 495 503 511 519 527 535 544 553 562 571 580 589 598 607 617 627 637 647 657 667 677 687 698 709 720 731 742 753 764 775 787 799 811 823 835 847 859 871 884 897 910 923 936 949 962 975 982 989 996 1003 1010 1017 1024 1032 1040 1048 1056 1064 1072 1080 1089 1098 1107 1116 1125 1134 1143 1153 1163 1173 1183 1193 1203 1213 1224 1235 1246 1257 1268 1279 1290 1302 1314 1326 1338 1350 1362 1374 1381 1388 1395 1402 1409 1416 1424 1432 1440 1448 1456 1464 1473 1482 1491 1500 1509 1518 1528 1538 1548 1558 1568 1578 1589 1600 1611 1622 1633 
5 100 105 110 115 120 125 130 135 140 145 151 157 163 169 175 181 187 193 199 206 213 220 227 234 241 248 255 262 270 278 286 294 302 310 318 326 334 343 352 361 370 379 388 397 406 415 422 429 436 443 450 457 464 471 479 487 495 503 511 519 527 535 544 553 562 571 580 589 598 607 617 627 637 647 657 667 677 687 698 709 720 731 742 753 764 775 787 799 811 823 835 847 859 871 884 897 910 923 936 949 962 975 982 989 996 1003 1010 1017 1024 1032 1040 1048 1056 1064 1072 1080 1089 1098 1107 1116 1125 1134 1143 1153 1163 1173 1183 1193 1203 1213 1224 1235 1246 1257 1268 1279 1290 1302 1314 1326 1338 1350 1362 1374 1381 1388 1395 1402 1409 1416 1424 1432 1440 1448 1456 1464 1473 1482 1491 1500 1509 1518 1528 1538 1548 1558 1568 1578 1589 1600 1611 1622 1633 1644 1651 1658 1665 1672 1679 1687 1695 1703 1711 1719 1728 1737 1746 1755 1764 1774 1784 1794 1804 
5 145 151 157 163 169 175 181 187 193 199 206 213 220 227 234 241 248 255 262 270 278 286 294 302 310 318 326 334 343 352 361 370 379 388 397 406 415 422 429 436 443 450 457 464 471 479 487 495 503 511 519 527 535 544 553 562 571 580 589 598 607 617 627 637 647 657 667 677 687 698 709 720 731 742 753 764 775 787 799 811 823 835 847 859 871 884 897 910 923 936 949 962 975 982 989 996 1003 1010 1017 1024 1032 1040 1048 1056 1064 1072 1080 1089 1098 1107 1116 1125 1134 1143 1153 1163 1173 1183 1193 1203 1213 1224 1235 1246 1257 1268 1279 1290 1302 1314 1326 1338 1350 1362 1374 1381 1388 1395 1402 1409 1416 1424 1432 1440 1448 1456 1464 1473 1482 1491 1500 1509 1518 1528 1538 1548 1558 1568 1578 1589 1600 1611 1622 1633 1644 1651 1658 1665 1672 1679 1687 1695 1703 1711 1719 1728 1737 1746 1755 1764 1774 1784 1794 1804 1814 1821 1828 1835 1842 1850 1858 1866 1874 1883 1892 1901 
5 199 206 213 220 227 234 241 248 255 262 270 278 286 294 302 310 318 326 334 343 352 361 370 379 388 397 406 415 422 429 436 443 450 457 464 471 479 487 495 503 511 519 527 535 544 553 562 571 580 589 598 607 617 627 637 647 657 667 677 687 698 709 720 731 742 753 764 775 787 799 811 823 835 847 859 871 884 897 910 923 936 949 962 975 982 989 996 1003 1010 1017 1024 1032 1040 1048 1056 1064 1072 1080 1089 1098 1107 1116 1125 1134 1143 1153 1163 1173 1183 1193 1203 1213 1224 1235 1246 1257 1268 1279 1290 1302 1314 1326 1338 1350 1362 1374 1381 1388 1395 1402 1409 1416 1424 1432 1440 1448 1456 1464 1473 1482 1491 1500 1509 1518 1528 1538 1548 1558 1568 1578 1589 1600 1611 1622 1633 1644 1651 1658 1665 1672 1679 1687 1695 1703 1711 1719 1728 1737 1746 1755 1764 1774 1784 1794 1804 1814 1821 1828 1835 1842 1850 1858 1866 1874 1883 1892 1901 1910 1917 1924 1931 1939 1947 
5 262 270 278 286 294 302 310 318 326 334 343 352 361 370 379 388 397 406 415 422 429 436 443 450 457 464 471 479 487 495 503 511 519 527 535 544 553 562 571 580 589 598 607 617 627 637 647 657 667 677 687 698 709 720 731 742 753 764 775 787 799 811 823 835 847 859 871 884 897 910 923 936 949 962 975 982 989 996 1003 1010 1017 1024 1032 1040 1048 1056 1064 1072 1080 1089 1098 1107 1116 1125 1134 1143 1153 1163 1173 1183 1193 1203 1213 1224 1235 1246 1257 1268 1279 1290 1302 1314 1326 1338 1350 1362 1374 1381 1388 1395 1402 1409 1416 1424 1432 1440 1448 1456 1464 1473 1482 1491 1500 1509 1518 1528 1538 1548 1558 1568 1578 1589 1600 1611 1622 1633 1644 1651 1658 1665 1672 1679 1687 1695 1703 1711 1719 1728 1737 1746 1755 1764 1774 1784 1794 1804 1814 1821 1828 1835 1842 1850 1858 1866 1874 1883 1892 1901 1910 1917 1924 1931 1939 1947 1955 1962 
5 1969 1971 1973 1975 1977 1979 1981 1983 1985 1987 1990 1993 1996 1999 2002 2005 2008 2011 2014 2018 2022 2026 2030 2034 2038 2042 2046 2050 2055 2060 2065 2070 2075 2080 2085 2090 
5 1969 1971 1973 1975 1977 1979 1981 1983 1985 1987 1990 1993 1996 1999 2002 2005 2008 2011 2014 2018 2022 2026 2030 2034 2038 2042 2046 2050 2055 2060 2065 2070 2075 2080 2085 2090 2095 2102 2109 2116 2123 2130 2137 2144 2151 2159 2167 2175 2183 2191 2199 2207 2215 2224 2233 2242 2251 2260 2269 2278 
5 1987 1990 1993 1996 1999 2002 2005 2008 2011 2014 2018 2022 2026 2030 2034 2038 2042 2046 2050 2055 2060 2065 2070 2075 2080 2085 2090 2095 2102 2109 2116 2123 2130 2137 2144 2151 2159 2167 2175 2183 2191 2199 2207 2215 2224 2233 2242 2251 2260 2269 2278 2287 2294 2301 2308 2315 2322 2329 2336 2344 2352 2360 2368 2376 2384 
5 2014 2018 2022 2026 2030 2034 2038 2042 2046 2050 2055 2060 2065 2070 2075 2080 2085 2090 2095 2102 2109 2116 2123 2130 2137 2144 2151 2159 2167 2175 2183 2191 2199 2207 2215 2224 2233 2242 2251 2260 2269 2278 2287 2294 2301 2308 2315 2322 2329 2336 2344 2352 2360 2368 2376 2384 2392 2399 2406 2413 2420 2427 
5 -1 2 
5 -3 4 
5 -5 6 
5 -7 8 
5 -9 10 
5 -11 12 
5 -13 14 
5 -15 16 
5 -17 18 
5 -19 20 
5 -21 22 
5 -23 24 
5 -25 26 
5 -27 28 
5 -29 30 
5 -31 32 
5 -33 34 
5 -35 36 
5 -37 38 
5 -37 39 
5 -40 41 
5 -40 42 
5 -43 44 
5 -43 45 
5 -46 47 
5 -46 48 
5 -49 50 
5 -49 51 
5 -52 53 
5 -52 54 
5 -55 56 
5 -55 57 
5 -58 59 
5 -58 60 
5 -61 62 
5 -61 63 
5 -64 65 
5 -64 66 
5 -64 67 
5 -68 69 
5 -68 70 
5 -68 71 
5 -72 73 
5 -72 74 
5 -72 75 
5 -76 77 
5 -76 78 
5 -76 79 
5 -80 81 
5 -80 82 
5 -80 83 
5 -84 85 
5 -84 86 
5 -84 87 
5 -88 89 
5 -88 90 
5 -88 91 
5 -92 93 
5 -92 94 
5 -92 95 
5 -96 97 
5 -96 98 
5 -96 99 
5 -100 101 
5 -100 102 
5 -100 103 
5 -100 104 
5 -105 106 
5 -105 107 
5 -105 108 
5 -105 109 
5 -110 111 
5 -110 112 
5 -110 113 
5 -110 114 
5 -115 116 
5 -115 117 
5 -115 118 
5 -115 119 
5 -120 121 
5 -120 122 
5 -120 123 
5 -120 124 
5 -125 126 
5 -125 127 
5 -125 128 
5 -125 129 
5 -130 131 
5 -130 132 
5 -130 133 
5 -130 134 
5 -135 136 
5 -135 137 
5 -135 138 
5 -135 139 
5 -140 141 
5 -140 142 
5 -140 143 
5 -140 144 
5 -145 146 
5 -145 147 
5 -145 148 
5 -145 149 
5 -145 150 
5 -151 152 
5 -151 153 
5 -151 154 
5 -151 155 
5 -151 156 
5 -157 158 
5 -157 159 
5 -157 160 
5 -157 161 
5 -157 162 
5 -163 164 
5 -163 165 
5 -163 166 
5 -163 167 
5 -163 168 
5 -169 170 
5 -169 171 
5 -169 172 
5 -169 173 
5 -169 174 
5 -175 176 
5 -175 177 
5 -175 178 
5 -175 179 
5 -175 180 
5 -181 182 
5 -181 183 
5 -181 184 
5 -181 185 
5 -181 186 
5 -187 188 
5 -187 189 
5 -187 190 
5 -187 191 
5 -187 192 
5 -193 194 
5 -193 195 
5 -193 196 
5 -193 197 
5 -193 198 
5 -199 200 
5 -199 201 
5 -199 202 
5 -199 203 
5 -199 204 
5 -199 205 
5 -206 207 
5 -206 208 
5 -206 209 
5 -206 210 
5 -206 211 
5 -206 212 
5 -213 214 
5 -213 215 
5 -213 216 
5 -213 217 
5 -213 218 
5 -213 219 
5 -220 221 
5 -220 222 
5 -220 223 
5 -220 224 
5 -220 225 
5 -220 226 
5 -227 228 
5 -227 229 
5 -227 230 
5 -227 231 
5 -227 232 
5 -227 233 
5 -234 235 
5 -234 236 
5 -234 237 
5 -234 238 
5 -234 239 
5 -234 240 
5 -241 242 
5 -241 243 
5 -241 244 
5 -241 245 
5 -241 246 
5 -241 247 
5 -248 249 
5 -248 250 
5 -248 251 
5 -248 252 
5 -248 253 
5 -248 254 
5 -255 256 
5 -255 257 
5 -255 258 
5 -255 259 
5 -255 260 
5 -255 261 
5 -262 263 
5 -262 264 
5 -262 265 
5 -262 266 
5 -262 267 
5 -262 268 
5 -262 269 
5 -270 271 
5 -270 272 
5 -270 273 
5 -270 274 
5 -270 275 
5 -270 276 
5 -270 277 
5 -278 279 
5 -278 280 
5 -278 281 
5 -278 282 
5 -278 283 
5 -278 284 
5 -278 285 
5 -286 287 
5 -286 288 
5 -286 289 
5 -286 290 
5 -286 291 
5 -286 292 
5 -286 293 
5 -294 295 
5 -294 296 
5 -294 297 
5 -294 298 
5 -294 299 
5 -294 300 
5 -294 301 
5 -302 303 
5 -302 304 
5 -302 305 
5 -302 306 
5 -302 307 
5 -302 308 
5 -302 309 
5 -310 311 
5 -310 312 
5 -310 313 
5 -310 314 
5 -310 315 
5 -310 316 
5 -310 317 
5 -318 319 
5 -318 320 
5 -318 321 
5 -318 322 
5 -318 323 
5 -318 324 
5 -318 325 
5 -326 327 
5 -326 328 
5 -326 329 
5 -326 330 
5 -326 331 
5 -326 332 
5 -326 333 
5 -334 335 
5 -334 336 
5 -334 337 
5 -334 338 
5 -334 339 
5 -334 340 
5 -334 341 
5 -334 342 
5 -343 344 
5 -343 345 
5 -343 346 
5 -343 347 
5 -343 348 
5 -343 349 
5 -343 350 
5 -343 351 
5 -352 353 
5 -352 354 
5 -352 355 
5 -352 356 
5 -352 357 
5 -352 358 
5 -352 359 
5 -352 360 
5 -361 362 
5 -361 363 
5 -361 364 
5 -361 365 
5 -361 366 
5 -361 367 
5 -361 368 
5 -361 369 
5 -370 371 
5 -370 372 
5 -370 373 
5 -370 374 
5 -370 375 
5 -370 376 
5 -370 377 
5 -370 378 
5 -379 380 
5 -379 381 
5 -379 382 
5 -379 383 
5 -379 384 
5 -379 385 
5 -379 386 
5 -379 387 
5 -388 389 
5 -388 390 
5 -388 391 
5 -388 392 
5 -388 393 
5 -388 394 
5 -388 395 
5 -388 396 
5 -397 398 
5 -397 399 
5 -397 400 
5 -397 401 
5 -397 402 
5 -397 403 
5 -397 404 
5 -397 405 
5 -406 407 
5 -406 408 
5 -406 409 
5 -406 410 
5 -406 411 
5 -406 412 
5 -406 413 
5 -406 414 
5 -415 416 
5 -415 417 
5 -415 418 
5 -415 419 
5 -415 420 
5 -415 421 
5 -422 423 
5 -422 424 
5 -422 425 
5 -422 426 
5 -422 427 
5 -422 428 
5 -429 430 
5 -429 431 
5 -429 432 
5 -429 433 
5 -429 434 
5 -429 435 
5 -436 437 
5 -436 438 
5 -436 439 
5 -436 440 
5 -436 441 
5 -436 442 
5 -443 444 
5 -443 445 
5 -443 446 
5 -443 447 
5 -443 448 
5 -443 449 
5 -450 451 
5 -450 452 
5 -450 453 
5 -450 454 
5 -450 455 
5 -450 456 
5 -457 458 
5 -457 459 
5 -457 460 
5 -457 461 
5 -457 462 
5 -457 463 
5 -464 465 
5 -464 466 
5 -464 467 
5 -464 468 
5 -464 469 
5 -464 470 
5 -471 472 
5 -471 473 
5 -471 474 
5 -471 475 
5 -471 476 
5 -471 477 
5 -471 478 
5 -479 480 
5 -479 481 
5 -479 482 
5 -479 483 
5 -479 484 
5 -479 485 
5 -479 486 
5 -487 488 
5 -487 489 
5 -487 490 
5 -487 491 
5 -487 492 
5 -487 493 
5 -487 494 
5 -495 496 
5 -495 497 
5 -495 498 
5 -495 499 
5 -495 500 
5 -495 501 
5 -495 502 
5 -503 504 
5 -503 505 
5 -503 506 
5 -503 507 
5 -503 508 
5 -503 509 
5 -503 510 
5 -511 512 
5 -511 513 
5 -511 514 
5 -511 515 
5 -511 516 
5 -511 517 
5 -511 518 
5 -519 520 
5 -519 521 
5 -519 522 
5 -519 523 
5 -519 524 
5 -519 525 
5 -519 526 
5 -527 528 
5 -527 529 
5 -527 530 
5 -527 531 
5 -527 532 
5 -527 533 
5 -527 534 
5 -535 536 
5 -535 537 
5 -535 538 
5 -535 539 
5 -535 540 
5 -535 541 
5 -535 542 
5 -535 543 
5 -544 545 
5 -544 546 
5 -544 547 
5 -544 548 
5 -544 549 
5 -544 550 
5 -544 551 
5 -544 552 
5 -553 554 
5 -553 555 
5 -553 556 
5 -553 557 
5 -553 558 
5 -553 559 
5 -553 560 
5 -553 561 
5 -562 563 
5 -562 564 
5 -562 565 
5 -562 566 
5 -562 567 
5 -562 568 
5 -562 569 
5 -562 570 
5 -571 572 
5 -571 573 
5 -571 574 
5 -571 575 
5 -571 576 
5 -571 577 
5 -571 578 
5 -571 579 
5 -580 581 
5 -580 582 
5 -580 583 
5 -580 584 
5 -580 585 
5 -580 586 
5 -580 587 
5 -580 588 
5 -589 590 
5 -589 591 
5 -589 592 
5 -589 593 
5 -589 594 
5 -589 595 
5 -589 596 
5 -589 597 
5 -598 599 
5 -598 600 
5 -598 601 
5 -598 602 
5 -598 603 
5 -598 604 
5 -598 605 
5 -598 606 
5 -607 608 
5 -607 609 
5 -607 610 
5 -607 611 
5 -607 612 
5 -607 613 
5 -607 614 
5 -607 615 
5 -607 616 
5 -617 618 
5 -617 619 
5 -617 620 
5 -617 621 
5 -617 622 
5 -617 623 
5 -617 624 
5 -617 625 
5 -617 626 
5 -627 628 
5 -627 629 
5 -627 630 
5 -627 631 
5 -627 632 
5 -627 633 
5 -627 634 
5 -627 635 
5 -627 636 
5 -637 638 
5 -637 639 
5 -637 640 
5 -637 641 
5 -637 642 
5 -637 643 
5 -637 644 
5 -637 645 
5 -637 646 
5 -647 648 
5 -647 649 
5 -647 650 
5 -647 651 
5 -647 652 
5 -647 653 
5 -647 654 
5 -647 655 
5 -647 656 
5 -657 658 
5 -657 659 
5 -657 660 
5 -657 661 
5 -657 662 
5 -657 663 
5 -657 664 
5 -657 665 
5 -657 666 
5 -667 668 
5 -667 669 
5 -667 670 
5 -667 671 
5 -667 672 
5 -667 673 
5 -667 674 
5 -667 675 
5 -667 676 
5 -677 678 
5 -677 679 
5 -677 680 
5 -677 681 
5 -677 682 
5 -677 683 
5 -677 684 
5 -677 685 
5 -677 686 
5 -687 688 
5 -687 689 
5 -687 690 
5 -687 691 
5 -687 692 
5 -687 693 
5 -687 694 
5 -687 695 
5 -687 696 
5 -687 697 
5 -698 699 
5 -698 700 
5 -698 701 
5 -698 702 
5 -698 703 
5 -698 704 
5 -698 705 
5 -698 706 
5 -698 707 
5 -698 708 
5 -709 710 
5 -709 711 
5 -709 712 
5 -709 713 
5 -709 714 
5 -709 715 
5 -709 716 
5 -709 717 
5 -709 718 
5 -709 719 
5 -720 721 
5 -720 722 
5 -720 723 
5 -720 724 
5 -720 725 
5 -720 726 
5 -720 727 
5 -720 728 
5 -720 729 
5 -720 730 
5 -731 732 
5 -731 733 
5 -731 734 
5 -731 735 
5 -731 736 
5 -731 737 
5 -731 738 
5 -731 739 
5 -731 740 
5 -731 741 
5 -742 743 
5 -742 744 
5 -742 745 
5 -742 746 
5 -742 747 
5 -742 748 
5 -742 749 
5 -742 750 
5 -742 751 
5 -742 752 
5 -753 754 
5 -753 755 
5 -753 756 
5 -753 757 
5 -753 758 
5 -753 759 
5 -753 760 
5 -753 761 
5 -753 762 
5 -753 763 
5 -764 765 
5 -764 766 
5 -764 767 
5 -764 768 
5 -764 769 
5 -764 770 
5 -764 771 
5 -764 772 
5 -764 773 
5 -764 774 
5 -775 776 
5 -775 777 
5 -775 778 
5 -775 779 
5 -775 780 
5 -775 781 
5 -775 782 
5 -775 783 
5 -775 784 
5 -775 785 
5 -775 786 
5 -787 788 
5 -787 789 
5 -787 790 
5 -787 791 
5 -787 792 
5 -787 793 
5 -787 794 
5 -787 795 
5 -787 796 
5 -787 797 
5 -787 798 
5 -799 800 
5 -799 801 
5 -799 802 
5 -799 803 
5 -799 804 
5 -799 805 
5 -799 806 
5 -799 807 
5 -799 808 
5 -799 809 
5 -799 810 
5 -811 812 
5 -811 813 
5 -811 814 
5 -811 815 
5 -811 816 
5 -811 817 
5 -811 818 
5 -811 819 
5 -811 820 
5 -811 821 
5 -811 822 
5 -823 824 
5 -823 825 
5 -823 826 
5 -823 827 
5 -823 828 
5 -823 829 
5 -823 830 
5 -823 831 
5 -823 832 
5 -823 833 
5 -823 834 
5 -835 836 
5 -835 837 
5 -835 838 
5 -835 839 
5 -835 840 
5 -835 841 
5 -835 842 
5 -835 843 
5 -835 844 
5 -835 845 
5 -835 846 
5 -847 848 
5 -847 849 
5 -847 850 
5 -847 851 
5 -847 852 
5 -847 853 
5 -847 854 
5 -847 855 
5 -847 856 
5 -847 857 
5 -847 858 
5 -859 860 
5 -859 861 
5 -859 862 
5 -859 863 
5 -859 864 
5 -859 865 
5 -859 866 
5 -859 867 
5 -859 868 
5 -859 869 
5 -859 870 
5 -871 872 
5 -871 873 
5 -871 874 
5 -871 875 
5 -871 876 
5 -871 877 
5 -871 878 
5 -871 879 
5 -871 880 
5 -871 881 
5 -871 882 
5 -871 883 
5 -884 885 
5 -884 886 
5 -884 887 
5 -884 888 
5 -884 889 
5 -884 890 
5 -884 891 
5 -884 892 
5 -884 893 
5 -884 894 
5 -884 895 
5 -884 896 
5 -897 898 
5 -897 899 
5 -897 900 
5 -897 901 
5 -897 902 
5 -897 903 
5 -897 904 
5 -897 905 
5 -897 906 
5 -897 907 
5 -897 908 
5 -897 909 
5 -910 911 
5 -910 912 
5 -910 913 
5 -910 914 
5 -910 915 
5 -910 916 
5 -910 917 
5 -910 918 
5 -910 919 
5 -910 920 
5 -910 921 
5 -910 922 
5 -923 924 
5 -923 925 
5 -923 926 
5 -923 927 
5 -923 928 
5 -923 929 
5 -923 930 
5 -923 931 
5 -923 932 
5 -923 933 
5 -923 934 
5 -923 935 
5 -936 937 
5 -936 938 
5 -936 939 
5 -936 940 
5 -936 941 
5 -936 942 
5 -936 943 
5 -936 944 
5 -936 945 
5 -936 946 
5 -936 947 
5 -936 948 
5 -949 950 
5 -949 951 
5 -949 952 
5 -949 953 
5 -949 954 
5 -949 955 
5 -949 956 
5 -949 957 
5 -949 958 
5 -949 959 
5 -949 960 
5 -949 961 
5 -962 963 
5 -962 964 
5 -962 965 
5 -962 966 
5 -962 967 
5 -962 968 
5 -962 969 
5 -962 970 
5 -962 971 
5 -962 972 
5 -962 973 
5 -962 974 
5 -975 976 
5 -975 977 
5 -975 978 
5 -975 979 
5 -975 980 
5 -975 981 
5 -982 983 
5 -982 984 
5 -982 985 
5 -982 986 
5 -982 987 
5 -982 988 
5 -989 990 
5 -989 991 
5 -989 992 
5 -989 993 
5 -989 994 
5 -989 995 
5 -996 997 
5 -996 998 
5 -996 999 
5 -996 1000 
5 -996 1001 
5 -996 1002 
5 -1003 1004 
5 -1003 1005 
5 -1003 1006 
5 -1003 1007 
5 -1003 1008 
5 -1003 1009 
5 -1010 1011 
5 -1010 1012 
5 -1010 1013 
5 -1010 1014 
5 -1010 1015 
5 -1010 1016 
5 -1017 1018 
5 -1017 1019 
5 -1017 1020 
5 -1017 1021 
5 -1017 1022 
5 -1017 1023 
5 -1024 1025 
5 -1024 1026 
5 -1024 1027 
5 -1024 1028 
5 -1024 1029 
5 -1024 1030 
5 -1024 1031 
5 -1032 1033 
5 -1032 1034 
5 -1032 1035 
5 -1032 1036 
5 -1032 1037 
5 -1032 1038 
5 -1032 1039 
5 -1040 1041 
5 -1040 1042 
5 -1040 1043 
5 -1040 1044 
5 -1040 1045 
5 -1040 1046 
5 -1040 1047 
5 -1048 1049 
5 -1048 1050 
5 -1048 1051 
5 -1048 1052 
5 -1048 1053 
5 -1048 1054 
5 -1048 1055 
5 -1056 1057 
5 -1056 1058 
5 -1056 1059 
5 -1056 1060 
5 -1056 1061 
5 -1056 1062 
5 -1056 1063 
5 -1064 1065 
5 -1064 1066 
5 -1064 1067 
5 -1064 1068 
5 -1064 1069 
5 -1064 1070 
5 -1064 1071 
5 -1072 1073 
5 -1072 1074 
5 -1072 1075 
5 -1072 1076 
5 -1072 1077 
5 -1072 1078 
5 -1072 1079 
5 -1080 1081 
5 -1080 1082 
5 -1080 1083 
5 -1080 1084 
5 -1080 1085 
5 -1080 1086 
5 -1080 1087 
5 -1080 1088 
5 -1089 1090 
5 -1089 1091 
5 -1089 1092 
5 -1089 1093 
5 -1089 1094 
5 -1089 1095 
5 -1089 1096 
5 -1089 1097 
5 -1098 1099 
5 -1098 1100 
5 -1098 1101 
5 -1098 1102 
5 -1098 1103 
5 -1098 1104 
5 -1098 1105 
5 -1098 1106 
5 -1107 1108 
5 -1107 1109 
5 -1107 1110 
5 -1107 1111 
5 -1107 1112 
5 -1107 1113 
5 -1107 1114 
5 -1107 1115 
5 -1116 1117 
5 -1116 1118 
5 -1116 1119 
5 -1116 1120 
5 -1116 1121 
5 -1116 1122 
5 -1116 1123 
5 -1116 1124 
5 -1125 1126 
5 -1125 1127 
5 -1125 1128 
5 -1125 1129 
5 -1125 1130 
5 -1125 1131 
5 -1125 1132 
5 -1125 1133 
5 -1134 1135 
5 -1134 1136 
5 -1134 1137 
5 -1134 1138 
5 -1134 1139 
5 -1134 1140 
5 -1134 1141 
5 -1134 1142 
5 -1143 1144 
5 -1143 1145 
5 -1143 1146 
5 -1143 1147 
5 -1143 1148 
5 -1143 1149 
5 -1143 1150 
5 -1143 1151 
5 -1143 1152 
5 -1153 1154 
5 -1153 1155 
5 -1153 1156 
5 -1153 1157 
5 -1153 1158 
5 -1153 1159 
5 -1153 1160 
5 -1153 1161 
5 -1153 1162 
5 -1163 1164 
5 -1163 1165 
5 -1163 1166 
5 -1163 1167 
5 -1163 1168 
5 -1163 1169 
5 -1163 1170 
5 -1163 1171 
5 -1163 1172 
5 -1173 1174 
5 -1173 1175 
5 -1173 1176 
5 -1173 1177 
5 -1173 1178 
5 -1173 1179 
5 -1173 1180 
5 -1173 1181 
5 -1173 1182 
5 -1183 1184 
5 -1183 1185 
5 -1183 1186 
5 -1183 1187 
5 -1183 1188 
5 -1183 1189 
5 -1183 1190 
5 -1183 1191 
5 -1183 1192 
5 -1193 1194 
5 -1193 1195 
5 -1193 1196 
5 -1193 1197 
5 -1193 1198 
5 -1193 1199 
5 -1193 1200 
5 -1193 1201 
5 -1193 1202 
5 -1203 1204 
5 -1203 1205 
5 -1203 1206 
5 -1203 1207 
5 -1203 1208 
5 -1203 1209 
5 -1203 1210 
5 -1203 1211 
5 -1203 1212 
5 -1213 1214 
5 -1213 1215 
5 -1213 1216 
5 -1213 1217 
5 -1213 1218 
5 -1213 1219 
5 -1213 1220 
5 -1213 1221 
5 -1213 1222 
5 -1213 1223 
5 -1224 1225 
5 -1224 1226 
5 -1224 1227 
5 -1224 1228 
5 -1224 1229 
5 -1224 1230 
5 -1224 1231 
5 -1224 1232 
5 -1224 1233 
5 -1224 1234 
5 -1235 1236 
5 -1235 1237 
5 -1235 1238 
5 -1235 1239 
5 -1235 1240 
5 -1235 1241 
5 -1235 1242 
5 -1235 1243 
5 -1235 1244 
5 -1235 1245 
5 -1246 1247 
5 -1246 1248 
5 -1246 1249 
5 -1246 1250 
5 -1246 1251 
5 -1246 1252 
5 -1246 1253 
5 -1246 1254 
5 -1246 1255 
5 -1246 1256 
5 -1257 1258 
5 -1257 1259 
5 -1257 1260 
5 -1257 1261 
5 -1257 1262 
5 -1257 1263 
5 -1257 1264 
5 -1257 1265 
5 -1257 1266 
5 -1257 1267 
5 -1268 1269 
5 -1268 1270 
5 -1268 1271 
5 -1268 1272 
5 -1268 1273 
5 -1268 1274 
5 -1268 1275 
5 -1268 1276 
5 -1268 1277 
5 -1268 1278 
5 -1279 1280 
5 -1279 1281 
5 -1279 1282 
5 -1279 1283 
5 -1279 1284 
5 -1279 1285 
5 -1279 1286 
5 -1279 1287 
5 -1279 1288 
5 -1279 1289 
5 -1290 1291 
5 -1290 1292 
5 -1290 1293 
5 -1290 1294 
5 -1290 1295 
5 -1290 1296 
5 -1290 1297 
5 -1290 1298 
5 -1290 1299 
5 -1290 1300 
5 -1290 1301 
5 -1302 1303 
5 -1302 1304 
5 -1302 1305 
5 -1302 1306 
5 -1302 1307 
5 -1302 1308 
5 -1302 1309 
5 -1302 1310 
5 -1302 1311 
5 -1302 1312 
5 -1302 1313 
5 -1314 1315 
5 -1314 1316 
5 -1314 1317 
5 -1314 1318 
5 -1314 1319 
5 -1314 1320 
5 -1314 1321 
5 -1314 1322 
5 -1314 1323 
5 -1314 1324 
5 -1314 1325 
5 -1326 1327 
5 -1326 1328 
5 -1326 1329 
5 -1326 1330 
5 -1326 1331 
5 -1326 1332 
5 -1326 1333 
5 -1326 1334 
5 -1326 1335 
5 -1326 1336 
5 -1326 1337 
5 -1338 1339 
5 -1338 1340 
5 -1338 1341 
5 -1338 1342 
5 -1338 1343 
5 -1338 1344 
5 -1338 1345 
5 -1338 1346 
5 -1338 1347 
5 -1338 1348 
5 -1338 1349 
5 -1350 1351 
5 -1350 1352 
5 -1350 1353 
5 -1350 1354 
5 -1350 1355 
5 -1350 1356 
5 -1350 1357 
5 -1350 1358 
5 -1350 1359 
5 -1350 1360 
5 -1350 1361 
5 -1362 1363 
5 -1362 1364 
5 -1362 1365 
5 -1362 1366 
5 -1362 1367 
5 -1362 1368 
5 -1362 1369 
5 -1362 1370 
5 -1362 1371 
5 -1362 1372 
5 -1362 1373 
5 -1374 1375 
5 -1374 1376 
5 -1374 1377 
5 -1374 1378 
5 -1374 1379 
5 -1374 1380 
5 -1381 1382 
5 -1381 1383 
5 -1381 1384 
5 -1381 1385 
5 -1381 1386 
5 -1381 1387 
5 -1388 1389 
5 -1388 1390 
5 -1388 1391 
5 -1388 1392 
5 -1388 1393 
5 -1388 1394 
5 -1395 1396 
5 -1395 1397 
5 -1395 1398 
5 -1395 1399 
5 -1395 1400 
5 -1395 1401 
5 -1402 1403 
5 -1402 1404 
5 -1402 1405 
5 -1402 1406 
5 -1402 1407 
5 -1402 1408 
5 -1409 1410 
5 -1409 1411 
5 -1409 1412 
5 -1409 1413 
5 -1409 1414 
5 -1409 1415 
5 -1416 1417 
5 -1416 1418 
5 -1416 1419 
5 -1416 1420 
5 -1416 1421 
5 -1416 1422 
5 -1416 1423 
5 -1424 1425 
5 -1424 1426 
5 -1424 1427 
5 -1424 1428 
5 -1424 1429 
5 -1424 1430 
5 -1424 1431 
5 -1432 1433 
5 -1432 1434 
5 -1432 1435 
5 -1432 1436 
5 -1432 1437 
5 -1432 1438 
5 -1432 1439 
5 -1440 1441 
5 -1440 1442 
5 -1440 1443 
5 -1440 1444 
5 -1440 1445 
5 -1440 1446 
5 -1440 1447 
5 -1448 1449 
5 -1448 1450 
5 -1448 1451 
5 -1448 1452 
5 -1448 1453 
5 -1448 1454 
5 -1448 1455 
5 -1456 1457 
5 -1456 1458 
5 -1456 1459 
5 -1456 1460 
5 -1456 1461 
5 -1456 1462 
5 -1456 1463 
5 -1464 1465 
5 -1464 1466 
5 -1464 1467 
5 -1464 1468 
5 -1464 1469 
5 -1464 1470 
5 -1464 1471 
5 -1464 1472 
5 -1473 1474 
5 -1473 1475 
5 -1473 1476 
5 -1473 1477 
5 -1473 1478 
5 -1473 1479 
5 -1473 1480 
5 -1473 1481 
5 -1482 1483 
5 -1482 1484 
5 -1482 1485 
5 -1482 1486 
5 -1482 1487 
5 -1482 1488 
5 -1482 1489 
5 -1482 1490 
5 -1491 1492 
5 -1491 1493 
5 -1491 1494 
5 -1491 1495 
5 -1491 1496 
5 -1491 1497 
5 -1491 1498 
5 -1491 1499 
5 -1500 1501 
5 -1500 1502 
5 -1500 1503 
5 -1500 1504 
5 -1500 1505 
5 -1500 1506 
5 -1500 1507 
5 -1500 1508 
5 -1509 1510 
5 -1509 1511 
5 -1509 1512 
5 -1509 1513 
5 -1509 1514 
5 -1509 1515 
5 -1509 1516 
5 -1509 1517 
5 -1518 1519 
5 -1518 1520 
5 -1518 1521 
5 -1518 1522 
5 -1518 1523 
5 -1518 1524 
5 -1518 1525 
5 -1518 1526 
5 -1518 1527 
5 -1528 1529 
5 -1528 1530 
5 -1528 1531 
5 -1528 1532 
5 -1528 1533 
5 -1528 1534 
5 -1528 1535 
5 -1528 1536 
5 -1528 1537 
5 -1538 1539 
5 -1538 1540 
5 -1538 1541 
5 -1538 1542 
5 -1538 1543 
5 -1538 1544 
5 -1538 1545 
5 -1538 1546 
5 -1538 1547 
5 -1548 1549 
5 -1548 1550 
5 -1548 1551 
5 -1548 1552 
5 -1548 1553 
5 -1548 1554 
5 -1548 1555 
5 -1548 1556 
5 -1548 1557 
5 -1558 1559 
5 -1558 1560 
5 -1558 1561 
5 -1558 1562 
5 -1558 1563 
5 -1558 1564 
5 -1558 1565 
5 -1558 1566 
5 -1558 1567 
5 -1568 1569 
5 -1568 1570 
5 -1568 1571 
5 -1568 1572 
5 -1568 1573 
5 -1568 1574 
5 -1568 1575 
5 -1568 1576 
5 -1568 1577 
5 -1578 1579 
5 -1578 1580 
5 -1578 1581 
5 -1578 1582 
5 -1578 1583 
5 -1578 1584 
5 -1578 1585 
5 -1578 1586 
5 -1578 1587 
5 -1578 1588 
5 -1589 1590 
5 -1589 1591 
5 -1589 1592 
5 -1589 1593 
5 -1589 1594 
5 -1589 1595 
5 -1589 1596 
5 -1589 1597 
5 -1589 1598 
5 -1589 1599 
5 -1600 1601 
5 -1600 1602 
5 -1600 1603 
5 -1600 1604 
5 -1600 1605 
5 -1600 1606 
5 -1600 1607 
5 -1600 1608 
5 -1600 1609 
5 -1600 1610 
5 -1611 1612 
5 -1611 1613 
5 -1611 1614 
5 -1611 1615 
5 -1611 1616 
5 -1611 1617 
5 -1611 1618 
5 -1611 1619 
5 -1611 1620 
5 -1611 1621 
5 -1622 1623 
5 -1622 1624 
5 -1622 1625 
5 -1622 1626 
5 -1622 1627 
5 -1622 1628 
5 -1622 1629 
5 -1622 1630 
5 -1622 1631 
5 -1622 1632 
5 -1633 1634 
5 -1633 1635 
5 -1633 1636 
5 -1633 1637 
5 -1633 1638 
5 -1633 1639 
5 -1633 1640 
5 -1633 1641 
5 -1633 1642 
5 -1633 1643 
5 -1644 1645 
5 -1644 1646 
5 -1644 1647 
5 -1644 1648 
5 -1644 1649 
5 -1644 1650 
5 -1651 1652 
5 -1651 1653 
5 -1651 1654 
5 -1651 1655 
5 -1651 1656 
5 -1651 1657 
5 -1658 1659 
5 -1658 1660 
5 -1658 1661 
5 -1658 1662 
5 -1658 1663 
5 -1658 1664 
5 -1665 1666 
5 -1665 1667 
5 -1665 1668 
5 -1665 1669 
5 -1665 1670 
5 -1665 1671 
5 -1672 1673 
5 -1672 1674 
5 -1672 1675 
5 -1672 1676 
5 -1672 1677 
5 -1672 1678 
5 -1679 1680 
5 -1679 1681 
5 -1679 1682 
5 -1679 1683 
5 -1679 1684 
5 -1679 1685 
5 -1679 1686 
5 -1687 1688 
5 -1687 1689 
5 -1687 1690 
5 -1687 1691 
5 -1687 1692 
5 -1687 1693 
5 -1687 1694 
5 -1695 1696 
5 -1695 1697 
5 -1695 1698 
5 -1695 1699 
5 -1695 1700 
5 -1695 1701 
5 -1695 1702 
5 -1703 1704 
5 -1703 1705 
5 -1703 1706 
5 -1703 1707 
5 -1703 1708 
5 -1703 1709 
5 -1703 1710 
5 -1711 1712 
5 -1711 1713 
5 -1711 1714 
5 -1711 1715 
5 -1711 1716 
5 -1711 1717 
5 -1711 1718 
5 -1719 1720 
5 -1719 1721 
5 -1719 1722 
5 -1719 1723 
5 -1719 1724 
5 -1719 1725 
5 -1719 1726 
5 -1719 1727 
5 -1728 1729 
5 -1728 1730 
5 -1728 1731 
5 -1728 1732 
5 -1728 1733 
5 -1728 1734 
5 -1728 1735 
5 -1728 1736 
5 -1737 1738 
5 -1737 1739 
5 -1737 1740 
5 -1737 1741 
5 -1737 1742 
5 -1737 1743 
5 -1737 1744 
5 -1737 1745 
5 -1746 1747 
5 -1746 1748 
5 -1746 1749 
5 -1746 1750 
5 -1746 1751 
5 -1746 1752 
5 -1746 1753 
5 -1746 1754 
5 -1755 1756 
5 -1755 1757 
5 -1755 1758 
5 -1755 1759 
5 -1755 1760 
5 -1755 1761 
5 -1755 1762 
5 -1755 1763 
5 -1764 1765 
5 -1764 1766 
5 -1764 1767 
5 -1764 1768 
5 -1764 1769 
5 -1764 1770 
5 -1764 1771 
5 -1764 1772 
5 -1764 1773 
5 -1774 1775 
5 -1774 1776 
5 -1774 1777 
5 -1774 1778 
5 -1774 1779 
5 -1774 1780 
5 -1774 1781 
5 -1774 1782 
5 -1774 1783 
5 -1784 1785 
5 -1784 1786 
5 -1784 1787 
5 -1784 1788 
5 -1784 1789 
5 -1784 1790 
5 -1784 1791 
5 -1784 1792 
5 -1784 1793 
5 -1794 1795 
5 -1794 1796 
5 -1794 1797 
5 -1794 1798 
5 -1794 1799 
5 -1794 1800 
5 -1794 1801 
5 -1794 1802 
5 -1794 1803 
5 -1804 1805 
5 -1804 1806 
5 -1804 1807 
5 -1804 1808 
5 -1804 1809 
5 -1804 1810 
5 -1804 1811 
5 -1804 1812 
5 -1804 1813 
5 -1814 1815 
5 -1814 1816 
5 -1814 1817 
5 -1814 1818 
5 -1814 1819 
5 -1814 1820 
5 -1821 1822 
5 -1821 1823 
5 -1821 1824 
5 -1821 1825 
5 -1821 1826 
5 -1821 1827 
5 -1828 1829 
5 -1828 1830 
5 -1828 1831 
5 -1828 1832 
5 -1828 1833 
5 -1828 1834 
5 -1835 1836 
5 -1835 1837 
5 -1835 1838 
5 -1835 1839 
5 -1835 1840 
5 -1835 1841 
5 -1842 1843 
5 -1842 1844 
5 -1842 1845 
5 -1842 1846 
5 -1842 1847 
5 -1842 1848 
5 -1842 1849 
5 -1850 1851 
5 -1850 1852 
5 -1850 1853 
5 -1850 1854 
5 -1850 1855 
5 -1850 1856 
5 -1850 1857 
5 -1858 1859 
5 -1858 1860 
5 -1858 1861 
5 -1858 1862 
5 -1858 1863 
5 -1858 1864 
5 -1858 1865 
5 -1866 1867 
5 -1866 1868 
5 -1866 1869 
5 -1866 1870 
5 -1866 1871 
5 -1866 1872 
5 -1866 1873 
5 -1874 1875 
5 -1874 1876 
5 -1874 1877 
5 -1874 1878 
5 -1874 1879 
5 -1874 1880 
5 -1874 1881 
5 -1874 1882 
5 -1883 1884 
5 -1883 1885 
5 -1883 1886 
5 -1883 1887 
5 -1883 1888 
5 -1883 1889 
5 -1883 1890 
5 -1883 1891 
5 -1892 1893 
5 -1892 1894 
5 -1892 1895 
5 -1892 1896 
5 -1892 1897 
5 -1892 1898 
5 -1892 1899 
5 -1892 1900 
5 -1901 1902 
5 -1901 1903 
5 -1901 1904 
5 -1901 1905 
5 -1901 1906 
5 -1901 1907 
5 -1901 1908 
5 -1901 1909 
5 -1910 1911 
5 -1910 1912 
5 -1910 1913 
5 -1910 1914 
5 -1910 1915 
5 -1910 1916 
5 -1917 1918 
5 -1917 1919 
5 -1917 1920 
5 -1917 1921 
5 -1917 1922 
5 -1917 1923 
5 -1924 1925 
5 -1924 1926 
5 -1924 1927 
5 -1924 1928 
5 -1924 1929 
5 -1924 1930 
5 -1931 1932 
5 -1931 1933 
5 -1931 1934 
5 -1931 1935 
5 -1931 1936 
5 -1931 1937 
5 -1931 1938 
5 -1939 1940 
5 -1939 1941 
5 -1939 1942 
5 -1939 1943 
5 -1939 1944 
5 -1939 1945 
5 -1939 1946 
5 -1947 1948 
5 -1947 1949 
5 -1947 1950 
5 -1947 1951 
5 -1947 1952 
5 -1947 1953 
5 -1947 1954 
5 -1955 1956 
5 -1955 1957 
5 -1955 1958 
5 -1955 1959 
5 -1955 1960 
5 -1955 1961 
5 -1962 1963 
5 -1962 1964 
5 -1962 1965 
5 -1962 1966 
5 -1962 1967 
5 -1962 1968 
5 -1969 1970 
5 -1971 1972 
5 -1973 1974 
5 -1975 1976 
5 -1977 1978 
5 -1979 1980 
5 -1981 1982 
5 -1983 1984 
5 -1985 1986 
5 -1987 1988 
5 -1987 1989 
5 -1990 1991 
5 -1990 1992 
5 -1993 1994 
5 -1993 1995 
5 -1996 1997 
5 -1996 1998 
5 -1999 2000 
5 -1999 2001 
5 -2002 2003 
5 -2002 2004 
5 -2005 2006 
5 -2005 2007 
5 -2008 2009 
5 -2008 2010 
5 -2011 2012 
5 -2011 2013 
5 -2014 2015 
5 -2014 2016 
5 -2014 2017 
5 -2018 2019 
5 -2018 2020 
5 -2018 2021 
5 -2022 2023 
5 -2022 2024 
5 -2022 2025 
5 -2026 2027 
5 -2026 2028 
5 -2026 2029 
5 -2030 2031 
5 -2030 2032 
5 -2030 2033 
5 -2034 2035 
5 -2034 2036 
5 -2034 2037 
5 -2038 2039 
5 -2038 2040 
5 -2038 2041 
5 -2042 2043 
5 -2042 2044 
5 -2042 2045 
5 -2046 2047 
5 -2046 2048 
5 -2046 2049 
5 -2050 2051 
5 -2050 2052 
5 -2050 2053 
5 -2050 2054 
5 -2055 2056 
5 -2055 2057 
5 -2055 2058 
5 -2055 2059 
5 -2060 2061 
5 -2060 2062 
5 -2060 2063 
5 -2060 2064 
5 -2065 2066 
5 -2065 2067 
5 -2065 2068 
5 -2065 2069 
5 -2070 2071 
5 -2070 2072 
5 -2070 2073 
5 -2070 2074 
5 -2075 2076 
5 -2075 2077 
5 -2075 2078 
5 -2075 2079 
5 -2080 2081 
5 -2080 2082 
5 -2080 2083 
5 -2080 2084 
5 -2085 2086 
5 -2085 2087 
5 -2085 2088 
5 -2085 2089 
5 -2090 2091 
5 -2090 2092 
5 -2090 2093 
5 -2090 2094 
5 -2095 2096 
5 -2095 2097 
5 -2095 2098 
5 -2095 2099 
5 -2095 2100 
5 -2095 2101 
5 -2102 2103 
5 -2102 2104 
5 -2102 2105 
5 -2102 2106 
5 -2102 2107 
5 -2102 2108 
5 -2109 2110 
5 -2109 2111 
5 -2109 2112 
5 -2109 2113 
5 -2109 2114 
5 -2109 2115 
5 -2116 2117 
5 -2116 2118 
5 -2116 2119 
5 -2116 2120 
5 -2116 2121 
5 -2116 2122 
5 -2123 2124 
5 -2123 2125 
5 -2123 2126 
5 -2123 2127 
5 -2123 2128 
5 -2123 2129 
5 -2130 2131 
5 -2130 2132 
5 -2130 2133 
5 -2130 2134 
5 -2130 2135 
5 -2130 2136 
5 -2137 2138 
5 -2137 2139 
5 -2137 2140 
5 -2137 2141 
5 -2137 2142 
5 -2137 2143 
5 -2144 2145 
5 -2144 2146 
5 -2144 2147 
5 -2144 2148 
5 -2144 2149 
5 -2144 2150 
5 -2151 2152 
5 -2151 2153 
5 -2151 2154 
5 -2151 2155 
5 -2151 2156 
5 -2151 2157 
5 -2151 2158 
5 -2159 2160 
5 -2159 2161 
5 -2159 2162 
5 -2159 2163 
5 -2159 2164 
5 -2159 2165 
5 -2159 2166 
5 -2167 2168 
5 -2167 2169 
5 -2167 2170 
5 -2167 2171 
5 -2167 2172 
5 -2167 2173 
5 -2167 2174 
5 -2175 2176 
5 -2175 2177 
5 -2175 2178 
5 -2175 2179 
5 -2175 2180 
5 -2175 2181 
5 -2175 2182 
5 -2183 2184 
5 -2183 2185 
5 -2183 2186 
5 -2183 2187 
5 -2183 2188 
5 -2183 2189 
5 -2183 2190 
5 -2191 2192 
5 -2191 2193 
5 -2191 2194 
5 -2191 2195 
5 -2191 2196 
5 -2191 2197 
5 -2191 2198 
5 -2199 2200 
5 -2199 2201 
5 -2199 2202 
5 -2199 2203 
5 -2199 2204 
5 -2199 2205 
5 -2199 2206 
5 -2207 2208 
5 -2207 2209 
5 -2207 2210 
5 -2207 2211 
5 -2207 2212 
5 -2207 2213 
5 -2207 2214 
5 -2215 2216 
5 -2215 2217 
5 -2215 2218 
5 -2215 2219 
5 -2215 2220 
5 -2215 2221 
5 -2215 2222 
5 -2215 2223 
5 -2224 2225 
5 -2224 2226 
5 -2224 2227 
5 -2224 2228 
5 -2224 2229 
5 -2224 2230 
5 -2224 2231 
5 -2224 2232 
5 -2233 2234 
5 -2233 2235 
5 -2233 2236 
5 -2233 2237 
5 -2233 2238 
5 -2233 2239 
5 -2233 2240 
5 -2233 2241 
5 -2242 2243 
5 -2242 2244 
5 -2242 2245 
5 -2242 2246 
5 -2242 2247 
5 -2242 2248 
5 -2242 2249 
5 -2242 2250 
5 -2251 2252 
5 -2251 2253 
5 -2251 2254 
5 -2251 2255 
5 -2251 2256 
5 -2251 2257 
5 -2251 2258 
5 -2251 2259 
5 -2260 2261 
5 -2260 2262 
5 -2260 2263 
5 -2260 2264 
5 -2260 2265 
5 -2260 2266 
5 -2260 2267 
5 -2260 2268 
5 -2269 2270 
5 -2269 2271 
5 -2269 2272 
5 -2269 2273 
5 -2269 2274 
5 -2269 2275 
5 -2269 2276 
5 -2269 2277 
5 -2278 2279 
5 -2278 2280 
5 -2278 2281 
5 -2278 2282 
5 -2278 2283 
5 -2278 2284 
5 -2278 2285 
5 -2278 2286 
5 -2287 2288 
5 -2287 2289 
5 -2287 2290 
5 -2287 2291 
5 -2287 2292 
5 -2287 2293 
5 -2294 2295 
5 -2294 2296 
5 -2294 2297 
5 -2294 2298 
5 -2294 2299 
5 -2294 2300 
5 -2301 2302 
5 -2301 2303 
5 -2301 2304 
5 -2301 2305 
5 -2301 2306 
5 -2301 2307 
5 -2308 2309 
5 -2308 2310 
5 -2308 2311 
5 -2308 2312 
5 -2308 2313 
5 -2308 2314 
5 -2315 2316 
5 -2315 2317 
5 -2315 2318 
5 -2315 2319 
5 -2315 2320 
5 -2315 2321 
5 -2322 2323 
5 -2322 2324 
5 -2322 2325 
5 -2322 2326 
5 -2322 2327 
5 -2322 2328 
5 -2329 2330 
5 -2329 2331 
5 -2329 2332 
5 -2329 2333 
5 -2329 2334 
5 -2329 2335 
5 -2336 2337 
5 -2336 2338 
5 -2336 2339 
5 -2336 2340 
5 -2336 2341 
5 -2336 2342 
5 -2336 2343 
5 -2344 2345 
5 -2344 2346 
5 -2344 2347 
5 -2344 2348 
5 -2344 2349 
5 -2344 2350 
5 -2344 2351 
5 -2352 2353 
5 -2352 2354 
5 -2352 2355 
5 -2352 2356 
5 -2352 2357 
5 -2352 2358 
5 -2352 2359 
5 -2360 2361 
5 -2360 2362 
5 -2360 2363 
5 -2360 2364 
5 -2360 2365 
5 -2360 2366 
5 -2360 2367 
5 -2368 2369 
5 -2368 2370 
5 -2368 2371 
5 -2368 2372 
5 -2368 2373 
5 -2368 2374 
5 -2368 2375 
5 -2376 2377 
5 -2376 2378 
5 -2376 2379 
5 -2376 2380 
5 -2376 2381 
5 -2376 2382 
5 -2376 2383 
5 -2384 2385 
5 -2384 2386 
5 -2384 2387 
5 -2384 2388 
5 -2384 2389 
5 -2384 2390 
5 -2384 2391 
5 -2392 2393 
5 -2392 2394 
5 -2392 2395 
5 -2392 2396 
5 -2392 2397 
5 -2392 2398 
5 -2399 2400 
5 -2399 2401 
5 -2399 2402 
5 -2399 2403 
5 -2399 2404 
5 -2399 2405 
5 -2406 2407 
5 -2406 2408 
5 -2406 2409 
5 -2406 2410 
5 -2406 2411 
5 -2406 2412 
5 -2413 2414 
5 -2413 2415 
5 -2413 2416 
5 -2413 2417 
5 -2413 2418 
5 -2413 2419 
5 -2420 2421 
5 -2420 2422 
5 -2420 2423 
5 -2420 2424 
5 -2420 2425 
5 -2420 2426 
5 -2427 2428 
5 -2427 2429 
5 -2427 2430 
5 -2427 2431 
5 -2427 2432 
5 -2427 2433 
5 -2434 2435 
5 -2436 2437 
5 -2438 2439 
5 -2440 2441 
5 -2442 2443 
1 2443 
2 2441 
3 2439 
4 2437 
5 2435 
