p wcnf 2644 2641 10
10 -10 1 
10 -12 1 
10 -14 1 
10 -16 1 
10 -18 1 
10 -20 1 
10 -22 1 
10 -24 1 
10 -26 1 
10 -28 1 
10 -31 1 
10 -34 1 
10 -37 1 
10 -40 1 
10 -43 1 
10 -46 1 
10 -49 1 
10 -52 1 
10 -55 1 
10 -59 1 
10 -63 1 
10 -67 1 
10 -71 1 
10 -75 1 
10 -79 1 
10 -83 1 
10 -87 1 
10 -91 1 
10 -96 1 
10 -101 1 
10 -106 1 
10 -111 1 
10 -116 1 
10 -121 1 
10 -126 1 
10 -131 1 
10 -136 1 
10 -142 1 
10 -148 1 
10 -154 1 
10 -160 1 
10 -166 1 
10 -172 1 
10 -178 1 
10 -184 1 
10 -190 1 
10 -197 1 
10 -204 1 
10 -211 1 
10 -218 1 
10 -225 1 
10 -232 1 
10 -239 1 
10 -246 1 
10 -253 1 
10 -261 1 
10 -269 1 
10 -277 1 
10 -285 1 
10 -293 1 
10 -301 1 
10 -309 1 
10 -317 1 
10 -325 1 
10 -334 1 
10 -343 1 
10 -352 1 
10 -361 1 
10 -370 1 
10 -379 1 
10 -388 1 
10 -397 1 
10 -406 10 
10 -414 10 
10 -422 10 
10 -430 10 
10 -438 10 
10 -446 10 
10 -454 10 
10 -462 10 
10 -470 10 
10 -479 10 
10 -488 10 
10 -497 10 
10 -506 10 
10 -515 10 
10 -524 10 
10 -533 10 
10 -542 10 
10 -552 10 
10 -562 10 
10 -572 10 
10 -582 10 
10 -592 10 
10 -602 10 
10 -612 10 
10 -622 10 
10 -633 10 
10 -644 10 
10 -655 10 
10 -666 10 
10 -677 10 
10 -688 10 
10 -699 10 
10 -710 10 
10 -722 10 
10 -734 10 
10 -746 10 
10 -758 10 
10 -770 10 
10 -782 10 
10 -794 10 
10 -806 10 
10 -819 10 
10 -832 10 
10 -845 10 
10 -858 10 
10 -871 10 
10 -884 10 
10 -897 10 
10 -910 10 
10 -924 10 
10 -938 10 
10 -952 10 
10 -966 10 
10 -980 10 
10 -994 10 
10 -1008 10 
10 -1022 28 406 414 422 430 438 446 454 462 
10 -1030 28 406 414 422 430 438 446 454 462 
10 -1038 28 406 414 422 430 438 446 454 462 
10 -1046 28 406 414 422 430 438 446 454 462 
10 -1054 28 406 414 422 430 438 446 454 462 
10 -1062 28 406 414 422 430 438 446 454 462 
10 -1070 28 406 414 422 430 438 446 454 462 
10 -1078 28 406 414 422 430 438 446 454 462 
10 -1087 28 406 414 422 430 438 446 454 462 
10 -1096 28 406 414 422 430 438 446 454 462 
10 -1105 28 406 414 422 430 438 446 454 462 
10 -1114 28 406 414 422 430 438 446 454 462 
10 -1123 28 406 414 422 430 438 446 454 462 
10 -1132 28 406 414 422 430 438 446 454 462 
10 -1141 28 406 414 422 430 438 446 454 462 
10 -1151 28 406 414 422 430 438 446 454 462 
10 -1161 28 406 414 422 430 438 446 454 462 
10 -1171 28 406 414 422 430 438 446 454 462 
10 -1181 28 406 414 422 430 438 446 454 462 
10 -1191 28 406 414 422 430 438 446 454 462 
10 -1201 28 406 414 422 430 438 446 454 462 
10 -1211 28 406 414 422 430 438 446 454 462 
10 -1222 28 406 414 422 430 438 446 454 462 
10 -1233 28 406 414 422 430 438 446 454 462 
10 -1244 28 406 414 422 430 438 446 454 462 
10 -1255 28 406 414 422 430 438 446 454 462 
10 -1266 28 406 414 422 430 438 446 454 462 
10 -1277 28 406 414 422 430 438 446 454 462 
10 -1288 28 406 414 422 430 438 446 454 462 
10 -1300 28 406 414 422 430 438 446 454 462 
10 -1312 28 406 414 422 430 438 446 454 462 
10 -1324 28 406 414 422 430 438 446 454 462 
10 -1336 28 406 414 422 430 438 446 454 462 
10 -1348 28 406 414 422 430 438 446 454 462 
10 -1360 28 406 414 422 430 438 446 454 462 
10 -1372 28 406 414 422 430 438 446 454 462 
10 -1385 28 406 414 422 430 438 446 454 462 
10 -1398 28 406 414 422 430 438 446 454 462 
10 -1411 28 406 414 422 430 438 446 454 462 
10 -1424 28 406 414 422 430 438 446 454 462 
10 -1437 28 406 414 422 430 438 446 454 462 
10 -1450 28 406 414 422 430 438 446 454 462 
10 -1463 55 470 479 488 497 506 515 524 533 1022 1030 1038 1046 1054 1062 1070 
10 -1471 55 470 479 488 497 506 515 524 533 1022 1030 1038 1046 1054 1062 1070 
10 -1479 55 470 479 488 497 506 515 524 533 1022 1030 1038 1046 1054 1062 1070 
10 -1487 55 470 479 488 497 506 515 524 533 1022 1030 1038 1046 1054 1062 1070 
10 -1495 55 470 479 488 497 506 515 524 533 1022 1030 1038 1046 1054 1062 1070 
10 -1503 55 470 479 488 497 506 515 524 533 1022 1030 1038 1046 1054 1062 1070 
10 -1511 55 470 479 488 497 506 515 524 533 1022 1030 1038 1046 1054 1062 1070 
10 -1520 55 470 479 488 497 506 515 524 533 1022 1030 1038 1046 1054 1062 1070 
10 -1529 55 470 479 488 497 506 515 524 533 1022 1030 1038 1046 1054 1062 1070 
10 -1538 55 470 479 488 497 506 515 524 533 1022 1030 1038 1046 1054 1062 1070 
10 -1547 55 470 479 488 497 506 515 524 533 1022 1030 1038 1046 1054 1062 1070 
10 -1556 55 470 479 488 497 506 515 524 533 1022 1030 1038 1046 1054 1062 1070 
10 -1565 55 470 479 488 497 506 515 524 533 1022 1030 1038 1046 1054 1062 1070 
10 -1575 55 470 479 488 497 506 515 524 533 1022 1030 1038 1046 1054 1062 1070 
10 -1585 55 470 479 488 497 506 515 524 533 1022 1030 1038 1046 1054 1062 1070 
10 -1595 55 470 479 488 497 506 515 524 533 1022 1030 1038 1046 1054 1062 1070 
10 -1605 55 470 479 488 497 506 515 524 533 1022 1030 1038 1046 1054 1062 1070 
10 -1615 55 470 479 488 497 506 515 524 533 1022 1030 1038 1046 1054 1062 1070 
10 -1625 55 470 479 488 497 506 515 524 533 1022 1030 1038 1046 1054 1062 1070 
10 -1636 55 470 479 488 497 506 515 524 533 1022 1030 1038 1046 1054 1062 1070 
10 -1647 55 470 479 488 497 506 515 524 533 1022 1030 1038 1046 1054 1062 1070 
10 -1658 55 470 479 488 497 506 515 524 533 1022 1030 1038 1046 1054 1062 1070 
10 -1669 55 470 479 488 497 506 515 524 533 1022 1030 1038 1046 1054 1062 1070 
10 -1680 55 470 479 488 497 506 515 524 533 1022 1030 1038 1046 1054 1062 1070 
10 -1691 55 470 479 488 497 506 515 524 533 1022 1030 1038 1046 1054 1062 1070 
10 -1703 55 470 479 488 497 506 515 524 533 1022 1030 1038 1046 1054 1062 1070 
10 -1715 55 470 479 488 497 506 515 524 533 1022 1030 1038 1046 1054 1062 1070 
10 -1727 55 470 479 488 497 506 515 524 533 1022 1030 1038 1046 1054 1062 1070 
10 -1739 55 470 479 488 497 506 515 524 533 1022 1030 1038 1046 1054 1062 1070 
10 -1751 55 470 479 488 497 506 515 524 533 1022 1030 1038 1046 1054 1062 1070 
10 -1763 91 542 552 562 572 582 592 602 612 1078 1087 1096 1105 1114 1123 1132 1463 1471 1479 1487 1495 1503 
10 -1771 91 542 552 562 572 582 592 602 612 1078 1087 1096 1105 1114 1123 1132 1463 1471 1479 1487 1495 1503 
10 -1779 91 542 552 562 572 582 592 602 612 1078 1087 1096 1105 1114 1123 1132 1463 1471 1479 1487 1495 1503 
10 -1787 91 542 552 562 572 582 592 602 612 1078 1087 1096 1105 1114 1123 1132 1463 1471 1479 1487 1495 1503 
10 -1795 91 542 552 562 572 582 592 602 612 1078 1087 1096 1105 1114 1123 1132 1463 1471 1479 1487 1495 1503 
10 -1803 91 542 552 562 572 582 592 602 612 1078 1087 1096 1105 1114 1123 1132 1463 1471 1479 1487 1495 1503 
10 -1812 91 542 552 562 572 582 592 602 612 1078 1087 1096 1105 1114 1123 1132 1463 1471 1479 1487 1495 1503 
10 -1821 91 542 552 562 572 582 592 602 612 1078 1087 1096 1105 1114 1123 1132 1463 1471 1479 1487 1495 1503 
10 -1830 91 542 552 562 572 582 592 602 612 1078 1087 1096 1105 1114 1123 1132 1463 1471 1479 1487 1495 1503 
10 -1839 91 542 552 562 572 582 592 602 612 1078 1087 1096 1105 1114 1123 1132 1463 1471 1479 1487 1495 1503 
10 -1848 91 542 552 562 572 582 592 602 612 1078 1087 1096 1105 1114 1123 1132 1463 1471 1479 1487 1495 1503 
10 -1858 91 542 552 562 572 582 592 602 612 1078 1087 1096 1105 1114 1123 1132 1463 1471 1479 1487 1495 1503 
10 -1868 91 542 552 562 572 582 592 602 612 1078 1087 1096 1105 1114 1123 1132 1463 1471 1479 1487 1495 1503 
10 -1878 91 542 552 562 572 582 592 602 612 1078 1087 1096 1105 1114 1123 1132 1463 1471 1479 1487 1495 1503 
10 -1888 91 542 552 562 572 582 592 602 612 1078 1087 1096 1105 1114 1123 1132 1463 1471 1479 1487 1495 1503 
10 -1898 91 542 552 562 572 582 592 602 612 1078 1087 1096 1105 1114 1123 1132 1463 1471 1479 1487 1495 1503 
10 -1909 91 542 552 562 572 582 592 602 612 1078 1087 1096 1105 1114 1123 1132 1463 1471 1479 1487 1495 1503 
10 -1920 91 542 552 562 572 582 592 602 612 1078 1087 1096 1105 1114 1123 1132 1463 1471 1479 1487 1495 1503 
10 -1931 91 542 552 562 572 582 592 602 612 1078 1087 1096 1105 1114 1123 1132 1463 1471 1479 1487 1495 1503 
10 -1942 91 542 552 562 572 582 592 602 612 1078 1087 1096 1105 1114 1123 1132 1463 1471 1479 1487 1495 1503 
10 -1953 136 622 633 644 655 666 677 688 699 1141 1151 1161 1171 1181 1191 1201 1511 1520 1529 1538 1547 1556 1763 1771 1779 1787 1795 
10 -1961 136 622 633 644 655 666 677 688 699 1141 1151 1161 1171 1181 1191 1201 1511 1520 1529 1538 1547 1556 1763 1771 1779 1787 1795 
10 -1969 136 622 633 644 655 666 677 688 699 1141 1151 1161 1171 1181 1191 1201 1511 1520 1529 1538 1547 1556 1763 1771 1779 1787 1795 
10 -1977 136 622 633 644 655 666 677 688 699 1141 1151 1161 1171 1181 1191 1201 1511 1520 1529 1538 1547 1556 1763 1771 1779 1787 1795 
10 -1985 136 622 633 644 655 666 677 688 699 1141 1151 1161 1171 1181 1191 1201 1511 1520 1529 1538 1547 1556 1763 1771 1779 1787 1795 
10 -1994 136 622 633 644 655 666 677 688 699 1141 1151 1161 1171 1181 1191 1201 1511 1520 1529 1538 1547 1556 1763 1771 1779 1787 1795 
10 -2003 136 622 633 644 655 666 677 688 699 1141 1151 1161 1171 1181 1191 1201 1511 1520 1529 1538 1547 1556 1763 1771 1779 1787 1795 
10 -2012 136 622 633 644 655 666 677 688 699 1141 1151 1161 1171 1181 1191 1201 1511 1520 1529 1538 1547 1556 1763 1771 1779 1787 1795 
10 -2021 136 622 633 644 655 666 677 688 699 1141 1151 1161 1171 1181 1191 1201 1511 1520 1529 1538 1547 1556 1763 1771 1779 1787 1795 
10 -2031 136 622 633 644 655 666 677 688 699 1141 1151 1161 1171 1181 1191 1201 1511 1520 1529 1538 1547 1556 1763 1771 1779 1787 1795 
10 -2041 136 622 633 644 655 666 677 688 699 1141 1151 1161 1171 1181 1191 1201 1511 1520 1529 1538 1547 1556 1763 1771 1779 1787 1795 
10 -2051 136 622 633 644 655 666 677 688 699 1141 1151 1161 1171 1181 1191 1201 1511 1520 1529 1538 1547 1556 1763 1771 1779 1787 1795 
10 -2061 190 710 722 734 746 758 770 782 794 1211 1222 1233 1244 1255 1266 1277 1565 1575 1585 1595 1605 1615 1803 1812 1821 1830 1839 1953 1961 1969 1977 
10 -2069 190 710 722 734 746 758 770 782 794 1211 1222 1233 1244 1255 1266 1277 1565 1575 1585 1595 1605 1615 1803 1812 1821 1830 1839 1953 1961 1969 1977 
10 -2077 190 710 722 734 746 758 770 782 794 1211 1222 1233 1244 1255 1266 1277 1565 1575 1585 1595 1605 1615 1803 1812 1821 1830 1839 1953 1961 1969 1977 
10 -2085 190 710 722 734 746 758 770 782 794 1211 1222 1233 1244 1255 1266 1277 1565 1575 1585 1595 1605 1615 1803 1812 1821 1830 1839 1953 1961 1969 1977 
10 -2094 190 710 722 734 746 758 770 782 794 1211 1222 1233 1244 1255 1266 1277 1565 1575 1585 1595 1605 1615 1803 1812 1821 1830 1839 1953 1961 1969 1977 
10 -2103 190 710 722 734 746 758 770 782 794 1211 1222 1233 1244 1255 1266 1277 1565 1575 1585 1595 1605 1615 1803 1812 1821 1830 1839 1953 1961 1969 1977 
10 -2112 253 806 819 832 845 858 871 884 897 1288 1300 1312 1324 1336 1348 1360 1625 1636 1647 1658 1669 1680 1848 1858 1868 1878 1888 1985 1994 2003 2012 
10 -2120 253 806 819 832 845 858 871 884 897 1288 1300 1312 1324 1336 1348 1360 1625 1636 1647 1658 1669 1680 1848 1858 1868 1878 1888 1985 1994 2003 2012 
10 -2128 1 
10 -2130 1 
10 -2132 1 
10 -2134 1 
10 -2136 1 
10 -2138 1 
10 -2140 1 
10 -2142 1 
10 -2144 1 
10 -2146 1 
10 -2149 1 
10 -2152 1 
10 -2155 1 
10 -2158 1 
10 -2161 1 
10 -2164 1 
10 -2167 1 
10 -2170 1 
10 -2173 1 
10 -2177 1 
10 -2181 1 
10 -2185 1 
10 -2189 1 
10 -2193 1 
10 -2197 1 
10 -2201 1 
10 -2205 1 
10 -2209 1 
10 -2214 1 
10 -2219 1 
10 -2224 1 
10 -2229 1 
10 -2234 1 
10 -2239 1 
10 -2244 1 
10 -2249 1 
10 -2254 2128 
10 -2262 2128 
10 -2270 2128 
10 -2278 2128 
10 -2286 2128 
10 -2294 2128 
10 -2302 2128 
10 -2310 2128 
10 -2318 2128 
10 -2327 2128 
10 -2336 2128 
10 -2345 2128 
10 -2354 2128 
10 -2363 2128 
10 -2372 2128 
10 -2381 2128 
10 -2390 2128 
10 -2400 2128 
10 -2410 2128 
10 -2420 2128 
10 -2430 2128 
10 -2440 2128 
10 -2450 2128 
10 -2460 2128 
10 -2470 2146 2254 2262 2270 2278 2286 2294 2302 2310 
10 -2478 2146 2254 2262 2270 2278 2286 2294 2302 2310 
10 -2486 2146 2254 2262 2270 2278 2286 2294 2302 2310 
10 -2494 2146 2254 2262 2270 2278 2286 2294 2302 2310 
10 -2502 2146 2254 2262 2270 2278 2286 2294 2302 2310 
10 -2510 2146 2254 2262 2270 2278 2286 2294 2302 2310 
10 -2518 2146 2254 2262 2270 2278 2286 2294 2302 2310 
10 -2526 2146 2254 2262 2270 2278 2286 2294 2302 2310 
10 -2535 2146 2254 2262 2270 2278 2286 2294 2302 2310 
10 -2544 2146 2254 2262 2270 2278 2286 2294 2302 2310 
10 -2553 2146 2254 2262 2270 2278 2286 2294 2302 2310 
10 -2562 2146 2254 2262 2270 2278 2286 2294 2302 2310 
10 -2571 2146 2254 2262 2270 2278 2286 2294 2302 2310 
10 -2580 2146 2254 2262 2270 2278 2286 2294 2302 2310 
10 -2589 2173 2318 2327 2336 2345 2354 2363 2372 2381 2470 2478 2486 2494 2502 2510 2518 
10 -2597 2173 2318 2327 2336 2345 2354 2363 2372 2381 2470 2478 2486 2494 2502 2510 2518 
10 -2605 2173 2318 2327 2336 2345 2354 2363 2372 2381 2470 2478 2486 2494 2502 2510 2518 
10 -2613 2173 2318 2327 2336 2345 2354 2363 2372 2381 2470 2478 2486 2494 2502 2510 2518 
10 -2621 2173 2318 2327 2336 2345 2354 2363 2372 2381 2470 2478 2486 2494 2502 2510 2518 
10 -2629 2173 2318 2327 2336 2345 2354 2363 2372 2381 2470 2478 2486 2494 2502 2510 2518 
10 -2637 325 334 343 352 361 370 379 388 397 910 924 938 952 966 980 994 1008 1372 1385 1398 1411 1424 1437 1450 1691 1703 1715 1727 1739 1751 1898 1909 1920 1931 1942 2021 2031 2041 2051 2085 2094 2103 2112 2120 2209 2390 2400 2410 2420 2430 2440 2450 2460 2526 2535 2544 2553 2562 2571 2580 2589 2597 2605 2613 2621 2629 
10 -2638 325 334 343 352 361 370 379 388 397 910 924 938 952 966 980 994 1008 1372 1385 1398 1411 1424 1437 1450 1691 1703 1715 1727 1739 1751 1898 1909 1920 1931 1942 2021 2031 2041 2051 2085 2094 2103 2112 2120 2209 2390 2400 2410 2420 2430 2440 2450 2460 2526 2535 2544 2553 2562 2571 2580 2589 2597 2605 2613 2621 2629 
10 -2639 325 334 343 352 361 370 379 388 397 910 924 938 952 966 980 994 1008 1372 1385 1398 1411 1424 1437 1450 1691 1703 1715 1727 1739 1751 1898 1909 1920 1931 1942 2021 2031 2041 2051 2085 2094 2103 2112 2120 2209 2390 2400 2410 2420 2430 2440 2450 2460 2526 2535 2544 2553 2562 2571 2580 2589 2597 2605 2613 2621 2629 
10 -2640 325 334 343 352 361 370 379 388 397 910 924 938 952 966 980 994 1008 1372 1385 1398 1411 1424 1437 1450 1691 1703 1715 1727 1739 1751 1898 1909 1920 1931 1942 2021 2031 2041 2051 2085 2094 2103 2112 2120 2209 2390 2400 2410 2420 2430 2440 2450 2460 2526 2535 2544 2553 2562 2571 2580 2589 2597 2605 2613 2621 2629 
10 -2641 325 334 343 352 361 370 379 388 397 910 924 938 952 966 980 994 1008 1372 1385 1398 1411 1424 1437 1450 1691 1703 1715 1727 1739 1751 1898 1909 1920 1931 1942 2021 2031 2041 2051 2085 2094 2103 2112 2120 2209 2390 2400 2410 2420 2430 2440 2450 2460 2526 2535 2544 2553 2562 2571 2580 2589 2597 2605 2613 2621 2629 
10 10 12 14 16 18 20 22 24 26 28 31 34 37 40 43 46 49 52 55 59 63 67 71 75 79 83 87 91 96 101 106 111 116 121 126 131 136 142 148 154 160 166 172 178 184 190 197 204 211 218 225 232 239 246 253 261 269 277 285 293 301 309 317 325 334 343 352 361 370 379 388 397 
10 10 12 14 16 18 20 22 24 26 28 31 34 37 40 43 46 49 52 55 59 63 67 71 75 79 83 87 91 96 101 106 111 116 121 126 131 136 142 148 154 160 166 172 178 184 190 197 204 211 218 225 232 239 246 253 261 269 277 285 293 301 309 317 325 334 343 352 361 370 379 388 397 406 414 422 430 438 446 454 462 470 479 488 497 506 515 524 533 542 552 562 572 582 592 602 612 622 633 644 655 666 677 688 699 710 722 734 746 758 770 782 794 806 819 832 845 858 871 884 897 910 924 938 952 966 980 994 1008 
10 28 31 34 37 40 43 46 49 52 55 59 63 67 71 75 79 83 87 91 96 101 106 111 116 121 126 131 136 142 148 154 160 166 172 178 184 190 197 204 211 218 225 232 239 246 253 261 269 277 285 293 301 309 317 325 334 343 352 361 370 379 388 397 406 414 422 430 438 446 454 462 470 479 488 497 506 515 524 533 542 552 562 572 582 592 602 612 622 633 644 655 666 677 688 699 710 722 734 746 758 770 782 794 806 819 832 845 858 871 884 897 910 924 938 952 966 980 994 1008 1022 1030 1038 1046 1054 1062 1070 1078 1087 1096 1105 1114 1123 1132 1141 1151 1161 1171 1181 1191 1201 1211 1222 1233 1244 1255 1266 1277 1288 1300 1312 1324 1336 1348 1360 1372 1385 1398 1411 1424 1437 1450 
10 55 59 63 67 71 75 79 83 87 91 96 101 106 111 116 121 126 131 136 142 148 154 160 166 172 178 184 190 197 204 211 218 225 232 239 246 253 261 269 277 285 293 301 309 317 325 334 343 352 361 370 379 388 397 406 414 422 430 438 446 454 462 470 479 488 497 506 515 524 533 542 552 562 572 582 592 602 612 622 633 644 655 666 677 688 699 710 722 734 746 758 770 782 794 806 819 832 845 858 871 884 897 910 924 938 952 966 980 994 1008 1022 1030 1038 1046 1054 1062 1070 1078 1087 1096 1105 1114 1123 1132 1141 1151 1161 1171 1181 1191 1201 1211 1222 1233 1244 1255 1266 1277 1288 1300 1312 1324 1336 1348 1360 1372 1385 1398 1411 1424 1437 1450 1463 1471 1479 1487 1495 1503 1511 1520 1529 1538 1547 1556 1565 1575 1585 1595 1605 1615 1625 1636 1647 1658 1669 1680 1691 1703 1715 1727 1739 1751 
10 91 96 101 106 111 116 121 126 131 136 142 148 154 160 166 172 178 184 190 197 204 211 218 225 232 239 246 253 261 269 277 285 293 301 309 317 325 334 343 352 361 370 379 388 397 406 414 422 430 438 446 454 462 470 479 488 497 506 515 524 533 542 552 562 572 582 592 602 612 622 633 644 655 666 677 688 699 710 722 734 746 758 770 782 794 806 819 832 845 858 871 884 897 910 924 938 952 966 980 994 1008 1022 1030 1038 1046 1054 1062 1070 1078 1087 1096 1105 1114 1123 1132 1141 1151 1161 1171 1181 1191 1201 1211 1222 1233 1244 1255 1266 1277 1288 1300 1312 1324 1336 1348 1360 1372 1385 1398 1411 1424 1437 1450 1463 1471 1479 1487 1495 1503 1511 1520 1529 1538 1547 1556 1565 1575 1585 1595 1605 1615 1625 1636 1647 1658 1669 1680 1691 1703 1715 1727 1739 1751 1763 1771 1779 1787 1795 1803 1812 1821 1830 1839 1848 1858 1868 1878 1888 1898 1909 1920 1931 1942 
10 136 142 148 154 160 166 172 178 184 190 197 204 211 218 225 232 239 246 253 261 269 277 285 293 301 309 317 325 334 343 352 361 370 379 388 397 406 414 422 430 438 446 454 462 470 479 488 497 506 515 524 533 542 552 562 572 582 592 602 612 622 633 644 655 666 677 688 699 710 722 734 746 758 770 782 794 806 819 832 845 858 871 884 897 910 924 938 952 966 980 994 1008 1022 1030 1038 1046 1054 1062 1070 1078 1087 1096 1105 1114 1123 1132 1141 1151 1161 1171 1181 1191 1201 1211 1222 1233 1244 1255 1266 1277 1288 1300 1312 1324 1336 1348 1360 1372 1385 1398 1411 1424 1437 1450 1463 1471 1479 1487 1495 1503 1511 1520 1529 1538 1547 1556 1565 1575 1585 1595 1605 1615 1625 1636 1647 1658 1669 1680 1691 1703 1715 1727 1739 1751 1763 1771 1779 1787 1795 1803 1812 1821 1830 1839 1848 1858 1868 1878 1888 1898 1909 1920 1931 1942 1953 1961 1969 1977 1985 1994 2003 2012 2021 2031 2041 2051 
10 190 197 204 211 218 225 232 239 246 253 261 269 277 285 293 301 309 317 325 334 343 352 361 370 379 388 397 406 414 422 430 438 446 454 462 470 479 488 497 506 515 524 533 542 552 562 572 582 592 602 612 622 633 644 655 666 677 688 699 710 722 734 746 758 770 782 794 806 819 832 845 858 871 884 897 910 924 938 952 966 980 994 1008 1022 1030 1038 1046 1054 1062 1070 1078 1087 1096 1105 1114 1123 1132 1141 1151 1161 1171 1181 1191 1201 1211 1222 1233 1244 1255 1266 1277 1288 1300 1312 1324 1336 1348 1360 1372 1385 1398 1411 1424 1437 1450 1463 1471 1479 1487 1495 1503 1511 1520 1529 1538 1547 1556 1565 1575 1585 1595 1605 1615 1625 1636 1647 1658 1669 1680 1691 1703 1715 1727 1739 1751 1763 1771 1779 1787 1795 1803 1812 1821 1830 1839 1848 1858 1868 1878 1888 1898 1909 1920 1931 1942 1953 1961 1969 1977 1985 1994 2003 2012 2021 2031 2041 2051 2061 2069 2077 2085 2094 2103 
10 253 261 269 277 285 293 301 309 317 325 334 343 352 361 370 379 388 397 406 414 422 430 438 446 454 462 470 479 488 497 506 515 524 533 542 552 562 572 582 592 602 612 622 633 644 655 666 677 688 699 710 722 734 746 758 770 782 794 806 819 832 845 858 871 884 897 910 924 938 952 966 980 994 1008 1022 1030 1038 1046 1054 1062 1070 1078 1087 1096 1105 1114 1123 1132 1141 1151 1161 1171 1181 1191 1201 1211 1222 1233 1244 1255 1266 1277 1288 1300 1312 1324 1336 1348 1360 1372 1385 1398 1411 1424 1437 1450 1463 1471 1479 1487 1495 1503 1511 1520 1529 1538 1547 1556 1565 1575 1585 1595 1605 1615 1625 1636 1647 1658 1669 1680 1691 1703 1715 1727 1739 1751 1763 1771 1779 1787 1795 1803 1812 1821 1830 1839 1848 1858 1868 1878 1888 1898 1909 1920 1931 1942 1953 1961 1969 1977 1985 1994 2003 2012 2021 2031 2041 2051 2061 2069 2077 2085 2094 2103 2112 2120 
10 2128 2130 2132 2134 2136 2138 2140 2142 2144 2146 2149 2152 2155 2158 2161 2164 2167 2170 2173 2177 2181 2185 2189 2193 2197 2201 2205 2209 2214 2219 2224 2229 2234 2239 2244 2249 
10 2128 2130 2132 2134 2136 2138 2140 2142 2144 2146 2149 2152 2155 2158 2161 2164 2167 2170 2173 2177 2181 2185 2189 2193 2197 2201 2205 2209 2214 2219 2224 2229 2234 2239 2244 2249 2254 2262 2270 2278 2286 2294 2302 2310 2318 2327 2336 2345 2354 2363 2372 2381 2390 2400 2410 2420 2430 2440 2450 2460 
10 2146 2149 2152 2155 2158 2161 2164 2167 2170 2173 2177 2181 2185 2189 2193 2197 2201 2205 2209 2214 2219 2224 2229 2234 2239 2244 2249 2254 2262 2270 2278 2286 2294 2302 2310 2318 2327 2336 2345 2354 2363 2372 2381 2390 2400 2410 2420 2430 2440 2450 2460 2470 2478 2486 2494 2502 2510 2518 2526 2535 2544 2553 2562 2571 2580 
10 2173 2177 2181 2185 2189 2193 2197 2201 2205 2209 2214 2219 2224 2229 2234 2239 2244 2249 2254 2262 2270 2278 2286 2294 2302 2310 2318 2327 2336 2345 2354 2363 2372 2381 2390 2400 2410 2420 2430 2440 2450 2460 2470 2478 2486 2494 2502 2510 2518 2526 2535 2544 2553 2562 2571 2580 2589 2597 2605 2613 2621 2629 
10 -10 11 
10 -12 13 
10 -14 15 
10 -16 17 
10 -18 19 
10 -20 21 
10 -22 23 
10 -24 25 
10 -26 27 
10 -28 29 
10 -28 30 
10 -31 32 
10 -31 33 
10 -34 35 
10 -34 36 
10 -37 38 
10 -37 39 
10 -40 41 
10 -40 42 
10 -43 44 
10 -43 45 
10 -46 47 
10 -46 48 
10 -49 50 
10 -49 51 
10 -52 53 
10 -52 54 
10 -55 56 
10 -55 57 
10 -55 58 
10 -59 60 
10 -59 61 
10 -59 62 
10 -63 64 
10 -63 65 
10 -63 66 
10 -67 68 
10 -67 69 
10 -67 70 
10 -71 72 
10 -71 73 
10 -71 74 
10 -75 76 
10 -75 77 
10 -75 78 
10 -79 80 
10 -79 81 
10 -79 82 
10 -83 84 
10 -83 85 
10 -83 86 
10 -87 88 
10 -87 89 
10 -87 90 
10 -91 92 
10 -91 93 
10 -91 94 
10 -91 95 
10 -96 97 
10 -96 98 
10 -96 99 
10 -96 100 
10 -101 102 
10 -101 103 
10 -101 104 
10 -101 105 
10 -106 107 
10 -106 108 
10 -106 109 
10 -106 110 
10 -111 112 
10 -111 113 
10 -111 114 
10 -111 115 
10 -116 117 
10 -116 118 
10 -116 119 
10 -116 120 
10 -121 122 
10 -121 123 
10 -121 124 
10 -121 125 
10 -126 127 
10 -126 128 
10 -126 129 
10 -126 130 
10 -131 132 
10 -131 133 
10 -131 134 
10 -131 135 
10 -136 137 
10 -136 138 
10 -136 139 
10 -136 140 
10 -136 141 
10 -142 143 
10 -142 144 
10 -142 145 
10 -142 146 
10 -142 147 
10 -148 149 
10 -148 150 
10 -148 151 
10 -148 152 
10 -148 153 
10 -154 155 
10 -154 156 
10 -154 157 
10 -154 158 
10 -154 159 
10 -160 161 
10 -160 162 
10 -160 163 
10 -160 164 
10 -160 165 
10 -166 167 
10 -166 168 
10 -166 169 
10 -166 170 
10 -166 171 
10 -172 173 
10 -172 174 
10 -172 175 
10 -172 176 
10 -172 177 
10 -178 179 
10 -178 180 
10 -178 181 
10 -178 182 
10 -178 183 
10 -184 185 
10 -184 186 
10 -184 187 
10 -184 188 
10 -184 189 
10 -190 191 
10 -190 192 
10 -190 193 
10 -190 194 
10 -190 195 
10 -190 196 
10 -197 198 
10 -197 199 
10 -197 200 
10 -197 201 
10 -197 202 
10 -197 203 
10 -204 205 
10 -204 206 
10 -204 207 
10 -204 208 
10 -204 209 
10 -204 210 
10 -211 212 
10 -211 213 
10 -211 214 
10 -211 215 
10 -211 216 
10 -211 217 
10 -218 219 
10 -218 220 
10 -218 221 
10 -218 222 
10 -218 223 
10 -218 224 
10 -225 226 
10 -225 227 
10 -225 228 
10 -225 229 
10 -225 230 
10 -225 231 
10 -232 233 
10 -232 234 
10 -232 235 
10 -232 236 
10 -232 237 
10 -232 238 
10 -239 240 
10 -239 241 
10 -239 242 
10 -239 243 
10 -239 244 
10 -239 245 
10 -246 247 
10 -246 248 
10 -246 249 
10 -246 250 
10 -246 251 
10 -246 252 
10 -253 254 
10 -253 255 
10 -253 256 
10 -253 257 
10 -253 258 
10 -253 259 
10 -253 260 
10 -261 262 
10 -261 263 
10 -261 264 
10 -261 265 
10 -261 266 
10 -261 267 
10 -261 268 
10 -269 270 
10 -269 271 
10 -269 272 
10 -269 273 
10 -269 274 
10 -269 275 
10 -269 276 
10 -277 278 
10 -277 279 
10 -277 280 
10 -277 281 
10 -277 282 
10 -277 283 
10 -277 284 
10 -285 286 
10 -285 287 
10 -285 288 
10 -285 289 
10 -285 290 
10 -285 291 
10 -285 292 
10 -293 294 
10 -293 295 
10 -293 296 
10 -293 297 
10 -293 298 
10 -293 299 
10 -293 300 
10 -301 302 
10 -301 303 
10 -301 304 
10 -301 305 
10 -301 306 
10 -301 307 
10 -301 308 
10 -309 310 
10 -309 311 
10 -309 312 
10 -309 313 
10 -309 314 
10 -309 315 
10 -309 316 
10 -317 318 
10 -317 319 
10 -317 320 
10 -317 321 
10 -317 322 
10 -317 323 
10 -317 324 
10 -325 326 
10 -325 327 
10 -325 328 
10 -325 329 
10 -325 330 
10 -325 331 
10 -325 332 
10 -325 333 
10 -334 335 
10 -334 336 
10 -334 337 
10 -334 338 
10 -334 339 
10 -334 340 
10 -334 341 
10 -334 342 
10 -343 344 
10 -343 345 
10 -343 346 
10 -343 347 
10 -343 348 
10 -343 349 
10 -343 350 
10 -343 351 
10 -352 353 
10 -352 354 
10 -352 355 
10 -352 356 
10 -352 357 
10 -352 358 
10 -352 359 
10 -352 360 
10 -361 362 
10 -361 363 
10 -361 364 
10 -361 365 
10 -361 366 
10 -361 367 
10 -361 368 
10 -361 369 
10 -370 371 
10 -370 372 
10 -370 373 
10 -370 374 
10 -370 375 
10 -370 376 
10 -370 377 
10 -370 378 
10 -379 380 
10 -379 381 
10 -379 382 
10 -379 383 
10 -379 384 
10 -379 385 
10 -379 386 
10 -379 387 
10 -388 389 
10 -388 390 
10 -388 391 
10 -388 392 
10 -388 393 
10 -388 394 
10 -388 395 
10 -388 396 
10 -397 398 
10 -397 399 
10 -397 400 
10 -397 401 
10 -397 402 
10 -397 403 
10 -397 404 
10 -397 405 
10 -406 407 
10 -406 408 
10 -406 409 
10 -406 410 
10 -406 411 
10 -406 412 
10 -406 413 
10 -414 415 
10 -414 416 
10 -414 417 
10 -414 418 
10 -414 419 
10 -414 420 
10 -414 421 
10 -422 423 
10 -422 424 
10 -422 425 
10 -422 426 
10 -422 427 
10 -422 428 
10 -422 429 
10 -430 431 
10 -430 432 
10 -430 433 
10 -430 434 
10 -430 435 
10 -430 436 
10 -430 437 
10 -438 439 
10 -438 440 
10 -438 441 
10 -438 442 
10 -438 443 
10 -438 444 
10 -438 445 
10 -446 447 
10 -446 448 
10 -446 449 
10 -446 450 
10 -446 451 
10 -446 452 
10 -446 453 
10 -454 455 
10 -454 456 
10 -454 457 
10 -454 458 
10 -454 459 
10 -454 460 
10 -454 461 
10 -462 463 
10 -462 464 
10 -462 465 
10 -462 466 
10 -462 467 
10 -462 468 
10 -462 469 
10 -470 471 
10 -470 472 
10 -470 473 
10 -470 474 
10 -470 475 
10 -470 476 
10 -470 477 
10 -470 478 
10 -479 480 
10 -479 481 
10 -479 482 
10 -479 483 
10 -479 484 
10 -479 485 
10 -479 486 
10 -479 487 
10 -488 489 
10 -488 490 
10 -488 491 
10 -488 492 
10 -488 493 
10 -488 494 
10 -488 495 
10 -488 496 
10 -497 498 
10 -497 499 
10 -497 500 
10 -497 501 
10 -497 502 
10 -497 503 
10 -497 504 
10 -497 505 
10 -506 507 
10 -506 508 
10 -506 509 
10 -506 510 
10 -506 511 
10 -506 512 
10 -506 513 
10 -506 514 
10 -515 516 
10 -515 517 
10 -515 518 
10 -515 519 
10 -515 520 
10 -515 521 
10 -515 522 
10 -515 523 
10 -524 525 
10 -524 526 
10 -524 527 
10 -524 528 
10 -524 529 
10 -524 530 
10 -524 531 
10 -524 532 
10 -533 534 
10 -533 535 
10 -533 536 
10 -533 537 
10 -533 538 
10 -533 539 
10 -533 540 
10 -533 541 
10 -542 543 
10 -542 544 
10 -542 545 
10 -542 546 
10 -542 547 
10 -542 548 
10 -542 549 
10 -542 550 
10 -542 551 
10 -552 553 
10 -552 554 
10 -552 555 
10 -552 556 
10 -552 557 
10 -552 558 
10 -552 559 
10 -552 560 
10 -552 561 
10 -562 563 
10 -562 564 
10 -562 565 
10 -562 566 
10 -562 567 
10 -562 568 
10 -562 569 
10 -562 570 
10 -562 571 
10 -572 573 
10 -572 574 
10 -572 575 
10 -572 576 
10 -572 577 
10 -572 578 
10 -572 579 
10 -572 580 
10 -572 581 
10 -582 583 
10 -582 584 
10 -582 585 
10 -582 586 
10 -582 587 
10 -582 588 
10 -582 589 
10 -582 590 
10 -582 591 
10 -592 593 
10 -592 594 
10 -592 595 
10 -592 596 
10 -592 597 
10 -592 598 
10 -592 599 
10 -592 600 
10 -592 601 
10 -602 603 
10 -602 604 
10 -602 605 
10 -602 606 
10 -602 607 
10 -602 608 
10 -602 609 
10 -602 610 
10 -602 611 
10 -612 613 
10 -612 614 
10 -612 615 
10 -612 616 
10 -612 617 
10 -612 618 
10 -612 619 
10 -612 620 
10 -612 621 
10 -622 623 
10 -622 624 
10 -622 625 
10 -622 626 
10 -622 627 
10 -622 628 
10 -622 629 
10 -622 630 
10 -622 631 
10 -622 632 
10 -633 634 
10 -633 635 
10 -633 636 
10 -633 637 
10 -633 638 
10 -633 639 
10 -633 640 
10 -633 641 
10 -633 642 
10 -633 643 
10 -644 645 
10 -644 646 
10 -644 647 
10 -644 648 
10 -644 649 
10 -644 650 
10 -644 651 
10 -644 652 
10 -644 653 
10 -644 654 
10 -655 656 
10 -655 657 
10 -655 658 
10 -655 659 
10 -655 660 
10 -655 661 
10 -655 662 
10 -655 663 
10 -655 664 
10 -655 665 
10 -666 667 
10 -666 668 
10 -666 669 
10 -666 670 
10 -666 671 
10 -666 672 
10 -666 673 
10 -666 674 
10 -666 675 
10 -666 676 
10 -677 678 
10 -677 679 
10 -677 680 
10 -677 681 
10 -677 682 
10 -677 683 
10 -677 684 
10 -677 685 
10 -677 686 
10 -677 687 
10 -688 689 
10 -688 690 
10 -688 691 
10 -688 692 
10 -688 693 
10 -688 694 
10 -688 695 
10 -688 696 
10 -688 697 
10 -688 698 
10 -699 700 
10 -699 701 
10 -699 702 
10 -699 703 
10 -699 704 
10 -699 705 
10 -699 706 
10 -699 707 
10 -699 708 
10 -699 709 
10 -710 711 
10 -710 712 
10 -710 713 
10 -710 714 
10 -710 715 
10 -710 716 
10 -710 717 
10 -710 718 
10 -710 719 
10 -710 720 
10 -710 721 
10 -722 723 
10 -722 724 
10 -722 725 
10 -722 726 
10 -722 727 
10 -722 728 
10 -722 729 
10 -722 730 
10 -722 731 
10 -722 732 
10 -722 733 
10 -734 735 
10 -734 736 
10 -734 737 
10 -734 738 
10 -734 739 
10 -734 740 
10 -734 741 
10 -734 742 
10 -734 743 
10 -734 744 
10 -734 745 
10 -746 747 
10 -746 748 
10 -746 749 
10 -746 750 
10 -746 751 
10 -746 752 
10 -746 753 
10 -746 754 
10 -746 755 
10 -746 756 
10 -746 757 
10 -758 759 
10 -758 760 
10 -758 761 
10 -758 762 
10 -758 763 
10 -758 764 
10 -758 765 
10 -758 766 
10 -758 767 
10 -758 768 
10 -758 769 
10 -770 771 
10 -770 772 
10 -770 773 
10 -770 774 
10 -770 775 
10 -770 776 
10 -770 777 
10 -770 778 
10 -770 779 
10 -770 780 
10 -770 781 
10 -782 783 
10 -782 784 
10 -782 785 
10 -782 786 
10 -782 787 
10 -782 788 
10 -782 789 
10 -782 790 
10 -782 791 
10 -782 792 
10 -782 793 
10 -794 795 
10 -794 796 
10 -794 797 
10 -794 798 
10 -794 799 
10 -794 800 
10 -794 801 
10 -794 802 
10 -794 803 
10 -794 804 
10 -794 805 
10 -806 807 
10 -806 808 
10 -806 809 
10 -806 810 
10 -806 811 
10 -806 812 
10 -806 813 
10 -806 814 
10 -806 815 
10 -806 816 
10 -806 817 
10 -806 818 
10 -819 820 
10 -819 821 
10 -819 822 
10 -819 823 
10 -819 824 
10 -819 825 
10 -819 826 
10 -819 827 
10 -819 828 
10 -819 829 
10 -819 830 
10 -819 831 
10 -832 833 
10 -832 834 
10 -832 835 
10 -832 836 
10 -832 837 
10 -832 838 
10 -832 839 
10 -832 840 
10 -832 841 
10 -832 842 
10 -832 843 
10 -832 844 
10 -845 846 
10 -845 847 
10 -845 848 
10 -845 849 
10 -845 850 
10 -845 851 
10 -845 852 
10 -845 853 
10 -845 854 
10 -845 855 
10 -845 856 
10 -845 857 
10 -858 859 
10 -858 860 
10 -858 861 
10 -858 862 
10 -858 863 
10 -858 864 
10 -858 865 
10 -858 866 
10 -858 867 
10 -858 868 
10 -858 869 
10 -858 870 
10 -871 872 
10 -871 873 
10 -871 874 
10 -871 875 
10 -871 876 
10 -871 877 
10 -871 878 
10 -871 879 
10 -871 880 
10 -871 881 
10 -871 882 
10 -871 883 
10 -884 885 
10 -884 886 
10 -884 887 
10 -884 888 
10 -884 889 
10 -884 890 
10 -884 891 
10 -884 892 
10 -884 893 
10 -884 894 
10 -884 895 
10 -884 896 
10 -897 898 
10 -897 899 
10 -897 900 
10 -897 901 
10 -897 902 
10 -897 903 
10 -897 904 
10 -897 905 
10 -897 906 
10 -897 907 
10 -897 908 
10 -897 909 
10 -910 911 
10 -910 912 
10 -910 913 
10 -910 914 
10 -910 915 
10 -910 916 
10 -910 917 
10 -910 918 
10 -910 919 
10 -910 920 
10 -910 921 
10 -910 922 
10 -910 923 
10 -924 925 
10 -924 926 
10 -924 927 
10 -924 928 
10 -924 929 
10 -924 930 
10 -924 931 
10 -924 932 
10 -924 933 
10 -924 934 
10 -924 935 
10 -924 936 
10 -924 937 
10 -938 939 
10 -938 940 
10 -938 941 
10 -938 942 
10 -938 943 
10 -938 944 
10 -938 945 
10 -938 946 
10 -938 947 
10 -938 948 
10 -938 949 
10 -938 950 
10 -938 951 
10 -952 953 
10 -952 954 
10 -952 955 
10 -952 956 
10 -952 957 
10 -952 958 
10 -952 959 
10 -952 960 
10 -952 961 
10 -952 962 
10 -952 963 
10 -952 964 
10 -952 965 
10 -966 967 
10 -966 968 
10 -966 969 
10 -966 970 
10 -966 971 
10 -966 972 
10 -966 973 
10 -966 974 
10 -966 975 
10 -966 976 
10 -966 977 
10 -966 978 
10 -966 979 
10 -980 981 
10 -980 982 
10 -980 983 
10 -980 984 
10 -980 985 
10 -980 986 
10 -980 987 
10 -980 988 
10 -980 989 
10 -980 990 
10 -980 991 
10 -980 992 
10 -980 993 
10 -994 995 
10 -994 996 
10 -994 997 
10 -994 998 
10 -994 999 
10 -994 1000 
10 -994 1001 
10 -994 1002 
10 -994 1003 
10 -994 1004 
10 -994 1005 
10 -994 1006 
10 -994 1007 
10 -1008 1009 
10 -1008 1010 
10 -1008 1011 
10 -1008 1012 
10 -1008 1013 
10 -1008 1014 
10 -1008 1015 
10 -1008 1016 
10 -1008 1017 
10 -1008 1018 
10 -1008 1019 
10 -1008 1020 
10 -1008 1021 
10 -1022 1023 
10 -1022 1024 
10 -1022 1025 
10 -1022 1026 
10 -1022 1027 
10 -1022 1028 
10 -1022 1029 
10 -1030 1031 
10 -1030 1032 
10 -1030 1033 
10 -1030 1034 
10 -1030 1035 
10 -1030 1036 
10 -1030 1037 
10 -1038 1039 
10 -1038 1040 
10 -1038 1041 
10 -1038 1042 
10 -1038 1043 
10 -1038 1044 
10 -1038 1045 
10 -1046 1047 
10 -1046 1048 
10 -1046 1049 
10 -1046 1050 
10 -1046 1051 
10 -1046 1052 
10 -1046 1053 
10 -1054 1055 
10 -1054 1056 
10 -1054 1057 
10 -1054 1058 
10 -1054 1059 
10 -1054 1060 
10 -1054 1061 
10 -1062 1063 
10 -1062 1064 
10 -1062 1065 
10 -1062 1066 
10 -1062 1067 
10 -1062 1068 
10 -1062 1069 
10 -1070 1071 
10 -1070 1072 
10 -1070 1073 
10 -1070 1074 
10 -1070 1075 
10 -1070 1076 
10 -1070 1077 
10 -1078 1079 
10 -1078 1080 
10 -1078 1081 
10 -1078 1082 
10 -1078 1083 
10 -1078 1084 
10 -1078 1085 
10 -1078 1086 
10 -1087 1088 
10 -1087 1089 
10 -1087 1090 
10 -1087 1091 
10 -1087 1092 
10 -1087 1093 
10 -1087 1094 
10 -1087 1095 
10 -1096 1097 
10 -1096 1098 
10 -1096 1099 
10 -1096 1100 
10 -1096 1101 
10 -1096 1102 
10 -1096 1103 
10 -1096 1104 
10 -1105 1106 
10 -1105 1107 
10 -1105 1108 
10 -1105 1109 
10 -1105 1110 
10 -1105 1111 
10 -1105 1112 
10 -1105 1113 
10 -1114 1115 
10 -1114 1116 
10 -1114 1117 
10 -1114 1118 
10 -1114 1119 
10 -1114 1120 
10 -1114 1121 
10 -1114 1122 
10 -1123 1124 
10 -1123 1125 
10 -1123 1126 
10 -1123 1127 
10 -1123 1128 
10 -1123 1129 
10 -1123 1130 
10 -1123 1131 
10 -1132 1133 
10 -1132 1134 
10 -1132 1135 
10 -1132 1136 
10 -1132 1137 
10 -1132 1138 
10 -1132 1139 
10 -1132 1140 
10 -1141 1142 
10 -1141 1143 
10 -1141 1144 
10 -1141 1145 
10 -1141 1146 
10 -1141 1147 
10 -1141 1148 
10 -1141 1149 
10 -1141 1150 
10 -1151 1152 
10 -1151 1153 
10 -1151 1154 
10 -1151 1155 
10 -1151 1156 
10 -1151 1157 
10 -1151 1158 
10 -1151 1159 
10 -1151 1160 
10 -1161 1162 
10 -1161 1163 
10 -1161 1164 
10 -1161 1165 
10 -1161 1166 
10 -1161 1167 
10 -1161 1168 
10 -1161 1169 
10 -1161 1170 
10 -1171 1172 
10 -1171 1173 
10 -1171 1174 
10 -1171 1175 
10 -1171 1176 
10 -1171 1177 
10 -1171 1178 
10 -1171 1179 
10 -1171 1180 
10 -1181 1182 
10 -1181 1183 
10 -1181 1184 
10 -1181 1185 
10 -1181 1186 
10 -1181 1187 
10 -1181 1188 
10 -1181 1189 
10 -1181 1190 
10 -1191 1192 
10 -1191 1193 
10 -1191 1194 
10 -1191 1195 
10 -1191 1196 
10 -1191 1197 
10 -1191 1198 
10 -1191 1199 
10 -1191 1200 
10 -1201 1202 
10 -1201 1203 
10 -1201 1204 
10 -1201 1205 
10 -1201 1206 
10 -1201 1207 
10 -1201 1208 
10 -1201 1209 
10 -1201 1210 
10 -1211 1212 
10 -1211 1213 
10 -1211 1214 
10 -1211 1215 
10 -1211 1216 
10 -1211 1217 
10 -1211 1218 
10 -1211 1219 
10 -1211 1220 
10 -1211 1221 
10 -1222 1223 
10 -1222 1224 
10 -1222 1225 
10 -1222 1226 
10 -1222 1227 
10 -1222 1228 
10 -1222 1229 
10 -1222 1230 
10 -1222 1231 
10 -1222 1232 
10 -1233 1234 
10 -1233 1235 
10 -1233 1236 
10 -1233 1237 
10 -1233 1238 
10 -1233 1239 
10 -1233 1240 
10 -1233 1241 
10 -1233 1242 
10 -1233 1243 
10 -1244 1245 
10 -1244 1246 
10 -1244 1247 
10 -1244 1248 
10 -1244 1249 
10 -1244 1250 
10 -1244 1251 
10 -1244 1252 
10 -1244 1253 
10 -1244 1254 
10 -1255 1256 
10 -1255 1257 
10 -1255 1258 
10 -1255 1259 
10 -1255 1260 
10 -1255 1261 
10 -1255 1262 
10 -1255 1263 
10 -1255 1264 
10 -1255 1265 
10 -1266 1267 
10 -1266 1268 
10 -1266 1269 
10 -1266 1270 
10 -1266 1271 
10 -1266 1272 
10 -1266 1273 
10 -1266 1274 
10 -1266 1275 
10 -1266 1276 
10 -1277 1278 
10 -1277 1279 
10 -1277 1280 
10 -1277 1281 
10 -1277 1282 
10 -1277 1283 
10 -1277 1284 
10 -1277 1285 
10 -1277 1286 
10 -1277 1287 
10 -1288 1289 
10 -1288 1290 
10 -1288 1291 
10 -1288 1292 
10 -1288 1293 
10 -1288 1294 
10 -1288 1295 
10 -1288 1296 
10 -1288 1297 
10 -1288 1298 
10 -1288 1299 
10 -1300 1301 
10 -1300 1302 
10 -1300 1303 
10 -1300 1304 
10 -1300 1305 
10 -1300 1306 
10 -1300 1307 
10 -1300 1308 
10 -1300 1309 
10 -1300 1310 
10 -1300 1311 
10 -1312 1313 
10 -1312 1314 
10 -1312 1315 
10 -1312 1316 
10 -1312 1317 
10 -1312 1318 
10 -1312 1319 
10 -1312 1320 
10 -1312 1321 
10 -1312 1322 
10 -1312 1323 
10 -1324 1325 
10 -1324 1326 
10 -1324 1327 
10 -1324 1328 
10 -1324 1329 
10 -1324 1330 
10 -1324 1331 
10 -1324 1332 
10 -1324 1333 
10 -1324 1334 
10 -1324 1335 
10 -1336 1337 
10 -1336 1338 
10 -1336 1339 
10 -1336 1340 
10 -1336 1341 
10 -1336 1342 
10 -1336 1343 
10 -1336 1344 
10 -1336 1345 
10 -1336 1346 
10 -1336 1347 
10 -1348 1349 
10 -1348 1350 
10 -1348 1351 
10 -1348 1352 
10 -1348 1353 
10 -1348 1354 
10 -1348 1355 
10 -1348 1356 
10 -1348 1357 
10 -1348 1358 
10 -1348 1359 
10 -1360 1361 
10 -1360 1362 
10 -1360 1363 
10 -1360 1364 
10 -1360 1365 
10 -1360 1366 
10 -1360 1367 
10 -1360 1368 
10 -1360 1369 
10 -1360 1370 
10 -1360 1371 
10 -1372 1373 
10 -1372 1374 
10 -1372 1375 
10 -1372 1376 
10 -1372 1377 
10 -1372 1378 
10 -1372 1379 
10 -1372 1380 
10 -1372 1381 
10 -1372 1382 
10 -1372 1383 
10 -1372 1384 
10 -1385 1386 
10 -1385 1387 
10 -1385 1388 
10 -1385 1389 
10 -1385 1390 
10 -1385 1391 
10 -1385 1392 
10 -1385 1393 
10 -1385 1394 
10 -1385 1395 
10 -1385 1396 
10 -1385 1397 
10 -1398 1399 
10 -1398 1400 
10 -1398 1401 
10 -1398 1402 
10 -1398 1403 
10 -1398 1404 
10 -1398 1405 
10 -1398 1406 
10 -1398 1407 
10 -1398 1408 
10 -1398 1409 
10 -1398 1410 
10 -1411 1412 
10 -1411 1413 
10 -1411 1414 
10 -1411 1415 
10 -1411 1416 
10 -1411 1417 
10 -1411 1418 
10 -1411 1419 
10 -1411 1420 
10 -1411 1421 
10 -1411 1422 
10 -1411 1423 
10 -1424 1425 
10 -1424 1426 
10 -1424 1427 
10 -1424 1428 
10 -1424 1429 
10 -1424 1430 
10 -1424 1431 
10 -1424 1432 
10 -1424 1433 
10 -1424 1434 
10 -1424 1435 
10 -1424 1436 
10 -1437 1438 
10 -1437 1439 
10 -1437 1440 
10 -1437 1441 
10 -1437 1442 
10 -1437 1443 
10 -1437 1444 
10 -1437 1445 
10 -1437 1446 
10 -1437 1447 
10 -1437 1448 
10 -1437 1449 
10 -1450 1451 
10 -1450 1452 
10 -1450 1453 
10 -1450 1454 
10 -1450 1455 
10 -1450 1456 
10 -1450 1457 
10 -1450 1458 
10 -1450 1459 
10 -1450 1460 
10 -1450 1461 
10 -1450 1462 
10 -1463 1464 
10 -1463 1465 
10 -1463 1466 
10 -1463 1467 
10 -1463 1468 
10 -1463 1469 
10 -1463 1470 
10 -1471 1472 
10 -1471 1473 
10 -1471 1474 
10 -1471 1475 
10 -1471 1476 
10 -1471 1477 
10 -1471 1478 
10 -1479 1480 
10 -1479 1481 
10 -1479 1482 
10 -1479 1483 
10 -1479 1484 
10 -1479 1485 
10 -1479 1486 
10 -1487 1488 
10 -1487 1489 
10 -1487 1490 
10 -1487 1491 
10 -1487 1492 
10 -1487 1493 
10 -1487 1494 
10 -1495 1496 
10 -1495 1497 
10 -1495 1498 
10 -1495 1499 
10 -1495 1500 
10 -1495 1501 
10 -1495 1502 
10 -1503 1504 
10 -1503 1505 
10 -1503 1506 
10 -1503 1507 
10 -1503 1508 
10 -1503 1509 
10 -1503 1510 
10 -1511 1512 
10 -1511 1513 
10 -1511 1514 
10 -1511 1515 
10 -1511 1516 
10 -1511 1517 
10 -1511 1518 
10 -1511 1519 
10 -1520 1521 
10 -1520 1522 
10 -1520 1523 
10 -1520 1524 
10 -1520 1525 
10 -1520 1526 
10 -1520 1527 
10 -1520 1528 
10 -1529 1530 
10 -1529 1531 
10 -1529 1532 
10 -1529 1533 
10 -1529 1534 
10 -1529 1535 
10 -1529 1536 
10 -1529 1537 
10 -1538 1539 
10 -1538 1540 
10 -1538 1541 
10 -1538 1542 
10 -1538 1543 
10 -1538 1544 
10 -1538 1545 
10 -1538 1546 
10 -1547 1548 
10 -1547 1549 
10 -1547 1550 
10 -1547 1551 
10 -1547 1552 
10 -1547 1553 
10 -1547 1554 
10 -1547 1555 
10 -1556 1557 
10 -1556 1558 
10 -1556 1559 
10 -1556 1560 
10 -1556 1561 
10 -1556 1562 
10 -1556 1563 
10 -1556 1564 
10 -1565 1566 
10 -1565 1567 
10 -1565 1568 
10 -1565 1569 
10 -1565 1570 
10 -1565 1571 
10 -1565 1572 
10 -1565 1573 
10 -1565 1574 
10 -1575 1576 
10 -1575 1577 
10 -1575 1578 
10 -1575 1579 
10 -1575 1580 
10 -1575 1581 
10 -1575 1582 
10 -1575 1583 
10 -1575 1584 
10 -1585 1586 
10 -1585 1587 
10 -1585 1588 
10 -1585 1589 
10 -1585 1590 
10 -1585 1591 
10 -1585 1592 
10 -1585 1593 
10 -1585 1594 
10 -1595 1596 
10 -1595 1597 
10 -1595 1598 
10 -1595 1599 
10 -1595 1600 
10 -1595 1601 
10 -1595 1602 
10 -1595 1603 
10 -1595 1604 
10 -1605 1606 
10 -1605 1607 
10 -1605 1608 
10 -1605 1609 
10 -1605 1610 
10 -1605 1611 
10 -1605 1612 
10 -1605 1613 
10 -1605 1614 
10 -1615 1616 
10 -1615 1617 
10 -1615 1618 
10 -1615 1619 
10 -1615 1620 
10 -1615 1621 
10 -1615 1622 
10 -1615 1623 
10 -1615 1624 
10 -1625 1626 
10 -1625 1627 
10 -1625 1628 
10 -1625 1629 
10 -1625 1630 
10 -1625 1631 
10 -1625 1632 
10 -1625 1633 
10 -1625 1634 
10 -1625 1635 
10 -1636 1637 
10 -1636 1638 
10 -1636 1639 
10 -1636 1640 
10 -1636 1641 
10 -1636 1642 
10 -1636 1643 
10 -1636 1644 
10 -1636 1645 
10 -1636 1646 
10 -1647 1648 
10 -1647 1649 
10 -1647 1650 
10 -1647 1651 
10 -1647 1652 
10 -1647 1653 
10 -1647 1654 
10 -1647 1655 
10 -1647 1656 
10 -1647 1657 
10 -1658 1659 
10 -1658 1660 
10 -1658 1661 
10 -1658 1662 
10 -1658 1663 
10 -1658 1664 
10 -1658 1665 
10 -1658 1666 
10 -1658 1667 
10 -1658 1668 
10 -1669 1670 
10 -1669 1671 
10 -1669 1672 
10 -1669 1673 
10 -1669 1674 
10 -1669 1675 
10 -1669 1676 
10 -1669 1677 
10 -1669 1678 
10 -1669 1679 
10 -1680 1681 
10 -1680 1682 
10 -1680 1683 
10 -1680 1684 
10 -1680 1685 
10 -1680 1686 
10 -1680 1687 
10 -1680 1688 
10 -1680 1689 
10 -1680 1690 
10 -1691 1692 
10 -1691 1693 
10 -1691 1694 
10 -1691 1695 
10 -1691 1696 
10 -1691 1697 
10 -1691 1698 
10 -1691 1699 
10 -1691 1700 
10 -1691 1701 
10 -1691 1702 
10 -1703 1704 
10 -1703 1705 
10 -1703 1706 
10 -1703 1707 
10 -1703 1708 
10 -1703 1709 
10 -1703 1710 
10 -1703 1711 
10 -1703 1712 
10 -1703 1713 
10 -1703 1714 
10 -1715 1716 
10 -1715 1717 
10 -1715 1718 
10 -1715 1719 
10 -1715 1720 
10 -1715 1721 
10 -1715 1722 
10 -1715 1723 
10 -1715 1724 
10 -1715 1725 
10 -1715 1726 
10 -1727 1728 
10 -1727 1729 
10 -1727 1730 
10 -1727 1731 
10 -1727 1732 
10 -1727 1733 
10 -1727 1734 
10 -1727 1735 
10 -1727 1736 
10 -1727 1737 
10 -1727 1738 
10 -1739 1740 
10 -1739 1741 
10 -1739 1742 
10 -1739 1743 
10 -1739 1744 
10 -1739 1745 
10 -1739 1746 
10 -1739 1747 
10 -1739 1748 
10 -1739 1749 
10 -1739 1750 
10 -1751 1752 
10 -1751 1753 
10 -1751 1754 
10 -1751 1755 
10 -1751 1756 
10 -1751 1757 
10 -1751 1758 
10 -1751 1759 
10 -1751 1760 
10 -1751 1761 
10 -1751 1762 
10 -1763 1764 
10 -1763 1765 
10 -1763 1766 
10 -1763 1767 
10 -1763 1768 
10 -1763 1769 
10 -1763 1770 
10 -1771 1772 
10 -1771 1773 
10 -1771 1774 
10 -1771 1775 
10 -1771 1776 
10 -1771 1777 
10 -1771 1778 
10 -1779 1780 
10 -1779 1781 
10 -1779 1782 
10 -1779 1783 
10 -1779 1784 
10 -1779 1785 
10 -1779 1786 
10 -1787 1788 
10 -1787 1789 
10 -1787 1790 
10 -1787 1791 
10 -1787 1792 
10 -1787 1793 
10 -1787 1794 
10 -1795 1796 
10 -1795 1797 
10 -1795 1798 
10 -1795 1799 
10 -1795 1800 
10 -1795 1801 
10 -1795 1802 
10 -1803 1804 
10 -1803 1805 
10 -1803 1806 
10 -1803 1807 
10 -1803 1808 
10 -1803 1809 
10 -1803 1810 
10 -1803 1811 
10 -1812 1813 
10 -1812 1814 
10 -1812 1815 
10 -1812 1816 
10 -1812 1817 
10 -1812 1818 
10 -1812 1819 
10 -1812 1820 
10 -1821 1822 
10 -1821 1823 
10 -1821 1824 
10 -1821 1825 
10 -1821 1826 
10 -1821 1827 
10 -1821 1828 
10 -1821 1829 
10 -1830 1831 
10 -1830 1832 
10 -1830 1833 
10 -1830 1834 
10 -1830 1835 
10 -1830 1836 
10 -1830 1837 
10 -1830 1838 
10 -1839 1840 
10 -1839 1841 
10 -1839 1842 
10 -1839 1843 
10 -1839 1844 
10 -1839 1845 
10 -1839 1846 
10 -1839 1847 
10 -1848 1849 
10 -1848 1850 
10 -1848 1851 
10 -1848 1852 
10 -1848 1853 
10 -1848 1854 
10 -1848 1855 
10 -1848 1856 
10 -1848 1857 
10 -1858 1859 
10 -1858 1860 
10 -1858 1861 
10 -1858 1862 
10 -1858 1863 
10 -1858 1864 
10 -1858 1865 
10 -1858 1866 
10 -1858 1867 
10 -1868 1869 
10 -1868 1870 
10 -1868 1871 
10 -1868 1872 
10 -1868 1873 
10 -1868 1874 
10 -1868 1875 
10 -1868 1876 
10 -1868 1877 
10 -1878 1879 
10 -1878 1880 
10 -1878 1881 
10 -1878 1882 
10 -1878 1883 
10 -1878 1884 
10 -1878 1885 
10 -1878 1886 
10 -1878 1887 
10 -1888 1889 
10 -1888 1890 
10 -1888 1891 
10 -1888 1892 
10 -1888 1893 
10 -1888 1894 
10 -1888 1895 
10 -1888 1896 
10 -1888 1897 
10 -1898 1899 
10 -1898 1900 
10 -1898 1901 
10 -1898 1902 
10 -1898 1903 
10 -1898 1904 
10 -1898 1905 
10 -1898 1906 
10 -1898 1907 
10 -1898 1908 
10 -1909 1910 
10 -1909 1911 
10 -1909 1912 
10 -1909 1913 
10 -1909 1914 
10 -1909 1915 
10 -1909 1916 
10 -1909 1917 
10 -1909 1918 
10 -1909 1919 
10 -1920 1921 
10 -1920 1922 
10 -1920 1923 
10 -1920 1924 
10 -1920 1925 
10 -1920 1926 
10 -1920 1927 
10 -1920 1928 
10 -1920 1929 
10 -1920 1930 
10 -1931 1932 
10 -1931 1933 
10 -1931 1934 
10 -1931 1935 
10 -1931 1936 
10 -1931 1937 
10 -1931 1938 
10 -1931 1939 
10 -1931 1940 
10 -1931 1941 
10 -1942 1943 
10 -1942 1944 
10 -1942 1945 
10 -1942 1946 
10 -1942 1947 
10 -1942 1948 
10 -1942 1949 
10 -1942 1950 
10 -1942 1951 
10 -1942 1952 
10 -1953 1954 
10 -1953 1955 
10 -1953 1956 
10 -1953 1957 
10 -1953 1958 
10 -1953 1959 
10 -1953 1960 
10 -1961 1962 
10 -1961 1963 
10 -1961 1964 
10 -1961 1965 
10 -1961 1966 
10 -1961 1967 
10 -1961 1968 
10 -1969 1970 
10 -1969 1971 
10 -1969 1972 
10 -1969 1973 
10 -1969 1974 
10 -1969 1975 
10 -1969 1976 
10 -1977 1978 
10 -1977 1979 
10 -1977 1980 
10 -1977 1981 
10 -1977 1982 
10 -1977 1983 
10 -1977 1984 
10 -1985 1986 
10 -1985 1987 
10 -1985 1988 
10 -1985 1989 
10 -1985 1990 
10 -1985 1991 
10 -1985 1992 
10 -1985 1993 
10 -1994 1995 
10 -1994 1996 
10 -1994 1997 
10 -1994 1998 
10 -1994 1999 
10 -1994 2000 
10 -1994 2001 
10 -1994 2002 
10 -2003 2004 
10 -2003 2005 
10 -2003 2006 
10 -2003 2007 
10 -2003 2008 
10 -2003 2009 
10 -2003 2010 
10 -2003 2011 
10 -2012 2013 
10 -2012 2014 
10 -2012 2015 
10 -2012 2016 
10 -2012 2017 
10 -2012 2018 
10 -2012 2019 
10 -2012 2020 
10 -2021 2022 
10 -2021 2023 
10 -2021 2024 
10 -2021 2025 
10 -2021 2026 
10 -2021 2027 
10 -2021 2028 
10 -2021 2029 
10 -2021 2030 
10 -2031 2032 
10 -2031 2033 
10 -2031 2034 
10 -2031 2035 
10 -2031 2036 
10 -2031 2037 
10 -2031 2038 
10 -2031 2039 
10 -2031 2040 
10 -2041 2042 
10 -2041 2043 
10 -2041 2044 
10 -2041 2045 
10 -2041 2046 
10 -2041 2047 
10 -2041 2048 
10 -2041 2049 
10 -2041 2050 
10 -2051 2052 
10 -2051 2053 
10 -2051 2054 
10 -2051 2055 
10 -2051 2056 
10 -2051 2057 
10 -2051 2058 
10 -2051 2059 
10 -2051 2060 
10 -2061 2062 
10 -2061 2063 
10 -2061 2064 
10 -2061 2065 
10 -2061 2066 
10 -2061 2067 
10 -2061 2068 
10 -2069 2070 
10 -2069 2071 
10 -2069 2072 
10 -2069 2073 
10 -2069 2074 
10 -2069 2075 
10 -2069 2076 
10 -2077 2078 
10 -2077 2079 
10 -2077 2080 
10 -2077 2081 
10 -2077 2082 
10 -2077 2083 
10 -2077 2084 
10 -2085 2086 
10 -2085 2087 
10 -2085 2088 
10 -2085 2089 
10 -2085 2090 
10 -2085 2091 
10 -2085 2092 
10 -2085 2093 
10 -2094 2095 
10 -2094 2096 
10 -2094 2097 
10 -2094 2098 
10 -2094 2099 
10 -2094 2100 
10 -2094 2101 
10 -2094 2102 
10 -2103 2104 
10 -2103 2105 
10 -2103 2106 
10 -2103 2107 
10 -2103 2108 
10 -2103 2109 
10 -2103 2110 
10 -2103 2111 
10 -2112 2113 
10 -2112 2114 
10 -2112 2115 
10 -2112 2116 
10 -2112 2117 
10 -2112 2118 
10 -2112 2119 
10 -2120 2121 
10 -2120 2122 
10 -2120 2123 
10 -2120 2124 
10 -2120 2125 
10 -2120 2126 
10 -2120 2127 
10 -2128 2129 
10 -2130 2131 
10 -2132 2133 
10 -2134 2135 
10 -2136 2137 
10 -2138 2139 
10 -2140 2141 
10 -2142 2143 
10 -2144 2145 
10 -2146 2147 
10 -2146 2148 
10 -2149 2150 
10 -2149 2151 
10 -2152 2153 
10 -2152 2154 
10 -2155 2156 
10 -2155 2157 
10 -2158 2159 
10 -2158 2160 
10 -2161 2162 
10 -2161 2163 
10 -2164 2165 
10 -2164 2166 
10 -2167 2168 
10 -2167 2169 
10 -2170 2171 
10 -2170 2172 
10 -2173 2174 
10 -2173 2175 
10 -2173 2176 
10 -2177 2178 
10 -2177 2179 
10 -2177 2180 
10 -2181 2182 
10 -2181 2183 
10 -2181 2184 
10 -2185 2186 
10 -2185 2187 
10 -2185 2188 
10 -2189 2190 
10 -2189 2191 
10 -2189 2192 
10 -2193 2194 
10 -2193 2195 
10 -2193 2196 
10 -2197 2198 
10 -2197 2199 
10 -2197 2200 
10 -2201 2202 
10 -2201 2203 
10 -2201 2204 
10 -2205 2206 
10 -2205 2207 
10 -2205 2208 
10 -2209 2210 
10 -2209 2211 
10 -2209 2212 
10 -2209 2213 
10 -2214 2215 
10 -2214 2216 
10 -2214 2217 
10 -2214 2218 
10 -2219 2220 
10 -2219 2221 
10 -2219 2222 
10 -2219 2223 
10 -2224 2225 
10 -2224 2226 
10 -2224 2227 
10 -2224 2228 
10 -2229 2230 
10 -2229 2231 
10 -2229 2232 
10 -2229 2233 
10 -2234 2235 
10 -2234 2236 
10 -2234 2237 
10 -2234 2238 
10 -2239 2240 
10 -2239 2241 
10 -2239 2242 
10 -2239 2243 
10 -2244 2245 
10 -2244 2246 
10 -2244 2247 
10 -2244 2248 
10 -2249 2250 
10 -2249 2251 
10 -2249 2252 
10 -2249 2253 
10 -2254 2255 
10 -2254 2256 
10 -2254 2257 
10 -2254 2258 
10 -2254 2259 
10 -2254 2260 
10 -2254 2261 
10 -2262 2263 
10 -2262 2264 
10 -2262 2265 
10 -2262 2266 
10 -2262 2267 
10 -2262 2268 
10 -2262 2269 
10 -2270 2271 
10 -2270 2272 
10 -2270 2273 
10 -2270 2274 
10 -2270 2275 
10 -2270 2276 
10 -2270 2277 
10 -2278 2279 
10 -2278 2280 
10 -2278 2281 
10 -2278 2282 
10 -2278 2283 
10 -2278 2284 
10 -2278 2285 
10 -2286 2287 
10 -2286 2288 
10 -2286 2289 
10 -2286 2290 
10 -2286 2291 
10 -2286 2292 
10 -2286 2293 
10 -2294 2295 
10 -2294 2296 
10 -2294 2297 
10 -2294 2298 
10 -2294 2299 
10 -2294 2300 
10 -2294 2301 
10 -2302 2303 
10 -2302 2304 
10 -2302 2305 
10 -2302 2306 
10 -2302 2307 
10 -2302 2308 
10 -2302 2309 
10 -2310 2311 
10 -2310 2312 
10 -2310 2313 
10 -2310 2314 
10 -2310 2315 
10 -2310 2316 
10 -2310 2317 
10 -2318 2319 
10 -2318 2320 
10 -2318 2321 
10 -2318 2322 
10 -2318 2323 
10 -2318 2324 
10 -2318 2325 
10 -2318 2326 
10 -2327 2328 
10 -2327 2329 
10 -2327 2330 
10 -2327 2331 
10 -2327 2332 
10 -2327 2333 
10 -2327 2334 
10 -2327 2335 
10 -2336 2337 
10 -2336 2338 
10 -2336 2339 
10 -2336 2340 
10 -2336 2341 
10 -2336 2342 
10 -2336 2343 
10 -2336 2344 
10 -2345 2346 
10 -2345 2347 
10 -2345 2348 
10 -2345 2349 
10 -2345 2350 
10 -2345 2351 
10 -2345 2352 
10 -2345 2353 
10 -2354 2355 
10 -2354 2356 
10 -2354 2357 
10 -2354 2358 
10 -2354 2359 
10 -2354 2360 
10 -2354 2361 
10 -2354 2362 
10 -2363 2364 
10 -2363 2365 
10 -2363 2366 
10 -2363 2367 
10 -2363 2368 
10 -2363 2369 
10 -2363 2370 
10 -2363 2371 
10 -2372 2373 
10 -2372 2374 
10 -2372 2375 
10 -2372 2376 
10 -2372 2377 
10 -2372 2378 
10 -2372 2379 
10 -2372 2380 
10 -2381 2382 
10 -2381 2383 
10 -2381 2384 
10 -2381 2385 
10 -2381 2386 
10 -2381 2387 
10 -2381 2388 
10 -2381 2389 
10 -2390 2391 
10 -2390 2392 
10 -2390 2393 
10 -2390 2394 
10 -2390 2395 
10 -2390 2396 
10 -2390 2397 
10 -2390 2398 
10 -2390 2399 
10 -2400 2401 
10 -2400 2402 
10 -2400 2403 
10 -2400 2404 
10 -2400 2405 
10 -2400 2406 
10 -2400 2407 
10 -2400 2408 
10 -2400 2409 
10 -2410 2411 
10 -2410 2412 
10 -2410 2413 
10 -2410 2414 
10 -2410 2415 
10 -2410 2416 
10 -2410 2417 
10 -2410 2418 
10 -2410 2419 
10 -2420 2421 
10 -2420 2422 
10 -2420 2423 
10 -2420 2424 
10 -2420 2425 
10 -2420 2426 
10 -2420 2427 
10 -2420 2428 
10 -2420 2429 
10 -2430 2431 
10 -2430 2432 
10 -2430 2433 
10 -2430 2434 
10 -2430 2435 
10 -2430 2436 
10 -2430 2437 
10 -2430 2438 
10 -2430 2439 
10 -2440 2441 
10 -2440 2442 
10 -2440 2443 
10 -2440 2444 
10 -2440 2445 
10 -2440 2446 
10 -2440 2447 
10 -2440 2448 
10 -2440 2449 
10 -2450 2451 
10 -2450 2452 
10 -2450 2453 
10 -2450 2454 
10 -2450 2455 
10 -2450 2456 
10 -2450 2457 
10 -2450 2458 
10 -2450 2459 
10 -2460 2461 
10 -2460 2462 
10 -2460 2463 
10 -2460 2464 
10 -2460 2465 
10 -2460 2466 
10 -2460 2467 
10 -2460 2468 
10 -2460 2469 
10 -2470 2471 
10 -2470 2472 
10 -2470 2473 
10 -2470 2474 
10 -2470 2475 
10 -2470 2476 
10 -2470 2477 
10 -2478 2479 
10 -2478 2480 
10 -2478 2481 
10 -2478 2482 
10 -2478 2483 
10 -2478 2484 
10 -2478 2485 
10 -2486 2487 
10 -2486 2488 
10 -2486 2489 
10 -2486 2490 
10 -2486 2491 
10 -2486 2492 
10 -2486 2493 
10 -2494 2495 
10 -2494 2496 
10 -2494 2497 
10 -2494 2498 
10 -2494 2499 
10 -2494 2500 
10 -2494 2501 
10 -2502 2503 
10 -2502 2504 
10 -2502 2505 
10 -2502 2506 
10 -2502 2507 
10 -2502 2508 
10 -2502 2509 
10 -2510 2511 
10 -2510 2512 
10 -2510 2513 
10 -2510 2514 
10 -2510 2515 
10 -2510 2516 
10 -2510 2517 
10 -2518 2519 
10 -2518 2520 
10 -2518 2521 
10 -2518 2522 
10 -2518 2523 
10 -2518 2524 
10 -2518 2525 
10 -2526 2527 
10 -2526 2528 
10 -2526 2529 
10 -2526 2530 
10 -2526 2531 
10 -2526 2532 
10 -2526 2533 
10 -2526 2534 
10 -2535 2536 
10 -2535 2537 
10 -2535 2538 
10 -2535 2539 
10 -2535 2540 
10 -2535 2541 
10 -2535 2542 
10 -2535 2543 
10 -2544 2545 
10 -2544 2546 
10 -2544 2547 
10 -2544 2548 
10 -2544 2549 
10 -2544 2550 
10 -2544 2551 
10 -2544 2552 
10 -2553 2554 
10 -2553 2555 
10 -2553 2556 
10 -2553 2557 
10 -2553 2558 
10 -2553 2559 
10 -2553 2560 
10 -2553 2561 
10 -2562 2563 
10 -2562 2564 
10 -2562 2565 
10 -2562 2566 
10 -2562 2567 
10 -2562 2568 
10 -2562 2569 
10 -2562 2570 
10 -2571 2572 
10 -2571 2573 
10 -2571 2574 
10 -2571 2575 
10 -2571 2576 
10 -2571 2577 
10 -2571 2578 
10 -2571 2579 
10 -2580 2581 
10 -2580 2582 
10 -2580 2583 
10 -2580 2584 
10 -2580 2585 
10 -2580 2586 
10 -2580 2587 
10 -2580 2588 
10 -2589 2590 
10 -2589 2591 
10 -2589 2592 
10 -2589 2593 
10 -2589 2594 
10 -2589 2595 
10 -2589 2596 
10 -2597 2598 
10 -2597 2599 
10 -2597 2600 
10 -2597 2601 
10 -2597 2602 
10 -2597 2603 
10 -2597 2604 
10 -2605 2606 
10 -2605 2607 
10 -2605 2608 
10 -2605 2609 
10 -2605 2610 
10 -2605 2611 
10 -2605 2612 
10 -2613 2614 
10 -2613 2615 
10 -2613 2616 
10 -2613 2617 
10 -2613 2618 
10 -2613 2619 
10 -2613 2620 
10 -2621 2622 
10 -2621 2623 
10 -2621 2624 
10 -2621 2625 
10 -2621 2626 
10 -2621 2627 
10 -2621 2628 
10 -2629 2630 
10 -2629 2631 
10 -2629 2632 
10 -2629 2633 
10 -2629 2634 
10 -2629 2635 
10 -2629 2636 
