p wcnf 2658 2655 5
5 -19 1 
5 -21 1 
5 -23 1 
5 -25 1 
5 -27 1 
5 -29 1 
5 -31 1 
5 -33 1 
5 -35 1 
5 -37 1 
5 -40 1 
5 -43 1 
5 -46 1 
5 -49 1 
5 -52 1 
5 -55 1 
5 -58 1 
5 -61 1 
5 -64 1 
5 -68 1 
5 -72 1 
5 -76 1 
5 -80 1 
5 -84 1 
5 -88 1 
5 -92 1 
5 -96 1 
5 -100 1 
5 -105 1 
5 -110 1 
5 -115 1 
5 -120 1 
5 -125 1 
5 -130 1 
5 -135 1 
5 -140 1 
5 -145 1 
5 -151 1 
5 -157 1 
5 -163 1 
5 -169 1 
5 -175 1 
5 -181 1 
5 -187 1 
5 -193 1 
5 -199 1 
5 -206 1 
5 -213 1 
5 -220 1 
5 -227 1 
5 -234 1 
5 -241 1 
5 -248 1 
5 -255 1 
5 -262 1 
5 -270 1 
5 -278 1 
5 -286 1 
5 -294 1 
5 -302 1 
5 -310 1 
5 -318 1 
5 -326 1 
5 -334 1 
5 -343 1 
5 -352 1 
5 -361 1 
5 -370 1 
5 -379 1 
5 -388 1 
5 -397 1 
5 -406 1 
5 -415 19 
5 -423 19 
5 -431 19 
5 -439 19 
5 -447 19 
5 -455 19 
5 -463 19 
5 -471 19 
5 -479 19 
5 -488 19 
5 -497 19 
5 -506 19 
5 -515 19 
5 -524 19 
5 -533 19 
5 -542 19 
5 -551 19 
5 -561 19 
5 -571 19 
5 -581 19 
5 -591 19 
5 -601 19 
5 -611 19 
5 -621 19 
5 -631 19 
5 -642 19 
5 -653 19 
5 -664 19 
5 -675 19 
5 -686 19 
5 -697 19 
5 -708 19 
5 -719 19 
5 -731 19 
5 -743 19 
5 -755 19 
5 -767 19 
5 -779 19 
5 -791 19 
5 -803 19 
5 -815 19 
5 -828 19 
5 -841 19 
5 -854 19 
5 -867 19 
5 -880 19 
5 -893 19 
5 -906 19 
5 -919 19 
5 -933 19 
5 -947 19 
5 -961 19 
5 -975 19 
5 -989 19 
5 -1003 19 
5 -1017 19 
5 -1031 37 415 423 431 439 447 455 463 471 
5 -1039 37 415 423 431 439 447 455 463 471 
5 -1047 37 415 423 431 439 447 455 463 471 
5 -1055 37 415 423 431 439 447 455 463 471 
5 -1063 37 415 423 431 439 447 455 463 471 
5 -1071 37 415 423 431 439 447 455 463 471 
5 -1079 37 415 423 431 439 447 455 463 471 
5 -1087 37 415 423 431 439 447 455 463 471 
5 -1096 37 415 423 431 439 447 455 463 471 
5 -1105 37 415 423 431 439 447 455 463 471 
5 -1114 37 415 423 431 439 447 455 463 471 
5 -1123 37 415 423 431 439 447 455 463 471 
5 -1132 37 415 423 431 439 447 455 463 471 
5 -1141 37 415 423 431 439 447 455 463 471 
5 -1150 37 415 423 431 439 447 455 463 471 
5 -1160 37 415 423 431 439 447 455 463 471 
5 -1170 37 415 423 431 439 447 455 463 471 
5 -1180 37 415 423 431 439 447 455 463 471 
5 -1190 37 415 423 431 439 447 455 463 471 
5 -1200 37 415 423 431 439 447 455 463 471 
5 -1210 37 415 423 431 439 447 455 463 471 
5 -1220 37 415 423 431 439 447 455 463 471 
5 -1231 37 415 423 431 439 447 455 463 471 
5 -1242 37 415 423 431 439 447 455 463 471 
5 -1253 37 415 423 431 439 447 455 463 471 
5 -1264 37 415 423 431 439 447 455 463 471 
5 -1275 37 415 423 431 439 447 455 463 471 
5 -1286 37 415 423 431 439 447 455 463 471 
5 -1297 37 415 423 431 439 447 455 463 471 
5 -1309 37 415 423 431 439 447 455 463 471 
5 -1321 37 415 423 431 439 447 455 463 471 
5 -1333 37 415 423 431 439 447 455 463 471 
5 -1345 37 415 423 431 439 447 455 463 471 
5 -1357 37 415 423 431 439 447 455 463 471 
5 -1369 37 415 423 431 439 447 455 463 471 
5 -1381 37 415 423 431 439 447 455 463 471 
5 -1394 37 415 423 431 439 447 455 463 471 
5 -1407 37 415 423 431 439 447 455 463 471 
5 -1420 37 415 423 431 439 447 455 463 471 
5 -1433 37 415 423 431 439 447 455 463 471 
5 -1446 37 415 423 431 439 447 455 463 471 
5 -1459 37 415 423 431 439 447 455 463 471 
5 -1472 64 479 488 497 506 515 524 533 542 1031 1039 1047 1055 1063 1071 1079 
5 -1480 64 479 488 497 506 515 524 533 542 1031 1039 1047 1055 1063 1071 1079 
5 -1488 64 479 488 497 506 515 524 533 542 1031 1039 1047 1055 1063 1071 1079 
5 -1496 64 479 488 497 506 515 524 533 542 1031 1039 1047 1055 1063 1071 1079 
5 -1504 64 479 488 497 506 515 524 533 542 1031 1039 1047 1055 1063 1071 1079 
5 -1512 64 479 488 497 506 515 524 533 542 1031 1039 1047 1055 1063 1071 1079 
5 -1520 64 479 488 497 506 515 524 533 542 1031 1039 1047 1055 1063 1071 1079 
5 -1529 64 479 488 497 506 515 524 533 542 1031 1039 1047 1055 1063 1071 1079 
5 -1538 64 479 488 497 506 515 524 533 542 1031 1039 1047 1055 1063 1071 1079 
5 -1547 64 479 488 497 506 515 524 533 542 1031 1039 1047 1055 1063 1071 1079 
5 -1556 64 479 488 497 506 515 524 533 542 1031 1039 1047 1055 1063 1071 1079 
5 -1565 64 479 488 497 506 515 524 533 542 1031 1039 1047 1055 1063 1071 1079 
5 -1574 64 479 488 497 506 515 524 533 542 1031 1039 1047 1055 1063 1071 1079 
5 -1584 64 479 488 497 506 515 524 533 542 1031 1039 1047 1055 1063 1071 1079 
5 -1594 64 479 488 497 506 515 524 533 542 1031 1039 1047 1055 1063 1071 1079 
5 -1604 64 479 488 497 506 515 524 533 542 1031 1039 1047 1055 1063 1071 1079 
5 -1614 64 479 488 497 506 515 524 533 542 1031 1039 1047 1055 1063 1071 1079 
5 -1624 64 479 488 497 506 515 524 533 542 1031 1039 1047 1055 1063 1071 1079 
5 -1634 64 479 488 497 506 515 524 533 542 1031 1039 1047 1055 1063 1071 1079 
5 -1645 64 479 488 497 506 515 524 533 542 1031 1039 1047 1055 1063 1071 1079 
5 -1656 64 479 488 497 506 515 524 533 542 1031 1039 1047 1055 1063 1071 1079 
5 -1667 64 479 488 497 506 515 524 533 542 1031 1039 1047 1055 1063 1071 1079 
5 -1678 64 479 488 497 506 515 524 533 542 1031 1039 1047 1055 1063 1071 1079 
5 -1689 64 479 488 497 506 515 524 533 542 1031 1039 1047 1055 1063 1071 1079 
5 -1700 64 479 488 497 506 515 524 533 542 1031 1039 1047 1055 1063 1071 1079 
5 -1712 64 479 488 497 506 515 524 533 542 1031 1039 1047 1055 1063 1071 1079 
5 -1724 64 479 488 497 506 515 524 533 542 1031 1039 1047 1055 1063 1071 1079 
5 -1736 64 479 488 497 506 515 524 533 542 1031 1039 1047 1055 1063 1071 1079 
5 -1748 64 479 488 497 506 515 524 533 542 1031 1039 1047 1055 1063 1071 1079 
5 -1760 64 479 488 497 506 515 524 533 542 1031 1039 1047 1055 1063 1071 1079 
5 -1772 100 551 561 571 581 591 601 611 621 1087 1096 1105 1114 1123 1132 1141 1472 1480 1488 1496 1504 1512 
5 -1780 100 551 561 571 581 591 601 611 621 1087 1096 1105 1114 1123 1132 1141 1472 1480 1488 1496 1504 1512 
5 -1788 100 551 561 571 581 591 601 611 621 1087 1096 1105 1114 1123 1132 1141 1472 1480 1488 1496 1504 1512 
5 -1796 100 551 561 571 581 591 601 611 621 1087 1096 1105 1114 1123 1132 1141 1472 1480 1488 1496 1504 1512 
5 -1804 100 551 561 571 581 591 601 611 621 1087 1096 1105 1114 1123 1132 1141 1472 1480 1488 1496 1504 1512 
5 -1812 100 551 561 571 581 591 601 611 621 1087 1096 1105 1114 1123 1132 1141 1472 1480 1488 1496 1504 1512 
5 -1821 100 551 561 571 581 591 601 611 621 1087 1096 1105 1114 1123 1132 1141 1472 1480 1488 1496 1504 1512 
5 -1830 100 551 561 571 581 591 601 611 621 1087 1096 1105 1114 1123 1132 1141 1472 1480 1488 1496 1504 1512 
5 -1839 100 551 561 571 581 591 601 611 621 1087 1096 1105 1114 1123 1132 1141 1472 1480 1488 1496 1504 1512 
5 -1848 100 551 561 571 581 591 601 611 621 1087 1096 1105 1114 1123 1132 1141 1472 1480 1488 1496 1504 1512 
5 -1857 100 551 561 571 581 591 601 611 621 1087 1096 1105 1114 1123 1132 1141 1472 1480 1488 1496 1504 1512 
5 -1867 100 551 561 571 581 591 601 611 621 1087 1096 1105 1114 1123 1132 1141 1472 1480 1488 1496 1504 1512 
5 -1877 100 551 561 571 581 591 601 611 621 1087 1096 1105 1114 1123 1132 1141 1472 1480 1488 1496 1504 1512 
5 -1887 100 551 561 571 581 591 601 611 621 1087 1096 1105 1114 1123 1132 1141 1472 1480 1488 1496 1504 1512 
5 -1897 100 551 561 571 581 591 601 611 621 1087 1096 1105 1114 1123 1132 1141 1472 1480 1488 1496 1504 1512 
5 -1907 100 551 561 571 581 591 601 611 621 1087 1096 1105 1114 1123 1132 1141 1472 1480 1488 1496 1504 1512 
5 -1918 100 551 561 571 581 591 601 611 621 1087 1096 1105 1114 1123 1132 1141 1472 1480 1488 1496 1504 1512 
5 -1929 100 551 561 571 581 591 601 611 621 1087 1096 1105 1114 1123 1132 1141 1472 1480 1488 1496 1504 1512 
5 -1940 100 551 561 571 581 591 601 611 621 1087 1096 1105 1114 1123 1132 1141 1472 1480 1488 1496 1504 1512 
5 -1951 100 551 561 571 581 591 601 611 621 1087 1096 1105 1114 1123 1132 1141 1472 1480 1488 1496 1504 1512 
5 -1962 145 631 642 653 664 675 686 697 708 1150 1160 1170 1180 1190 1200 1210 1520 1529 1538 1547 1556 1565 1772 1780 1788 1796 1804 
5 -1970 145 631 642 653 664 675 686 697 708 1150 1160 1170 1180 1190 1200 1210 1520 1529 1538 1547 1556 1565 1772 1780 1788 1796 1804 
5 -1978 145 631 642 653 664 675 686 697 708 1150 1160 1170 1180 1190 1200 1210 1520 1529 1538 1547 1556 1565 1772 1780 1788 1796 1804 
5 -1986 145 631 642 653 664 675 686 697 708 1150 1160 1170 1180 1190 1200 1210 1520 1529 1538 1547 1556 1565 1772 1780 1788 1796 1804 
5 -1994 145 631 642 653 664 675 686 697 708 1150 1160 1170 1180 1190 1200 1210 1520 1529 1538 1547 1556 1565 1772 1780 1788 1796 1804 
5 -2003 145 631 642 653 664 675 686 697 708 1150 1160 1170 1180 1190 1200 1210 1520 1529 1538 1547 1556 1565 1772 1780 1788 1796 1804 
5 -2012 145 631 642 653 664 675 686 697 708 1150 1160 1170 1180 1190 1200 1210 1520 1529 1538 1547 1556 1565 1772 1780 1788 1796 1804 
5 -2021 145 631 642 653 664 675 686 697 708 1150 1160 1170 1180 1190 1200 1210 1520 1529 1538 1547 1556 1565 1772 1780 1788 1796 1804 
5 -2030 145 631 642 653 664 675 686 697 708 1150 1160 1170 1180 1190 1200 1210 1520 1529 1538 1547 1556 1565 1772 1780 1788 1796 1804 
5 -2040 145 631 642 653 664 675 686 697 708 1150 1160 1170 1180 1190 1200 1210 1520 1529 1538 1547 1556 1565 1772 1780 1788 1796 1804 
5 -2050 145 631 642 653 664 675 686 697 708 1150 1160 1170 1180 1190 1200 1210 1520 1529 1538 1547 1556 1565 1772 1780 1788 1796 1804 
5 -2060 145 631 642 653 664 675 686 697 708 1150 1160 1170 1180 1190 1200 1210 1520 1529 1538 1547 1556 1565 1772 1780 1788 1796 1804 
5 -2070 199 719 731 743 755 767 779 791 803 1220 1231 1242 1253 1264 1275 1286 1574 1584 1594 1604 1614 1624 1812 1821 1830 1839 1848 1962 1970 1978 1986 
5 -2078 199 719 731 743 755 767 779 791 803 1220 1231 1242 1253 1264 1275 1286 1574 1584 1594 1604 1614 1624 1812 1821 1830 1839 1848 1962 1970 1978 1986 
5 -2086 199 719 731 743 755 767 779 791 803 1220 1231 1242 1253 1264 1275 1286 1574 1584 1594 1604 1614 1624 1812 1821 1830 1839 1848 1962 1970 1978 1986 
5 -2094 199 719 731 743 755 767 779 791 803 1220 1231 1242 1253 1264 1275 1286 1574 1584 1594 1604 1614 1624 1812 1821 1830 1839 1848 1962 1970 1978 1986 
5 -2103 199 719 731 743 755 767 779 791 803 1220 1231 1242 1253 1264 1275 1286 1574 1584 1594 1604 1614 1624 1812 1821 1830 1839 1848 1962 1970 1978 1986 
5 -2112 199 719 731 743 755 767 779 791 803 1220 1231 1242 1253 1264 1275 1286 1574 1584 1594 1604 1614 1624 1812 1821 1830 1839 1848 1962 1970 1978 1986 
5 -2121 262 815 828 841 854 867 880 893 906 1297 1309 1321 1333 1345 1357 1369 1634 1645 1656 1667 1678 1689 1857 1867 1877 1887 1897 1994 2003 2012 2021 
5 -2129 262 815 828 841 854 867 880 893 906 1297 1309 1321 1333 1345 1357 1369 1634 1645 1656 1667 1678 1689 1857 1867 1877 1887 1897 1994 2003 2012 2021 
5 -2137 1 
5 -2139 1 
5 -2141 1 
5 -2143 1 
5 -2145 1 
5 -2147 1 
5 -2149 1 
5 -2151 1 
5 -2153 1 
5 -2155 1 
5 -2158 1 
5 -2161 1 
5 -2164 1 
5 -2167 1 
5 -2170 1 
5 -2173 1 
5 -2176 1 
5 -2179 1 
5 -2182 1 
5 -2186 1 
5 -2190 1 
5 -2194 1 
5 -2198 1 
5 -2202 1 
5 -2206 1 
5 -2210 1 
5 -2214 1 
5 -2218 1 
5 -2223 1 
5 -2228 1 
5 -2233 1 
5 -2238 1 
5 -2243 1 
5 -2248 1 
5 -2253 1 
5 -2258 1 
5 -2263 2137 
5 -2271 2137 
5 -2279 2137 
5 -2287 2137 
5 -2295 2137 
5 -2303 2137 
5 -2311 2137 
5 -2319 2137 
5 -2327 2137 
5 -2336 2137 
5 -2345 2137 
5 -2354 2137 
5 -2363 2137 
5 -2372 2137 
5 -2381 2137 
5 -2390 2137 
5 -2399 2137 
5 -2409 2137 
5 -2419 2137 
5 -2429 2137 
5 -2439 2137 
5 -2449 2137 
5 -2459 2137 
5 -2469 2137 
5 -2479 2155 2263 2271 2279 2287 2295 2303 2311 2319 
5 -2487 2155 2263 2271 2279 2287 2295 2303 2311 2319 
5 -2495 2155 2263 2271 2279 2287 2295 2303 2311 2319 
5 -2503 2155 2263 2271 2279 2287 2295 2303 2311 2319 
5 -2511 2155 2263 2271 2279 2287 2295 2303 2311 2319 
5 -2519 2155 2263 2271 2279 2287 2295 2303 2311 2319 
5 -2527 2155 2263 2271 2279 2287 2295 2303 2311 2319 
5 -2535 2155 2263 2271 2279 2287 2295 2303 2311 2319 
5 -2544 2155 2263 2271 2279 2287 2295 2303 2311 2319 
5 -2553 2155 2263 2271 2279 2287 2295 2303 2311 2319 
5 -2562 2155 2263 2271 2279 2287 2295 2303 2311 2319 
5 -2571 2155 2263 2271 2279 2287 2295 2303 2311 2319 
5 -2580 2155 2263 2271 2279 2287 2295 2303 2311 2319 
5 -2589 2155 2263 2271 2279 2287 2295 2303 2311 2319 
5 -2598 2182 2327 2336 2345 2354 2363 2372 2381 2390 2479 2487 2495 2503 2511 2519 2527 
5 -2606 2182 2327 2336 2345 2354 2363 2372 2381 2390 2479 2487 2495 2503 2511 2519 2527 
5 -2614 2182 2327 2336 2345 2354 2363 2372 2381 2390 2479 2487 2495 2503 2511 2519 2527 
5 -2622 2182 2327 2336 2345 2354 2363 2372 2381 2390 2479 2487 2495 2503 2511 2519 2527 
5 -2630 2182 2327 2336 2345 2354 2363 2372 2381 2390 2479 2487 2495 2503 2511 2519 2527 
5 -2638 2182 2327 2336 2345 2354 2363 2372 2381 2390 2479 2487 2495 2503 2511 2519 2527 
5 -2646 334 343 352 361 370 379 388 397 406 919 933 947 961 975 989 1003 1017 1381 1394 1407 1420 1433 1446 1459 1700 1712 1724 1736 1748 1760 1907 1918 1929 1940 1951 2030 2040 2050 2060 2094 2103 2112 2121 2129 2218 2399 2409 2419 2429 2439 2449 2459 2469 2535 2544 2553 2562 2571 2580 2589 2598 2606 2614 2622 2630 2638 
5 -2648 334 343 352 361 370 379 388 397 406 919 933 947 961 975 989 1003 1017 1381 1394 1407 1420 1433 1446 1459 1700 1712 1724 1736 1748 1760 1907 1918 1929 1940 1951 2030 2040 2050 2060 2094 2103 2112 2121 2129 2218 2399 2409 2419 2429 2439 2449 2459 2469 2535 2544 2553 2562 2571 2580 2589 2598 2606 2614 2622 2630 2638 
5 -2650 334 343 352 361 370 379 388 397 406 919 933 947 961 975 989 1003 1017 1381 1394 1407 1420 1433 1446 1459 1700 1712 1724 1736 1748 1760 1907 1918 1929 1940 1951 2030 2040 2050 2060 2094 2103 2112 2121 2129 2218 2399 2409 2419 2429 2439 2449 2459 2469 2535 2544 2553 2562 2571 2580 2589 2598 2606 2614 2622 2630 2638 
5 -2652 334 343 352 361 370 379 388 397 406 919 933 947 961 975 989 1003 1017 1381 1394 1407 1420 1433 1446 1459 1700 1712 1724 1736 1748 1760 1907 1918 1929 1940 1951 2030 2040 2050 2060 2094 2103 2112 2121 2129 2218 2399 2409 2419 2429 2439 2449 2459 2469 2535 2544 2553 2562 2571 2580 2589 2598 2606 2614 2622 2630 2638 
5 -2654 334 343 352 361 370 379 388 397 406 919 933 947 961 975 989 1003 1017 1381 1394 1407 1420 1433 1446 1459 1700 1712 1724 1736 1748 1760 1907 1918 1929 1940 1951 2030 2040 2050 2060 2094 2103 2112 2121 2129 2218 2399 2409 2419 2429 2439 2449 2459 2469 2535 2544 2553 2562 2571 2580 2589 2598 2606 2614 2622 2630 2638 
5 19 21 23 25 27 29 31 33 35 37 40 43 46 49 52 55 58 61 64 68 72 76 80 84 88 92 96 100 105 110 115 120 125 130 135 140 145 151 157 163 169 175 181 187 193 199 206 213 220 227 234 241 248 255 262 270 278 286 294 302 310 318 326 334 343 352 361 370 379 388 397 406 
5 19 21 23 25 27 29 31 33 35 37 40 43 46 49 52 55 58 61 64 68 72 76 80 84 88 92 96 100 105 110 115 120 125 130 135 140 145 151 157 163 169 175 181 187 193 199 206 213 220 227 234 241 248 255 262 270 278 286 294 302 310 318 326 334 343 352 361 370 379 388 397 406 415 423 431 439 447 455 463 471 479 488 497 506 515 524 533 542 551 561 571 581 591 601 611 621 631 642 653 664 675 686 697 708 719 731 743 755 767 779 791 803 815 828 841 854 867 880 893 906 919 933 947 961 975 989 1003 1017 
5 37 40 43 46 49 52 55 58 61 64 68 72 76 80 84 88 92 96 100 105 110 115 120 125 130 135 140 145 151 157 163 169 175 181 187 193 199 206 213 220 227 234 241 248 255 262 270 278 286 294 302 310 318 326 334 343 352 361 370 379 388 397 406 415 423 431 439 447 455 463 471 479 488 497 506 515 524 533 542 551 561 571 581 591 601 611 621 631 642 653 664 675 686 697 708 719 731 743 755 767 779 791 803 815 828 841 854 867 880 893 906 919 933 947 961 975 989 1003 1017 1031 1039 1047 1055 1063 1071 1079 1087 1096 1105 1114 1123 1132 1141 1150 1160 1170 1180 1190 1200 1210 1220 1231 1242 1253 1264 1275 1286 1297 1309 1321 1333 1345 1357 1369 1381 1394 1407 1420 1433 1446 1459 
5 64 68 72 76 80 84 88 92 96 100 105 110 115 120 125 130 135 140 145 151 157 163 169 175 181 187 193 199 206 213 220 227 234 241 248 255 262 270 278 286 294 302 310 318 326 334 343 352 361 370 379 388 397 406 415 423 431 439 447 455 463 471 479 488 497 506 515 524 533 542 551 561 571 581 591 601 611 621 631 642 653 664 675 686 697 708 719 731 743 755 767 779 791 803 815 828 841 854 867 880 893 906 919 933 947 961 975 989 1003 1017 1031 1039 1047 1055 1063 1071 1079 1087 1096 1105 1114 1123 1132 1141 1150 1160 1170 1180 1190 1200 1210 1220 1231 1242 1253 1264 1275 1286 1297 1309 1321 1333 1345 1357 1369 1381 1394 1407 1420 1433 1446 1459 1472 1480 1488 1496 1504 1512 1520 1529 1538 1547 1556 1565 1574 1584 1594 1604 1614 1624 1634 1645 1656 1667 1678 1689 1700 1712 1724 1736 1748 1760 
5 100 105 110 115 120 125 130 135 140 145 151 157 163 169 175 181 187 193 199 206 213 220 227 234 241 248 255 262 270 278 286 294 302 310 318 326 334 343 352 361 370 379 388 397 406 415 423 431 439 447 455 463 471 479 488 497 506 515 524 533 542 551 561 571 581 591 601 611 621 631 642 653 664 675 686 697 708 719 731 743 755 767 779 791 803 815 828 841 854 867 880 893 906 919 933 947 961 975 989 1003 1017 1031 1039 1047 1055 1063 1071 1079 1087 1096 1105 1114 1123 1132 1141 1150 1160 1170 1180 1190 1200 1210 1220 1231 1242 1253 1264 1275 1286 1297 1309 1321 1333 1345 1357 1369 1381 1394 1407 1420 1433 1446 1459 1472 1480 1488 1496 1504 1512 1520 1529 1538 1547 1556 1565 1574 1584 1594 1604 1614 1624 1634 1645 1656 1667 1678 1689 1700 1712 1724 1736 1748 1760 1772 1780 1788 1796 1804 1812 1821 1830 1839 1848 1857 1867 1877 1887 1897 1907 1918 1929 1940 1951 
5 145 151 157 163 169 175 181 187 193 199 206 213 220 227 234 241 248 255 262 270 278 286 294 302 310 318 326 334 343 352 361 370 379 388 397 406 415 423 431 439 447 455 463 471 479 488 497 506 515 524 533 542 551 561 571 581 591 601 611 621 631 642 653 664 675 686 697 708 719 731 743 755 767 779 791 803 815 828 841 854 867 880 893 906 919 933 947 961 975 989 1003 1017 1031 1039 1047 1055 1063 1071 1079 1087 1096 1105 1114 1123 1132 1141 1150 1160 1170 1180 1190 1200 1210 1220 1231 1242 1253 1264 1275 1286 1297 1309 1321 1333 1345 1357 1369 1381 1394 1407 1420 1433 1446 1459 1472 1480 1488 1496 1504 1512 1520 1529 1538 1547 1556 1565 1574 1584 1594 1604 1614 1624 1634 1645 1656 1667 1678 1689 1700 1712 1724 1736 1748 1760 1772 1780 1788 1796 1804 1812 1821 1830 1839 1848 1857 1867 1877 1887 1897 1907 1918 1929 1940 1951 1962 1970 1978 1986 1994 2003 2012 2021 2030 2040 2050 2060 
5 199 206 213 220 227 234 241 248 255 262 270 278 286 294 302 310 318 326 334 343 352 361 370 379 388 397 406 415 423 431 439 447 455 463 471 479 488 497 506 515 524 533 542 551 561 571 581 591 601 611 621 631 642 653 664 675 686 697 708 719 731 743 755 767 779 791 803 815 828 841 854 867 880 893 906 919 933 947 961 975 989 1003 1017 1031 1039 1047 1055 1063 1071 1079 1087 1096 1105 1114 1123 1132 1141 1150 1160 1170 1180 1190 1200 1210 1220 1231 1242 1253 1264 1275 1286 1297 1309 1321 1333 1345 1357 1369 1381 1394 1407 1420 1433 1446 1459 1472 1480 1488 1496 1504 1512 1520 1529 1538 1547 1556 1565 1574 1584 1594 1604 1614 1624 1634 1645 1656 1667 1678 1689 1700 1712 1724 1736 1748 1760 1772 1780 1788 1796 1804 1812 1821 1830 1839 1848 1857 1867 1877 1887 1897 1907 1918 1929 1940 1951 1962 1970 1978 1986 1994 2003 2012 2021 2030 2040 2050 2060 2070 2078 2086 2094 2103 2112 
5 262 270 278 286 294 302 310 318 326 334 343 352 361 370 379 388 397 406 415 423 431 439 447 455 463 471 479 488 497 506 515 524 533 542 551 561 571 581 591 601 611 621 631 642 653 664 675 686 697 708 719 731 743 755 767 779 791 803 815 828 841 854 867 880 893 906 919 933 947 961 975 989 1003 1017 1031 1039 1047 1055 1063 1071 1079 1087 1096 1105 1114 1123 1132 1141 1150 1160 1170 1180 1190 1200 1210 1220 1231 1242 1253 1264 1275 1286 1297 1309 1321 1333 1345 1357 1369 1381 1394 1407 1420 1433 1446 1459 1472 1480 1488 1496 1504 1512 1520 1529 1538 1547 1556 1565 1574 1584 1594 1604 1614 1624 1634 1645 1656 1667 1678 1689 1700 1712 1724 1736 1748 1760 1772 1780 1788 1796 1804 1812 1821 1830 1839 1848 1857 1867 1877 1887 1897 1907 1918 1929 1940 1951 1962 1970 1978 1986 1994 2003 2012 2021 2030 2040 2050 2060 2070 2078 2086 2094 2103 2112 2121 2129 
5 2137 2139 2141 2143 2145 2147 2149 2151 2153 2155 2158 2161 2164 2167 2170 2173 2176 2179 2182 2186 2190 2194 2198 2202 2206 2210 2214 2218 2223 2228 2233 2238 2243 2248 2253 2258 
5 2137 2139 2141 2143 2145 2147 2149 2151 2153 2155 2158 2161 2164 2167 2170 2173 2176 2179 2182 2186 2190 2194 2198 2202 2206 2210 2214 2218 2223 2228 2233 2238 2243 2248 2253 2258 2263 2271 2279 2287 2295 2303 2311 2319 2327 2336 2345 2354 2363 2372 2381 2390 2399 2409 2419 2429 2439 2449 2459 2469 
5 2155 2158 2161 2164 2167 2170 2173 2176 2179 2182 2186 2190 2194 2198 2202 2206 2210 2214 2218 2223 2228 2233 2238 2243 2248 2253 2258 2263 2271 2279 2287 2295 2303 2311 2319 2327 2336 2345 2354 2363 2372 2381 2390 2399 2409 2419 2429 2439 2449 2459 2469 2479 2487 2495 2503 2511 2519 2527 2535 2544 2553 2562 2571 2580 2589 
5 2182 2186 2190 2194 2198 2202 2206 2210 2214 2218 2223 2228 2233 2238 2243 2248 2253 2258 2263 2271 2279 2287 2295 2303 2311 2319 2327 2336 2345 2354 2363 2372 2381 2390 2399 2409 2419 2429 2439 2449 2459 2469 2479 2487 2495 2503 2511 2519 2527 2535 2544 2553 2562 2571 2580 2589 2598 2606 2614 2622 2630 2638 
5 -1 2 
5 -3 4 
5 -5 6 
5 -7 8 
5 -9 10 
5 -11 12 
5 -13 14 
5 -15 16 
5 -17 18 
5 -19 20 
5 -21 22 
5 -23 24 
5 -25 26 
5 -27 28 
5 -29 30 
5 -31 32 
5 -33 34 
5 -35 36 
5 -37 38 
5 -37 39 
5 -40 41 
5 -40 42 
5 -43 44 
5 -43 45 
5 -46 47 
5 -46 48 
5 -49 50 
5 -49 51 
5 -52 53 
5 -52 54 
5 -55 56 
5 -55 57 
5 -58 59 
5 -58 60 
5 -61 62 
5 -61 63 
5 -64 65 
5 -64 66 
5 -64 67 
5 -68 69 
5 -68 70 
5 -68 71 
5 -72 73 
5 -72 74 
5 -72 75 
5 -76 77 
5 -76 78 
5 -76 79 
5 -80 81 
5 -80 82 
5 -80 83 
5 -84 85 
5 -84 86 
5 -84 87 
5 -88 89 
5 -88 90 
5 -88 91 
5 -92 93 
5 -92 94 
5 -92 95 
5 -96 97 
5 -96 98 
5 -96 99 
5 -100 101 
5 -100 102 
5 -100 103 
5 -100 104 
5 -105 106 
5 -105 107 
5 -105 108 
5 -105 109 
5 -110 111 
5 -110 112 
5 -110 113 
5 -110 114 
5 -115 116 
5 -115 117 
5 -115 118 
5 -115 119 
5 -120 121 
5 -120 122 
5 -120 123 
5 -120 124 
5 -125 126 
5 -125 127 
5 -125 128 
5 -125 129 
5 -130 131 
5 -130 132 
5 -130 133 
5 -130 134 
5 -135 136 
5 -135 137 
5 -135 138 
5 -135 139 
5 -140 141 
5 -140 142 
5 -140 143 
5 -140 144 
5 -145 146 
5 -145 147 
5 -145 148 
5 -145 149 
5 -145 150 
5 -151 152 
5 -151 153 
5 -151 154 
5 -151 155 
5 -151 156 
5 -157 158 
5 -157 159 
5 -157 160 
5 -157 161 
5 -157 162 
5 -163 164 
5 -163 165 
5 -163 166 
5 -163 167 
5 -163 168 
5 -169 170 
5 -169 171 
5 -169 172 
5 -169 173 
5 -169 174 
5 -175 176 
5 -175 177 
5 -175 178 
5 -175 179 
5 -175 180 
5 -181 182 
5 -181 183 
5 -181 184 
5 -181 185 
5 -181 186 
5 -187 188 
5 -187 189 
5 -187 190 
5 -187 191 
5 -187 192 
5 -193 194 
5 -193 195 
5 -193 196 
5 -193 197 
5 -193 198 
5 -199 200 
5 -199 201 
5 -199 202 
5 -199 203 
5 -199 204 
5 -199 205 
5 -206 207 
5 -206 208 
5 -206 209 
5 -206 210 
5 -206 211 
5 -206 212 
5 -213 214 
5 -213 215 
5 -213 216 
5 -213 217 
5 -213 218 
5 -213 219 
5 -220 221 
5 -220 222 
5 -220 223 
5 -220 224 
5 -220 225 
5 -220 226 
5 -227 228 
5 -227 229 
5 -227 230 
5 -227 231 
5 -227 232 
5 -227 233 
5 -234 235 
5 -234 236 
5 -234 237 
5 -234 238 
5 -234 239 
5 -234 240 
5 -241 242 
5 -241 243 
5 -241 244 
5 -241 245 
5 -241 246 
5 -241 247 
5 -248 249 
5 -248 250 
5 -248 251 
5 -248 252 
5 -248 253 
5 -248 254 
5 -255 256 
5 -255 257 
5 -255 258 
5 -255 259 
5 -255 260 
5 -255 261 
5 -262 263 
5 -262 264 
5 -262 265 
5 -262 266 
5 -262 267 
5 -262 268 
5 -262 269 
5 -270 271 
5 -270 272 
5 -270 273 
5 -270 274 
5 -270 275 
5 -270 276 
5 -270 277 
5 -278 279 
5 -278 280 
5 -278 281 
5 -278 282 
5 -278 283 
5 -278 284 
5 -278 285 
5 -286 287 
5 -286 288 
5 -286 289 
5 -286 290 
5 -286 291 
5 -286 292 
5 -286 293 
5 -294 295 
5 -294 296 
5 -294 297 
5 -294 298 
5 -294 299 
5 -294 300 
5 -294 301 
5 -302 303 
5 -302 304 
5 -302 305 
5 -302 306 
5 -302 307 
5 -302 308 
5 -302 309 
5 -310 311 
5 -310 312 
5 -310 313 
5 -310 314 
5 -310 315 
5 -310 316 
5 -310 317 
5 -318 319 
5 -318 320 
5 -318 321 
5 -318 322 
5 -318 323 
5 -318 324 
5 -318 325 
5 -326 327 
5 -326 328 
5 -326 329 
5 -326 330 
5 -326 331 
5 -326 332 
5 -326 333 
5 -334 335 
5 -334 336 
5 -334 337 
5 -334 338 
5 -334 339 
5 -334 340 
5 -334 341 
5 -334 342 
5 -343 344 
5 -343 345 
5 -343 346 
5 -343 347 
5 -343 348 
5 -343 349 
5 -343 350 
5 -343 351 
5 -352 353 
5 -352 354 
5 -352 355 
5 -352 356 
5 -352 357 
5 -352 358 
5 -352 359 
5 -352 360 
5 -361 362 
5 -361 363 
5 -361 364 
5 -361 365 
5 -361 366 
5 -361 367 
5 -361 368 
5 -361 369 
5 -370 371 
5 -370 372 
5 -370 373 
5 -370 374 
5 -370 375 
5 -370 376 
5 -370 377 
5 -370 378 
5 -379 380 
5 -379 381 
5 -379 382 
5 -379 383 
5 -379 384 
5 -379 385 
5 -379 386 
5 -379 387 
5 -388 389 
5 -388 390 
5 -388 391 
5 -388 392 
5 -388 393 
5 -388 394 
5 -388 395 
5 -388 396 
5 -397 398 
5 -397 399 
5 -397 400 
5 -397 401 
5 -397 402 
5 -397 403 
5 -397 404 
5 -397 405 
5 -406 407 
5 -406 408 
5 -406 409 
5 -406 410 
5 -406 411 
5 -406 412 
5 -406 413 
5 -406 414 
5 -415 416 
5 -415 417 
5 -415 418 
5 -415 419 
5 -415 420 
5 -415 421 
5 -415 422 
5 -423 424 
5 -423 425 
5 -423 426 
5 -423 427 
5 -423 428 
5 -423 429 
5 -423 430 
5 -431 432 
5 -431 433 
5 -431 434 
5 -431 435 
5 -431 436 
5 -431 437 
5 -431 438 
5 -439 440 
5 -439 441 
5 -439 442 
5 -439 443 
5 -439 444 
5 -439 445 
5 -439 446 
5 -447 448 
5 -447 449 
5 -447 450 
5 -447 451 
5 -447 452 
5 -447 453 
5 -447 454 
5 -455 456 
5 -455 457 
5 -455 458 
5 -455 459 
5 -455 460 
5 -455 461 
5 -455 462 
5 -463 464 
5 -463 465 
5 -463 466 
5 -463 467 
5 -463 468 
5 -463 469 
5 -463 470 
5 -471 472 
5 -471 473 
5 -471 474 
5 -471 475 
5 -471 476 
5 -471 477 
5 -471 478 
5 -479 480 
5 -479 481 
5 -479 482 
5 -479 483 
5 -479 484 
5 -479 485 
5 -479 486 
5 -479 487 
5 -488 489 
5 -488 490 
5 -488 491 
5 -488 492 
5 -488 493 
5 -488 494 
5 -488 495 
5 -488 496 
5 -497 498 
5 -497 499 
5 -497 500 
5 -497 501 
5 -497 502 
5 -497 503 
5 -497 504 
5 -497 505 
5 -506 507 
5 -506 508 
5 -506 509 
5 -506 510 
5 -506 511 
5 -506 512 
5 -506 513 
5 -506 514 
5 -515 516 
5 -515 517 
5 -515 518 
5 -515 519 
5 -515 520 
5 -515 521 
5 -515 522 
5 -515 523 
5 -524 525 
5 -524 526 
5 -524 527 
5 -524 528 
5 -524 529 
5 -524 530 
5 -524 531 
5 -524 532 
5 -533 534 
5 -533 535 
5 -533 536 
5 -533 537 
5 -533 538 
5 -533 539 
5 -533 540 
5 -533 541 
5 -542 543 
5 -542 544 
5 -542 545 
5 -542 546 
5 -542 547 
5 -542 548 
5 -542 549 
5 -542 550 
5 -551 552 
5 -551 553 
5 -551 554 
5 -551 555 
5 -551 556 
5 -551 557 
5 -551 558 
5 -551 559 
5 -551 560 
5 -561 562 
5 -561 563 
5 -561 564 
5 -561 565 
5 -561 566 
5 -561 567 
5 -561 568 
5 -561 569 
5 -561 570 
5 -571 572 
5 -571 573 
5 -571 574 
5 -571 575 
5 -571 576 
5 -571 577 
5 -571 578 
5 -571 579 
5 -571 580 
5 -581 582 
5 -581 583 
5 -581 584 
5 -581 585 
5 -581 586 
5 -581 587 
5 -581 588 
5 -581 589 
5 -581 590 
5 -591 592 
5 -591 593 
5 -591 594 
5 -591 595 
5 -591 596 
5 -591 597 
5 -591 598 
5 -591 599 
5 -591 600 
5 -601 602 
5 -601 603 
5 -601 604 
5 -601 605 
5 -601 606 
5 -601 607 
5 -601 608 
5 -601 609 
5 -601 610 
5 -611 612 
5 -611 613 
5 -611 614 
5 -611 615 
5 -611 616 
5 -611 617 
5 -611 618 
5 -611 619 
5 -611 620 
5 -621 622 
5 -621 623 
5 -621 624 
5 -621 625 
5 -621 626 
5 -621 627 
5 -621 628 
5 -621 629 
5 -621 630 
5 -631 632 
5 -631 633 
5 -631 634 
5 -631 635 
5 -631 636 
5 -631 637 
5 -631 638 
5 -631 639 
5 -631 640 
5 -631 641 
5 -642 643 
5 -642 644 
5 -642 645 
5 -642 646 
5 -642 647 
5 -642 648 
5 -642 649 
5 -642 650 
5 -642 651 
5 -642 652 
5 -653 654 
5 -653 655 
5 -653 656 
5 -653 657 
5 -653 658 
5 -653 659 
5 -653 660 
5 -653 661 
5 -653 662 
5 -653 663 
5 -664 665 
5 -664 666 
5 -664 667 
5 -664 668 
5 -664 669 
5 -664 670 
5 -664 671 
5 -664 672 
5 -664 673 
5 -664 674 
5 -675 676 
5 -675 677 
5 -675 678 
5 -675 679 
5 -675 680 
5 -675 681 
5 -675 682 
5 -675 683 
5 -675 684 
5 -675 685 
5 -686 687 
5 -686 688 
5 -686 689 
5 -686 690 
5 -686 691 
5 -686 692 
5 -686 693 
5 -686 694 
5 -686 695 
5 -686 696 
5 -697 698 
5 -697 699 
5 -697 700 
5 -697 701 
5 -697 702 
5 -697 703 
5 -697 704 
5 -697 705 
5 -697 706 
5 -697 707 
5 -708 709 
5 -708 710 
5 -708 711 
5 -708 712 
5 -708 713 
5 -708 714 
5 -708 715 
5 -708 716 
5 -708 717 
5 -708 718 
5 -719 720 
5 -719 721 
5 -719 722 
5 -719 723 
5 -719 724 
5 -719 725 
5 -719 726 
5 -719 727 
5 -719 728 
5 -719 729 
5 -719 730 
5 -731 732 
5 -731 733 
5 -731 734 
5 -731 735 
5 -731 736 
5 -731 737 
5 -731 738 
5 -731 739 
5 -731 740 
5 -731 741 
5 -731 742 
5 -743 744 
5 -743 745 
5 -743 746 
5 -743 747 
5 -743 748 
5 -743 749 
5 -743 750 
5 -743 751 
5 -743 752 
5 -743 753 
5 -743 754 
5 -755 756 
5 -755 757 
5 -755 758 
5 -755 759 
5 -755 760 
5 -755 761 
5 -755 762 
5 -755 763 
5 -755 764 
5 -755 765 
5 -755 766 
5 -767 768 
5 -767 769 
5 -767 770 
5 -767 771 
5 -767 772 
5 -767 773 
5 -767 774 
5 -767 775 
5 -767 776 
5 -767 777 
5 -767 778 
5 -779 780 
5 -779 781 
5 -779 782 
5 -779 783 
5 -779 784 
5 -779 785 
5 -779 786 
5 -779 787 
5 -779 788 
5 -779 789 
5 -779 790 
5 -791 792 
5 -791 793 
5 -791 794 
5 -791 795 
5 -791 796 
5 -791 797 
5 -791 798 
5 -791 799 
5 -791 800 
5 -791 801 
5 -791 802 
5 -803 804 
5 -803 805 
5 -803 806 
5 -803 807 
5 -803 808 
5 -803 809 
5 -803 810 
5 -803 811 
5 -803 812 
5 -803 813 
5 -803 814 
5 -815 816 
5 -815 817 
5 -815 818 
5 -815 819 
5 -815 820 
5 -815 821 
5 -815 822 
5 -815 823 
5 -815 824 
5 -815 825 
5 -815 826 
5 -815 827 
5 -828 829 
5 -828 830 
5 -828 831 
5 -828 832 
5 -828 833 
5 -828 834 
5 -828 835 
5 -828 836 
5 -828 837 
5 -828 838 
5 -828 839 
5 -828 840 
5 -841 842 
5 -841 843 
5 -841 844 
5 -841 845 
5 -841 846 
5 -841 847 
5 -841 848 
5 -841 849 
5 -841 850 
5 -841 851 
5 -841 852 
5 -841 853 
5 -854 855 
5 -854 856 
5 -854 857 
5 -854 858 
5 -854 859 
5 -854 860 
5 -854 861 
5 -854 862 
5 -854 863 
5 -854 864 
5 -854 865 
5 -854 866 
5 -867 868 
5 -867 869 
5 -867 870 
5 -867 871 
5 -867 872 
5 -867 873 
5 -867 874 
5 -867 875 
5 -867 876 
5 -867 877 
5 -867 878 
5 -867 879 
5 -880 881 
5 -880 882 
5 -880 883 
5 -880 884 
5 -880 885 
5 -880 886 
5 -880 887 
5 -880 888 
5 -880 889 
5 -880 890 
5 -880 891 
5 -880 892 
5 -893 894 
5 -893 895 
5 -893 896 
5 -893 897 
5 -893 898 
5 -893 899 
5 -893 900 
5 -893 901 
5 -893 902 
5 -893 903 
5 -893 904 
5 -893 905 
5 -906 907 
5 -906 908 
5 -906 909 
5 -906 910 
5 -906 911 
5 -906 912 
5 -906 913 
5 -906 914 
5 -906 915 
5 -906 916 
5 -906 917 
5 -906 918 
5 -919 920 
5 -919 921 
5 -919 922 
5 -919 923 
5 -919 924 
5 -919 925 
5 -919 926 
5 -919 927 
5 -919 928 
5 -919 929 
5 -919 930 
5 -919 931 
5 -919 932 
5 -933 934 
5 -933 935 
5 -933 936 
5 -933 937 
5 -933 938 
5 -933 939 
5 -933 940 
5 -933 941 
5 -933 942 
5 -933 943 
5 -933 944 
5 -933 945 
5 -933 946 
5 -947 948 
5 -947 949 
5 -947 950 
5 -947 951 
5 -947 952 
5 -947 953 
5 -947 954 
5 -947 955 
5 -947 956 
5 -947 957 
5 -947 958 
5 -947 959 
5 -947 960 
5 -961 962 
5 -961 963 
5 -961 964 
5 -961 965 
5 -961 966 
5 -961 967 
5 -961 968 
5 -961 969 
5 -961 970 
5 -961 971 
5 -961 972 
5 -961 973 
5 -961 974 
5 -975 976 
5 -975 977 
5 -975 978 
5 -975 979 
5 -975 980 
5 -975 981 
5 -975 982 
5 -975 983 
5 -975 984 
5 -975 985 
5 -975 986 
5 -975 987 
5 -975 988 
5 -989 990 
5 -989 991 
5 -989 992 
5 -989 993 
5 -989 994 
5 -989 995 
5 -989 996 
5 -989 997 
5 -989 998 
5 -989 999 
5 -989 1000 
5 -989 1001 
5 -989 1002 
5 -1003 1004 
5 -1003 1005 
5 -1003 1006 
5 -1003 1007 
5 -1003 1008 
5 -1003 1009 
5 -1003 1010 
5 -1003 1011 
5 -1003 1012 
5 -1003 1013 
5 -1003 1014 
5 -1003 1015 
5 -1003 1016 
5 -1017 1018 
5 -1017 1019 
5 -1017 1020 
5 -1017 1021 
5 -1017 1022 
5 -1017 1023 
5 -1017 1024 
5 -1017 1025 
5 -1017 1026 
5 -1017 1027 
5 -1017 1028 
5 -1017 1029 
5 -1017 1030 
5 -1031 1032 
5 -1031 1033 
5 -1031 1034 
5 -1031 1035 
5 -1031 1036 
5 -1031 1037 
5 -1031 1038 
5 -1039 1040 
5 -1039 1041 
5 -1039 1042 
5 -1039 1043 
5 -1039 1044 
5 -1039 1045 
5 -1039 1046 
5 -1047 1048 
5 -1047 1049 
5 -1047 1050 
5 -1047 1051 
5 -1047 1052 
5 -1047 1053 
5 -1047 1054 
5 -1055 1056 
5 -1055 1057 
5 -1055 1058 
5 -1055 1059 
5 -1055 1060 
5 -1055 1061 
5 -1055 1062 
5 -1063 1064 
5 -1063 1065 
5 -1063 1066 
5 -1063 1067 
5 -1063 1068 
5 -1063 1069 
5 -1063 1070 
5 -1071 1072 
5 -1071 1073 
5 -1071 1074 
5 -1071 1075 
5 -1071 1076 
5 -1071 1077 
5 -1071 1078 
5 -1079 1080 
5 -1079 1081 
5 -1079 1082 
5 -1079 1083 
5 -1079 1084 
5 -1079 1085 
5 -1079 1086 
5 -1087 1088 
5 -1087 1089 
5 -1087 1090 
5 -1087 1091 
5 -1087 1092 
5 -1087 1093 
5 -1087 1094 
5 -1087 1095 
5 -1096 1097 
5 -1096 1098 
5 -1096 1099 
5 -1096 1100 
5 -1096 1101 
5 -1096 1102 
5 -1096 1103 
5 -1096 1104 
5 -1105 1106 
5 -1105 1107 
5 -1105 1108 
5 -1105 1109 
5 -1105 1110 
5 -1105 1111 
5 -1105 1112 
5 -1105 1113 
5 -1114 1115 
5 -1114 1116 
5 -1114 1117 
5 -1114 1118 
5 -1114 1119 
5 -1114 1120 
5 -1114 1121 
5 -1114 1122 
5 -1123 1124 
5 -1123 1125 
5 -1123 1126 
5 -1123 1127 
5 -1123 1128 
5 -1123 1129 
5 -1123 1130 
5 -1123 1131 
5 -1132 1133 
5 -1132 1134 
5 -1132 1135 
5 -1132 1136 
5 -1132 1137 
5 -1132 1138 
5 -1132 1139 
5 -1132 1140 
5 -1141 1142 
5 -1141 1143 
5 -1141 1144 
5 -1141 1145 
5 -1141 1146 
5 -1141 1147 
5 -1141 1148 
5 -1141 1149 
5 -1150 1151 
5 -1150 1152 
5 -1150 1153 
5 -1150 1154 
5 -1150 1155 
5 -1150 1156 
5 -1150 1157 
5 -1150 1158 
5 -1150 1159 
5 -1160 1161 
5 -1160 1162 
5 -1160 1163 
5 -1160 1164 
5 -1160 1165 
5 -1160 1166 
5 -1160 1167 
5 -1160 1168 
5 -1160 1169 
5 -1170 1171 
5 -1170 1172 
5 -1170 1173 
5 -1170 1174 
5 -1170 1175 
5 -1170 1176 
5 -1170 1177 
5 -1170 1178 
5 -1170 1179 
5 -1180 1181 
5 -1180 1182 
5 -1180 1183 
5 -1180 1184 
5 -1180 1185 
5 -1180 1186 
5 -1180 1187 
5 -1180 1188 
5 -1180 1189 
5 -1190 1191 
5 -1190 1192 
5 -1190 1193 
5 -1190 1194 
5 -1190 1195 
5 -1190 1196 
5 -1190 1197 
5 -1190 1198 
5 -1190 1199 
5 -1200 1201 
5 -1200 1202 
5 -1200 1203 
5 -1200 1204 
5 -1200 1205 
5 -1200 1206 
5 -1200 1207 
5 -1200 1208 
5 -1200 1209 
5 -1210 1211 
5 -1210 1212 
5 -1210 1213 
5 -1210 1214 
5 -1210 1215 
5 -1210 1216 
5 -1210 1217 
5 -1210 1218 
5 -1210 1219 
5 -1220 1221 
5 -1220 1222 
5 -1220 1223 
5 -1220 1224 
5 -1220 1225 
5 -1220 1226 
5 -1220 1227 
5 -1220 1228 
5 -1220 1229 
5 -1220 1230 
5 -1231 1232 
5 -1231 1233 
5 -1231 1234 
5 -1231 1235 
5 -1231 1236 
5 -1231 1237 
5 -1231 1238 
5 -1231 1239 
5 -1231 1240 
5 -1231 1241 
5 -1242 1243 
5 -1242 1244 
5 -1242 1245 
5 -1242 1246 
5 -1242 1247 
5 -1242 1248 
5 -1242 1249 
5 -1242 1250 
5 -1242 1251 
5 -1242 1252 
5 -1253 1254 
5 -1253 1255 
5 -1253 1256 
5 -1253 1257 
5 -1253 1258 
5 -1253 1259 
5 -1253 1260 
5 -1253 1261 
5 -1253 1262 
5 -1253 1263 
5 -1264 1265 
5 -1264 1266 
5 -1264 1267 
5 -1264 1268 
5 -1264 1269 
5 -1264 1270 
5 -1264 1271 
5 -1264 1272 
5 -1264 1273 
5 -1264 1274 
5 -1275 1276 
5 -1275 1277 
5 -1275 1278 
5 -1275 1279 
5 -1275 1280 
5 -1275 1281 
5 -1275 1282 
5 -1275 1283 
5 -1275 1284 
5 -1275 1285 
5 -1286 1287 
5 -1286 1288 
5 -1286 1289 
5 -1286 1290 
5 -1286 1291 
5 -1286 1292 
5 -1286 1293 
5 -1286 1294 
5 -1286 1295 
5 -1286 1296 
5 -1297 1298 
5 -1297 1299 
5 -1297 1300 
5 -1297 1301 
5 -1297 1302 
5 -1297 1303 
5 -1297 1304 
5 -1297 1305 
5 -1297 1306 
5 -1297 1307 
5 -1297 1308 
5 -1309 1310 
5 -1309 1311 
5 -1309 1312 
5 -1309 1313 
5 -1309 1314 
5 -1309 1315 
5 -1309 1316 
5 -1309 1317 
5 -1309 1318 
5 -1309 1319 
5 -1309 1320 
5 -1321 1322 
5 -1321 1323 
5 -1321 1324 
5 -1321 1325 
5 -1321 1326 
5 -1321 1327 
5 -1321 1328 
5 -1321 1329 
5 -1321 1330 
5 -1321 1331 
5 -1321 1332 
5 -1333 1334 
5 -1333 1335 
5 -1333 1336 
5 -1333 1337 
5 -1333 1338 
5 -1333 1339 
5 -1333 1340 
5 -1333 1341 
5 -1333 1342 
5 -1333 1343 
5 -1333 1344 
5 -1345 1346 
5 -1345 1347 
5 -1345 1348 
5 -1345 1349 
5 -1345 1350 
5 -1345 1351 
5 -1345 1352 
5 -1345 1353 
5 -1345 1354 
5 -1345 1355 
5 -1345 1356 
5 -1357 1358 
5 -1357 1359 
5 -1357 1360 
5 -1357 1361 
5 -1357 1362 
5 -1357 1363 
5 -1357 1364 
5 -1357 1365 
5 -1357 1366 
5 -1357 1367 
5 -1357 1368 
5 -1369 1370 
5 -1369 1371 
5 -1369 1372 
5 -1369 1373 
5 -1369 1374 
5 -1369 1375 
5 -1369 1376 
5 -1369 1377 
5 -1369 1378 
5 -1369 1379 
5 -1369 1380 
5 -1381 1382 
5 -1381 1383 
5 -1381 1384 
5 -1381 1385 
5 -1381 1386 
5 -1381 1387 
5 -1381 1388 
5 -1381 1389 
5 -1381 1390 
5 -1381 1391 
5 -1381 1392 
5 -1381 1393 
5 -1394 1395 
5 -1394 1396 
5 -1394 1397 
5 -1394 1398 
5 -1394 1399 
5 -1394 1400 
5 -1394 1401 
5 -1394 1402 
5 -1394 1403 
5 -1394 1404 
5 -1394 1405 
5 -1394 1406 
5 -1407 1408 
5 -1407 1409 
5 -1407 1410 
5 -1407 1411 
5 -1407 1412 
5 -1407 1413 
5 -1407 1414 
5 -1407 1415 
5 -1407 1416 
5 -1407 1417 
5 -1407 1418 
5 -1407 1419 
5 -1420 1421 
5 -1420 1422 
5 -1420 1423 
5 -1420 1424 
5 -1420 1425 
5 -1420 1426 
5 -1420 1427 
5 -1420 1428 
5 -1420 1429 
5 -1420 1430 
5 -1420 1431 
5 -1420 1432 
5 -1433 1434 
5 -1433 1435 
5 -1433 1436 
5 -1433 1437 
5 -1433 1438 
5 -1433 1439 
5 -1433 1440 
5 -1433 1441 
5 -1433 1442 
5 -1433 1443 
5 -1433 1444 
5 -1433 1445 
5 -1446 1447 
5 -1446 1448 
5 -1446 1449 
5 -1446 1450 
5 -1446 1451 
5 -1446 1452 
5 -1446 1453 
5 -1446 1454 
5 -1446 1455 
5 -1446 1456 
5 -1446 1457 
5 -1446 1458 
5 -1459 1460 
5 -1459 1461 
5 -1459 1462 
5 -1459 1463 
5 -1459 1464 
5 -1459 1465 
5 -1459 1466 
5 -1459 1467 
5 -1459 1468 
5 -1459 1469 
5 -1459 1470 
5 -1459 1471 
5 -1472 1473 
5 -1472 1474 
5 -1472 1475 
5 -1472 1476 
5 -1472 1477 
5 -1472 1478 
5 -1472 1479 
5 -1480 1481 
5 -1480 1482 
5 -1480 1483 
5 -1480 1484 
5 -1480 1485 
5 -1480 1486 
5 -1480 1487 
5 -1488 1489 
5 -1488 1490 
5 -1488 1491 
5 -1488 1492 
5 -1488 1493 
5 -1488 1494 
5 -1488 1495 
5 -1496 1497 
5 -1496 1498 
5 -1496 1499 
5 -1496 1500 
5 -1496 1501 
5 -1496 1502 
5 -1496 1503 
5 -1504 1505 
5 -1504 1506 
5 -1504 1507 
5 -1504 1508 
5 -1504 1509 
5 -1504 1510 
5 -1504 1511 
5 -1512 1513 
5 -1512 1514 
5 -1512 1515 
5 -1512 1516 
5 -1512 1517 
5 -1512 1518 
5 -1512 1519 
5 -1520 1521 
5 -1520 1522 
5 -1520 1523 
5 -1520 1524 
5 -1520 1525 
5 -1520 1526 
5 -1520 1527 
5 -1520 1528 
5 -1529 1530 
5 -1529 1531 
5 -1529 1532 
5 -1529 1533 
5 -1529 1534 
5 -1529 1535 
5 -1529 1536 
5 -1529 1537 
5 -1538 1539 
5 -1538 1540 
5 -1538 1541 
5 -1538 1542 
5 -1538 1543 
5 -1538 1544 
5 -1538 1545 
5 -1538 1546 
5 -1547 1548 
5 -1547 1549 
5 -1547 1550 
5 -1547 1551 
5 -1547 1552 
5 -1547 1553 
5 -1547 1554 
5 -1547 1555 
5 -1556 1557 
5 -1556 1558 
5 -1556 1559 
5 -1556 1560 
5 -1556 1561 
5 -1556 1562 
5 -1556 1563 
5 -1556 1564 
5 -1565 1566 
5 -1565 1567 
5 -1565 1568 
5 -1565 1569 
5 -1565 1570 
5 -1565 1571 
5 -1565 1572 
5 -1565 1573 
5 -1574 1575 
5 -1574 1576 
5 -1574 1577 
5 -1574 1578 
5 -1574 1579 
5 -1574 1580 
5 -1574 1581 
5 -1574 1582 
5 -1574 1583 
5 -1584 1585 
5 -1584 1586 
5 -1584 1587 
5 -1584 1588 
5 -1584 1589 
5 -1584 1590 
5 -1584 1591 
5 -1584 1592 
5 -1584 1593 
5 -1594 1595 
5 -1594 1596 
5 -1594 1597 
5 -1594 1598 
5 -1594 1599 
5 -1594 1600 
5 -1594 1601 
5 -1594 1602 
5 -1594 1603 
5 -1604 1605 
5 -1604 1606 
5 -1604 1607 
5 -1604 1608 
5 -1604 1609 
5 -1604 1610 
5 -1604 1611 
5 -1604 1612 
5 -1604 1613 
5 -1614 1615 
5 -1614 1616 
5 -1614 1617 
5 -1614 1618 
5 -1614 1619 
5 -1614 1620 
5 -1614 1621 
5 -1614 1622 
5 -1614 1623 
5 -1624 1625 
5 -1624 1626 
5 -1624 1627 
5 -1624 1628 
5 -1624 1629 
5 -1624 1630 
5 -1624 1631 
5 -1624 1632 
5 -1624 1633 
5 -1634 1635 
5 -1634 1636 
5 -1634 1637 
5 -1634 1638 
5 -1634 1639 
5 -1634 1640 
5 -1634 1641 
5 -1634 1642 
5 -1634 1643 
5 -1634 1644 
5 -1645 1646 
5 -1645 1647 
5 -1645 1648 
5 -1645 1649 
5 -1645 1650 
5 -1645 1651 
5 -1645 1652 
5 -1645 1653 
5 -1645 1654 
5 -1645 1655 
5 -1656 1657 
5 -1656 1658 
5 -1656 1659 
5 -1656 1660 
5 -1656 1661 
5 -1656 1662 
5 -1656 1663 
5 -1656 1664 
5 -1656 1665 
5 -1656 1666 
5 -1667 1668 
5 -1667 1669 
5 -1667 1670 
5 -1667 1671 
5 -1667 1672 
5 -1667 1673 
5 -1667 1674 
5 -1667 1675 
5 -1667 1676 
5 -1667 1677 
5 -1678 1679 
5 -1678 1680 
5 -1678 1681 
5 -1678 1682 
5 -1678 1683 
5 -1678 1684 
5 -1678 1685 
5 -1678 1686 
5 -1678 1687 
5 -1678 1688 
5 -1689 1690 
5 -1689 1691 
5 -1689 1692 
5 -1689 1693 
5 -1689 1694 
5 -1689 1695 
5 -1689 1696 
5 -1689 1697 
5 -1689 1698 
5 -1689 1699 
5 -1700 1701 
5 -1700 1702 
5 -1700 1703 
5 -1700 1704 
5 -1700 1705 
5 -1700 1706 
5 -1700 1707 
5 -1700 1708 
5 -1700 1709 
5 -1700 1710 
5 -1700 1711 
5 -1712 1713 
5 -1712 1714 
5 -1712 1715 
5 -1712 1716 
5 -1712 1717 
5 -1712 1718 
5 -1712 1719 
5 -1712 1720 
5 -1712 1721 
5 -1712 1722 
5 -1712 1723 
5 -1724 1725 
5 -1724 1726 
5 -1724 1727 
5 -1724 1728 
5 -1724 1729 
5 -1724 1730 
5 -1724 1731 
5 -1724 1732 
5 -1724 1733 
5 -1724 1734 
5 -1724 1735 
5 -1736 1737 
5 -1736 1738 
5 -1736 1739 
5 -1736 1740 
5 -1736 1741 
5 -1736 1742 
5 -1736 1743 
5 -1736 1744 
5 -1736 1745 
5 -1736 1746 
5 -1736 1747 
5 -1748 1749 
5 -1748 1750 
5 -1748 1751 
5 -1748 1752 
5 -1748 1753 
5 -1748 1754 
5 -1748 1755 
5 -1748 1756 
5 -1748 1757 
5 -1748 1758 
5 -1748 1759 
5 -1760 1761 
5 -1760 1762 
5 -1760 1763 
5 -1760 1764 
5 -1760 1765 
5 -1760 1766 
5 -1760 1767 
5 -1760 1768 
5 -1760 1769 
5 -1760 1770 
5 -1760 1771 
5 -1772 1773 
5 -1772 1774 
5 -1772 1775 
5 -1772 1776 
5 -1772 1777 
5 -1772 1778 
5 -1772 1779 
5 -1780 1781 
5 -1780 1782 
5 -1780 1783 
5 -1780 1784 
5 -1780 1785 
5 -1780 1786 
5 -1780 1787 
5 -1788 1789 
5 -1788 1790 
5 -1788 1791 
5 -1788 1792 
5 -1788 1793 
5 -1788 1794 
5 -1788 1795 
5 -1796 1797 
5 -1796 1798 
5 -1796 1799 
5 -1796 1800 
5 -1796 1801 
5 -1796 1802 
5 -1796 1803 
5 -1804 1805 
5 -1804 1806 
5 -1804 1807 
5 -1804 1808 
5 -1804 1809 
5 -1804 1810 
5 -1804 1811 
5 -1812 1813 
5 -1812 1814 
5 -1812 1815 
5 -1812 1816 
5 -1812 1817 
5 -1812 1818 
5 -1812 1819 
5 -1812 1820 
5 -1821 1822 
5 -1821 1823 
5 -1821 1824 
5 -1821 1825 
5 -1821 1826 
5 -1821 1827 
5 -1821 1828 
5 -1821 1829 
5 -1830 1831 
5 -1830 1832 
5 -1830 1833 
5 -1830 1834 
5 -1830 1835 
5 -1830 1836 
5 -1830 1837 
5 -1830 1838 
5 -1839 1840 
5 -1839 1841 
5 -1839 1842 
5 -1839 1843 
5 -1839 1844 
5 -1839 1845 
5 -1839 1846 
5 -1839 1847 
5 -1848 1849 
5 -1848 1850 
5 -1848 1851 
5 -1848 1852 
5 -1848 1853 
5 -1848 1854 
5 -1848 1855 
5 -1848 1856 
5 -1857 1858 
5 -1857 1859 
5 -1857 1860 
5 -1857 1861 
5 -1857 1862 
5 -1857 1863 
5 -1857 1864 
5 -1857 1865 
5 -1857 1866 
5 -1867 1868 
5 -1867 1869 
5 -1867 1870 
5 -1867 1871 
5 -1867 1872 
5 -1867 1873 
5 -1867 1874 
5 -1867 1875 
5 -1867 1876 
5 -1877 1878 
5 -1877 1879 
5 -1877 1880 
5 -1877 1881 
5 -1877 1882 
5 -1877 1883 
5 -1877 1884 
5 -1877 1885 
5 -1877 1886 
5 -1887 1888 
5 -1887 1889 
5 -1887 1890 
5 -1887 1891 
5 -1887 1892 
5 -1887 1893 
5 -1887 1894 
5 -1887 1895 
5 -1887 1896 
5 -1897 1898 
5 -1897 1899 
5 -1897 1900 
5 -1897 1901 
5 -1897 1902 
5 -1897 1903 
5 -1897 1904 
5 -1897 1905 
5 -1897 1906 
5 -1907 1908 
5 -1907 1909 
5 -1907 1910 
5 -1907 1911 
5 -1907 1912 
5 -1907 1913 
5 -1907 1914 
5 -1907 1915 
5 -1907 1916 
5 -1907 1917 
5 -1918 1919 
5 -1918 1920 
5 -1918 1921 
5 -1918 1922 
5 -1918 1923 
5 -1918 1924 
5 -1918 1925 
5 -1918 1926 
5 -1918 1927 
5 -1918 1928 
5 -1929 1930 
5 -1929 1931 
5 -1929 1932 
5 -1929 1933 
5 -1929 1934 
5 -1929 1935 
5 -1929 1936 
5 -1929 1937 
5 -1929 1938 
5 -1929 1939 
5 -1940 1941 
5 -1940 1942 
5 -1940 1943 
5 -1940 1944 
5 -1940 1945 
5 -1940 1946 
5 -1940 1947 
5 -1940 1948 
5 -1940 1949 
5 -1940 1950 
5 -1951 1952 
5 -1951 1953 
5 -1951 1954 
5 -1951 1955 
5 -1951 1956 
5 -1951 1957 
5 -1951 1958 
5 -1951 1959 
5 -1951 1960 
5 -1951 1961 
5 -1962 1963 
5 -1962 1964 
5 -1962 1965 
5 -1962 1966 
5 -1962 1967 
5 -1962 1968 
5 -1962 1969 
5 -1970 1971 
5 -1970 1972 
5 -1970 1973 
5 -1970 1974 
5 -1970 1975 
5 -1970 1976 
5 -1970 1977 
5 -1978 1979 
5 -1978 1980 
5 -1978 1981 
5 -1978 1982 
5 -1978 1983 
5 -1978 1984 
5 -1978 1985 
5 -1986 1987 
5 -1986 1988 
5 -1986 1989 
5 -1986 1990 
5 -1986 1991 
5 -1986 1992 
5 -1986 1993 
5 -1994 1995 
5 -1994 1996 
5 -1994 1997 
5 -1994 1998 
5 -1994 1999 
5 -1994 2000 
5 -1994 2001 
5 -1994 2002 
5 -2003 2004 
5 -2003 2005 
5 -2003 2006 
5 -2003 2007 
5 -2003 2008 
5 -2003 2009 
5 -2003 2010 
5 -2003 2011 
5 -2012 2013 
5 -2012 2014 
5 -2012 2015 
5 -2012 2016 
5 -2012 2017 
5 -2012 2018 
5 -2012 2019 
5 -2012 2020 
5 -2021 2022 
5 -2021 2023 
5 -2021 2024 
5 -2021 2025 
5 -2021 2026 
5 -2021 2027 
5 -2021 2028 
5 -2021 2029 
5 -2030 2031 
5 -2030 2032 
5 -2030 2033 
5 -2030 2034 
5 -2030 2035 
5 -2030 2036 
5 -2030 2037 
5 -2030 2038 
5 -2030 2039 
5 -2040 2041 
5 -2040 2042 
5 -2040 2043 
5 -2040 2044 
5 -2040 2045 
5 -2040 2046 
5 -2040 2047 
5 -2040 2048 
5 -2040 2049 
5 -2050 2051 
5 -2050 2052 
5 -2050 2053 
5 -2050 2054 
5 -2050 2055 
5 -2050 2056 
5 -2050 2057 
5 -2050 2058 
5 -2050 2059 
5 -2060 2061 
5 -2060 2062 
5 -2060 2063 
5 -2060 2064 
5 -2060 2065 
5 -2060 2066 
5 -2060 2067 
5 -2060 2068 
5 -2060 2069 
5 -2070 2071 
5 -2070 2072 
5 -2070 2073 
5 -2070 2074 
5 -2070 2075 
5 -2070 2076 
5 -2070 2077 
5 -2078 2079 
5 -2078 2080 
5 -2078 2081 
5 -2078 2082 
5 -2078 2083 
5 -2078 2084 
5 -2078 2085 
5 -2086 2087 
5 -2086 2088 
5 -2086 2089 
5 -2086 2090 
5 -2086 2091 
5 -2086 2092 
5 -2086 2093 
5 -2094 2095 
5 -2094 2096 
5 -2094 2097 
5 -2094 2098 
5 -2094 2099 
5 -2094 2100 
5 -2094 2101 
5 -2094 2102 
5 -2103 2104 
5 -2103 2105 
5 -2103 2106 
5 -2103 2107 
5 -2103 2108 
5 -2103 2109 
5 -2103 2110 
5 -2103 2111 
5 -2112 2113 
5 -2112 2114 
5 -2112 2115 
5 -2112 2116 
5 -2112 2117 
5 -2112 2118 
5 -2112 2119 
5 -2112 2120 
5 -2121 2122 
5 -2121 2123 
5 -2121 2124 
5 -2121 2125 
5 -2121 2126 
5 -2121 2127 
5 -2121 2128 
5 -2129 2130 
5 -2129 2131 
5 -2129 2132 
5 -2129 2133 
5 -2129 2134 
5 -2129 2135 
5 -2129 2136 
5 -2137 2138 
5 -2139 2140 
5 -2141 2142 
5 -2143 2144 
5 -2145 2146 
5 -2147 2148 
5 -2149 2150 
5 -2151 2152 
5 -2153 2154 
5 -2155 2156 
5 -2155 2157 
5 -2158 2159 
5 -2158 2160 
5 -2161 2162 
5 -2161 2163 
5 -2164 2165 
5 -2164 2166 
5 -2167 2168 
5 -2167 2169 
5 -2170 2171 
5 -2170 2172 
5 -2173 2174 
5 -2173 2175 
5 -2176 2177 
5 -2176 2178 
5 -2179 2180 
5 -2179 2181 
5 -2182 2183 
5 -2182 2184 
5 -2182 2185 
5 -2186 2187 
5 -2186 2188 
5 -2186 2189 
5 -2190 2191 
5 -2190 2192 
5 -2190 2193 
5 -2194 2195 
5 -2194 2196 
5 -2194 2197 
5 -2198 2199 
5 -2198 2200 
5 -2198 2201 
5 -2202 2203 
5 -2202 2204 
5 -2202 2205 
5 -2206 2207 
5 -2206 2208 
5 -2206 2209 
5 -2210 2211 
5 -2210 2212 
5 -2210 2213 
5 -2214 2215 
5 -2214 2216 
5 -2214 2217 
5 -2218 2219 
5 -2218 2220 
5 -2218 2221 
5 -2218 2222 
5 -2223 2224 
5 -2223 2225 
5 -2223 2226 
5 -2223 2227 
5 -2228 2229 
5 -2228 2230 
5 -2228 2231 
5 -2228 2232 
5 -2233 2234 
5 -2233 2235 
5 -2233 2236 
5 -2233 2237 
5 -2238 2239 
5 -2238 2240 
5 -2238 2241 
5 -2238 2242 
5 -2243 2244 
5 -2243 2245 
5 -2243 2246 
5 -2243 2247 
5 -2248 2249 
5 -2248 2250 
5 -2248 2251 
5 -2248 2252 
5 -2253 2254 
5 -2253 2255 
5 -2253 2256 
5 -2253 2257 
5 -2258 2259 
5 -2258 2260 
5 -2258 2261 
5 -2258 2262 
5 -2263 2264 
5 -2263 2265 
5 -2263 2266 
5 -2263 2267 
5 -2263 2268 
5 -2263 2269 
5 -2263 2270 
5 -2271 2272 
5 -2271 2273 
5 -2271 2274 
5 -2271 2275 
5 -2271 2276 
5 -2271 2277 
5 -2271 2278 
5 -2279 2280 
5 -2279 2281 
5 -2279 2282 
5 -2279 2283 
5 -2279 2284 
5 -2279 2285 
5 -2279 2286 
5 -2287 2288 
5 -2287 2289 
5 -2287 2290 
5 -2287 2291 
5 -2287 2292 
5 -2287 2293 
5 -2287 2294 
5 -2295 2296 
5 -2295 2297 
5 -2295 2298 
5 -2295 2299 
5 -2295 2300 
5 -2295 2301 
5 -2295 2302 
5 -2303 2304 
5 -2303 2305 
5 -2303 2306 
5 -2303 2307 
5 -2303 2308 
5 -2303 2309 
5 -2303 2310 
5 -2311 2312 
5 -2311 2313 
5 -2311 2314 
5 -2311 2315 
5 -2311 2316 
5 -2311 2317 
5 -2311 2318 
5 -2319 2320 
5 -2319 2321 
5 -2319 2322 
5 -2319 2323 
5 -2319 2324 
5 -2319 2325 
5 -2319 2326 
5 -2327 2328 
5 -2327 2329 
5 -2327 2330 
5 -2327 2331 
5 -2327 2332 
5 -2327 2333 
5 -2327 2334 
5 -2327 2335 
5 -2336 2337 
5 -2336 2338 
5 -2336 2339 
5 -2336 2340 
5 -2336 2341 
5 -2336 2342 
5 -2336 2343 
5 -2336 2344 
5 -2345 2346 
5 -2345 2347 
5 -2345 2348 
5 -2345 2349 
5 -2345 2350 
5 -2345 2351 
5 -2345 2352 
5 -2345 2353 
5 -2354 2355 
5 -2354 2356 
5 -2354 2357 
5 -2354 2358 
5 -2354 2359 
5 -2354 2360 
5 -2354 2361 
5 -2354 2362 
5 -2363 2364 
5 -2363 2365 
5 -2363 2366 
5 -2363 2367 
5 -2363 2368 
5 -2363 2369 
5 -2363 2370 
5 -2363 2371 
5 -2372 2373 
5 -2372 2374 
5 -2372 2375 
5 -2372 2376 
5 -2372 2377 
5 -2372 2378 
5 -2372 2379 
5 -2372 2380 
5 -2381 2382 
5 -2381 2383 
5 -2381 2384 
5 -2381 2385 
5 -2381 2386 
5 -2381 2387 
5 -2381 2388 
5 -2381 2389 
5 -2390 2391 
5 -2390 2392 
5 -2390 2393 
5 -2390 2394 
5 -2390 2395 
5 -2390 2396 
5 -2390 2397 
5 -2390 2398 
5 -2399 2400 
5 -2399 2401 
5 -2399 2402 
5 -2399 2403 
5 -2399 2404 
5 -2399 2405 
5 -2399 2406 
5 -2399 2407 
5 -2399 2408 
5 -2409 2410 
5 -2409 2411 
5 -2409 2412 
5 -2409 2413 
5 -2409 2414 
5 -2409 2415 
5 -2409 2416 
5 -2409 2417 
5 -2409 2418 
5 -2419 2420 
5 -2419 2421 
5 -2419 2422 
5 -2419 2423 
5 -2419 2424 
5 -2419 2425 
5 -2419 2426 
5 -2419 2427 
5 -2419 2428 
5 -2429 2430 
5 -2429 2431 
5 -2429 2432 
5 -2429 2433 
5 -2429 2434 
5 -2429 2435 
5 -2429 2436 
5 -2429 2437 
5 -2429 2438 
5 -2439 2440 
5 -2439 2441 
5 -2439 2442 
5 -2439 2443 
5 -2439 2444 
5 -2439 2445 
5 -2439 2446 
5 -2439 2447 
5 -2439 2448 
5 -2449 2450 
5 -2449 2451 
5 -2449 2452 
5 -2449 2453 
5 -2449 2454 
5 -2449 2455 
5 -2449 2456 
5 -2449 2457 
5 -2449 2458 
5 -2459 2460 
5 -2459 2461 
5 -2459 2462 
5 -2459 2463 
5 -2459 2464 
5 -2459 2465 
5 -2459 2466 
5 -2459 2467 
5 -2459 2468 
5 -2469 2470 
5 -2469 2471 
5 -2469 2472 
5 -2469 2473 
5 -2469 2474 
5 -2469 2475 
5 -2469 2476 
5 -2469 2477 
5 -2469 2478 
5 -2479 2480 
5 -2479 2481 
5 -2479 2482 
5 -2479 2483 
5 -2479 2484 
5 -2479 2485 
5 -2479 2486 
5 -2487 2488 
5 -2487 2489 
5 -2487 2490 
5 -2487 2491 
5 -2487 2492 
5 -2487 2493 
5 -2487 2494 
5 -2495 2496 
5 -2495 2497 
5 -2495 2498 
5 -2495 2499 
5 -2495 2500 
5 -2495 2501 
5 -2495 2502 
5 -2503 2504 
5 -2503 2505 
5 -2503 2506 
5 -2503 2507 
5 -2503 2508 
5 -2503 2509 
5 -2503 2510 
5 -2511 2512 
5 -2511 2513 
5 -2511 2514 
5 -2511 2515 
5 -2511 2516 
5 -2511 2517 
5 -2511 2518 
5 -2519 2520 
5 -2519 2521 
5 -2519 2522 
5 -2519 2523 
5 -2519 2524 
5 -2519 2525 
5 -2519 2526 
5 -2527 2528 
5 -2527 2529 
5 -2527 2530 
5 -2527 2531 
5 -2527 2532 
5 -2527 2533 
5 -2527 2534 
5 -2535 2536 
5 -2535 2537 
5 -2535 2538 
5 -2535 2539 
5 -2535 2540 
5 -2535 2541 
5 -2535 2542 
5 -2535 2543 
5 -2544 2545 
5 -2544 2546 
5 -2544 2547 
5 -2544 2548 
5 -2544 2549 
5 -2544 2550 
5 -2544 2551 
5 -2544 2552 
5 -2553 2554 
5 -2553 2555 
5 -2553 2556 
5 -2553 2557 
5 -2553 2558 
5 -2553 2559 
5 -2553 2560 
5 -2553 2561 
5 -2562 2563 
5 -2562 2564 
5 -2562 2565 
5 -2562 2566 
5 -2562 2567 
5 -2562 2568 
5 -2562 2569 
5 -2562 2570 
5 -2571 2572 
5 -2571 2573 
5 -2571 2574 
5 -2571 2575 
5 -2571 2576 
5 -2571 2577 
5 -2571 2578 
5 -2571 2579 
5 -2580 2581 
5 -2580 2582 
5 -2580 2583 
5 -2580 2584 
5 -2580 2585 
5 -2580 2586 
5 -2580 2587 
5 -2580 2588 
5 -2589 2590 
5 -2589 2591 
5 -2589 2592 
5 -2589 2593 
5 -2589 2594 
5 -2589 2595 
5 -2589 2596 
5 -2589 2597 
5 -2598 2599 
5 -2598 2600 
5 -2598 2601 
5 -2598 2602 
5 -2598 2603 
5 -2598 2604 
5 -2598 2605 
5 -2606 2607 
5 -2606 2608 
5 -2606 2609 
5 -2606 2610 
5 -2606 2611 
5 -2606 2612 
5 -2606 2613 
5 -2614 2615 
5 -2614 2616 
5 -2614 2617 
5 -2614 2618 
5 -2614 2619 
5 -2614 2620 
5 -2614 2621 
5 -2622 2623 
5 -2622 2624 
5 -2622 2625 
5 -2622 2626 
5 -2622 2627 
5 -2622 2628 
5 -2622 2629 
5 -2630 2631 
5 -2630 2632 
5 -2630 2633 
5 -2630 2634 
5 -2630 2635 
5 -2630 2636 
5 -2630 2637 
5 -2638 2639 
5 -2638 2640 
5 -2638 2641 
5 -2638 2642 
5 -2638 2643 
5 -2638 2644 
5 -2638 2645 
5 -2646 2647 
5 -2648 2649 
5 -2650 2651 
5 -2652 2653 
5 -2654 2655 
1 2655 
2 2653 
3 2651 
4 2649 
5 2647 
