p wcnf 2856 2853 10
10 -10 1 
10 -12 1 
10 -14 1 
10 -16 1 
10 -18 1 
10 -20 1 
10 -22 1 
10 -24 1 
10 -26 1 
10 -28 1 
10 -31 1 
10 -34 1 
10 -37 1 
10 -40 1 
10 -43 1 
10 -46 1 
10 -49 1 
10 -52 1 
10 -55 1 
10 -59 1 
10 -63 1 
10 -67 1 
10 -71 1 
10 -75 1 
10 -79 1 
10 -83 1 
10 -87 1 
10 -91 1 
10 -96 1 
10 -101 1 
10 -106 1 
10 -111 1 
10 -116 1 
10 -121 1 
10 -126 1 
10 -131 1 
10 -136 1 
10 -142 1 
10 -148 1 
10 -154 1 
10 -160 1 
10 -166 1 
10 -172 1 
10 -178 1 
10 -184 1 
10 -190 1 
10 -197 1 
10 -204 1 
10 -211 1 
10 -218 1 
10 -225 1 
10 -232 1 
10 -239 1 
10 -246 1 
10 -253 1 
10 -261 1 
10 -269 1 
10 -277 1 
10 -285 1 
10 -293 1 
10 -301 1 
10 -309 1 
10 -317 1 
10 -325 1 
10 -334 1 
10 -343 1 
10 -352 1 
10 -361 1 
10 -370 1 
10 -379 1 
10 -388 1 
10 -397 1 
10 -406 10 
10 -415 10 
10 -424 10 
10 -433 10 
10 -442 10 
10 -451 10 
10 -460 10 
10 -469 10 
10 -478 10 
10 -488 10 
10 -498 10 
10 -508 10 
10 -518 10 
10 -528 10 
10 -538 10 
10 -548 10 
10 -558 10 
10 -569 10 
10 -580 10 
10 -591 10 
10 -602 10 
10 -613 10 
10 -624 10 
10 -635 10 
10 -646 10 
10 -658 10 
10 -670 10 
10 -682 10 
10 -694 10 
10 -706 10 
10 -718 10 
10 -730 10 
10 -742 10 
10 -755 10 
10 -768 10 
10 -781 10 
10 -794 10 
10 -807 10 
10 -820 10 
10 -833 10 
10 -846 10 
10 -860 10 
10 -874 10 
10 -888 10 
10 -902 10 
10 -916 10 
10 -930 10 
10 -944 10 
10 -958 10 
10 -973 10 
10 -988 10 
10 -1003 10 
10 -1018 10 
10 -1033 10 
10 -1048 10 
10 -1063 10 
10 -1078 28 406 415 424 433 442 451 460 469 
10 -1087 28 406 415 424 433 442 451 460 469 
10 -1096 28 406 415 424 433 442 451 460 469 
10 -1105 28 406 415 424 433 442 451 460 469 
10 -1114 28 406 415 424 433 442 451 460 469 
10 -1123 28 406 415 424 433 442 451 460 469 
10 -1132 28 406 415 424 433 442 451 460 469 
10 -1141 28 406 415 424 433 442 451 460 469 
10 -1151 28 406 415 424 433 442 451 460 469 
10 -1161 28 406 415 424 433 442 451 460 469 
10 -1171 28 406 415 424 433 442 451 460 469 
10 -1181 28 406 415 424 433 442 451 460 469 
10 -1191 28 406 415 424 433 442 451 460 469 
10 -1201 28 406 415 424 433 442 451 460 469 
10 -1211 28 406 415 424 433 442 451 460 469 
10 -1222 28 406 415 424 433 442 451 460 469 
10 -1233 28 406 415 424 433 442 451 460 469 
10 -1244 28 406 415 424 433 442 451 460 469 
10 -1255 28 406 415 424 433 442 451 460 469 
10 -1266 28 406 415 424 433 442 451 460 469 
10 -1277 28 406 415 424 433 442 451 460 469 
10 -1288 28 406 415 424 433 442 451 460 469 
10 -1300 28 406 415 424 433 442 451 460 469 
10 -1312 28 406 415 424 433 442 451 460 469 
10 -1324 28 406 415 424 433 442 451 460 469 
10 -1336 28 406 415 424 433 442 451 460 469 
10 -1348 28 406 415 424 433 442 451 460 469 
10 -1360 28 406 415 424 433 442 451 460 469 
10 -1372 28 406 415 424 433 442 451 460 469 
10 -1385 28 406 415 424 433 442 451 460 469 
10 -1398 28 406 415 424 433 442 451 460 469 
10 -1411 28 406 415 424 433 442 451 460 469 
10 -1424 28 406 415 424 433 442 451 460 469 
10 -1437 28 406 415 424 433 442 451 460 469 
10 -1450 28 406 415 424 433 442 451 460 469 
10 -1463 28 406 415 424 433 442 451 460 469 
10 -1477 28 406 415 424 433 442 451 460 469 
10 -1491 28 406 415 424 433 442 451 460 469 
10 -1505 28 406 415 424 433 442 451 460 469 
10 -1519 28 406 415 424 433 442 451 460 469 
10 -1533 28 406 415 424 433 442 451 460 469 
10 -1547 28 406 415 424 433 442 451 460 469 
10 -1561 55 478 488 498 508 518 528 538 548 1078 1087 1096 1105 1114 1123 1132 
10 -1570 55 478 488 498 508 518 528 538 548 1078 1087 1096 1105 1114 1123 1132 
10 -1579 55 478 488 498 508 518 528 538 548 1078 1087 1096 1105 1114 1123 1132 
10 -1588 55 478 488 498 508 518 528 538 548 1078 1087 1096 1105 1114 1123 1132 
10 -1597 55 478 488 498 508 518 528 538 548 1078 1087 1096 1105 1114 1123 1132 
10 -1606 55 478 488 498 508 518 528 538 548 1078 1087 1096 1105 1114 1123 1132 
10 -1615 55 478 488 498 508 518 528 538 548 1078 1087 1096 1105 1114 1123 1132 
10 -1625 55 478 488 498 508 518 528 538 548 1078 1087 1096 1105 1114 1123 1132 
10 -1635 55 478 488 498 508 518 528 538 548 1078 1087 1096 1105 1114 1123 1132 
10 -1645 55 478 488 498 508 518 528 538 548 1078 1087 1096 1105 1114 1123 1132 
10 -1655 55 478 488 498 508 518 528 538 548 1078 1087 1096 1105 1114 1123 1132 
10 -1665 55 478 488 498 508 518 528 538 548 1078 1087 1096 1105 1114 1123 1132 
10 -1675 55 478 488 498 508 518 528 538 548 1078 1087 1096 1105 1114 1123 1132 
10 -1686 55 478 488 498 508 518 528 538 548 1078 1087 1096 1105 1114 1123 1132 
10 -1697 55 478 488 498 508 518 528 538 548 1078 1087 1096 1105 1114 1123 1132 
10 -1708 55 478 488 498 508 518 528 538 548 1078 1087 1096 1105 1114 1123 1132 
10 -1719 55 478 488 498 508 518 528 538 548 1078 1087 1096 1105 1114 1123 1132 
10 -1730 55 478 488 498 508 518 528 538 548 1078 1087 1096 1105 1114 1123 1132 
10 -1741 55 478 488 498 508 518 528 538 548 1078 1087 1096 1105 1114 1123 1132 
10 -1753 55 478 488 498 508 518 528 538 548 1078 1087 1096 1105 1114 1123 1132 
10 -1765 55 478 488 498 508 518 528 538 548 1078 1087 1096 1105 1114 1123 1132 
10 -1777 55 478 488 498 508 518 528 538 548 1078 1087 1096 1105 1114 1123 1132 
10 -1789 55 478 488 498 508 518 528 538 548 1078 1087 1096 1105 1114 1123 1132 
10 -1801 55 478 488 498 508 518 528 538 548 1078 1087 1096 1105 1114 1123 1132 
10 -1813 55 478 488 498 508 518 528 538 548 1078 1087 1096 1105 1114 1123 1132 
10 -1826 55 478 488 498 508 518 528 538 548 1078 1087 1096 1105 1114 1123 1132 
10 -1839 55 478 488 498 508 518 528 538 548 1078 1087 1096 1105 1114 1123 1132 
10 -1852 55 478 488 498 508 518 528 538 548 1078 1087 1096 1105 1114 1123 1132 
10 -1865 55 478 488 498 508 518 528 538 548 1078 1087 1096 1105 1114 1123 1132 
10 -1878 55 478 488 498 508 518 528 538 548 1078 1087 1096 1105 1114 1123 1132 
10 -1891 91 558 569 580 591 602 613 624 635 1141 1151 1161 1171 1181 1191 1201 1561 1570 1579 1588 1597 1606 
10 -1900 91 558 569 580 591 602 613 624 635 1141 1151 1161 1171 1181 1191 1201 1561 1570 1579 1588 1597 1606 
10 -1909 91 558 569 580 591 602 613 624 635 1141 1151 1161 1171 1181 1191 1201 1561 1570 1579 1588 1597 1606 
10 -1918 91 558 569 580 591 602 613 624 635 1141 1151 1161 1171 1181 1191 1201 1561 1570 1579 1588 1597 1606 
10 -1927 91 558 569 580 591 602 613 624 635 1141 1151 1161 1171 1181 1191 1201 1561 1570 1579 1588 1597 1606 
10 -1936 91 558 569 580 591 602 613 624 635 1141 1151 1161 1171 1181 1191 1201 1561 1570 1579 1588 1597 1606 
10 -1946 91 558 569 580 591 602 613 624 635 1141 1151 1161 1171 1181 1191 1201 1561 1570 1579 1588 1597 1606 
10 -1956 91 558 569 580 591 602 613 624 635 1141 1151 1161 1171 1181 1191 1201 1561 1570 1579 1588 1597 1606 
10 -1966 91 558 569 580 591 602 613 624 635 1141 1151 1161 1171 1181 1191 1201 1561 1570 1579 1588 1597 1606 
10 -1976 91 558 569 580 591 602 613 624 635 1141 1151 1161 1171 1181 1191 1201 1561 1570 1579 1588 1597 1606 
10 -1986 91 558 569 580 591 602 613 624 635 1141 1151 1161 1171 1181 1191 1201 1561 1570 1579 1588 1597 1606 
10 -1997 91 558 569 580 591 602 613 624 635 1141 1151 1161 1171 1181 1191 1201 1561 1570 1579 1588 1597 1606 
10 -2008 91 558 569 580 591 602 613 624 635 1141 1151 1161 1171 1181 1191 1201 1561 1570 1579 1588 1597 1606 
10 -2019 91 558 569 580 591 602 613 624 635 1141 1151 1161 1171 1181 1191 1201 1561 1570 1579 1588 1597 1606 
10 -2030 91 558 569 580 591 602 613 624 635 1141 1151 1161 1171 1181 1191 1201 1561 1570 1579 1588 1597 1606 
10 -2041 91 558 569 580 591 602 613 624 635 1141 1151 1161 1171 1181 1191 1201 1561 1570 1579 1588 1597 1606 
10 -2053 91 558 569 580 591 602 613 624 635 1141 1151 1161 1171 1181 1191 1201 1561 1570 1579 1588 1597 1606 
10 -2065 91 558 569 580 591 602 613 624 635 1141 1151 1161 1171 1181 1191 1201 1561 1570 1579 1588 1597 1606 
10 -2077 91 558 569 580 591 602 613 624 635 1141 1151 1161 1171 1181 1191 1201 1561 1570 1579 1588 1597 1606 
10 -2089 91 558 569 580 591 602 613 624 635 1141 1151 1161 1171 1181 1191 1201 1561 1570 1579 1588 1597 1606 
10 -2101 136 646 658 670 682 694 706 718 730 1211 1222 1233 1244 1255 1266 1277 1615 1625 1635 1645 1655 1665 1891 1900 1909 1918 1927 
10 -2110 136 646 658 670 682 694 706 718 730 1211 1222 1233 1244 1255 1266 1277 1615 1625 1635 1645 1655 1665 1891 1900 1909 1918 1927 
10 -2119 136 646 658 670 682 694 706 718 730 1211 1222 1233 1244 1255 1266 1277 1615 1625 1635 1645 1655 1665 1891 1900 1909 1918 1927 
10 -2128 136 646 658 670 682 694 706 718 730 1211 1222 1233 1244 1255 1266 1277 1615 1625 1635 1645 1655 1665 1891 1900 1909 1918 1927 
10 -2137 136 646 658 670 682 694 706 718 730 1211 1222 1233 1244 1255 1266 1277 1615 1625 1635 1645 1655 1665 1891 1900 1909 1918 1927 
10 -2147 136 646 658 670 682 694 706 718 730 1211 1222 1233 1244 1255 1266 1277 1615 1625 1635 1645 1655 1665 1891 1900 1909 1918 1927 
10 -2157 136 646 658 670 682 694 706 718 730 1211 1222 1233 1244 1255 1266 1277 1615 1625 1635 1645 1655 1665 1891 1900 1909 1918 1927 
10 -2167 136 646 658 670 682 694 706 718 730 1211 1222 1233 1244 1255 1266 1277 1615 1625 1635 1645 1655 1665 1891 1900 1909 1918 1927 
10 -2177 136 646 658 670 682 694 706 718 730 1211 1222 1233 1244 1255 1266 1277 1615 1625 1635 1645 1655 1665 1891 1900 1909 1918 1927 
10 -2188 136 646 658 670 682 694 706 718 730 1211 1222 1233 1244 1255 1266 1277 1615 1625 1635 1645 1655 1665 1891 1900 1909 1918 1927 
10 -2199 136 646 658 670 682 694 706 718 730 1211 1222 1233 1244 1255 1266 1277 1615 1625 1635 1645 1655 1665 1891 1900 1909 1918 1927 
10 -2210 136 646 658 670 682 694 706 718 730 1211 1222 1233 1244 1255 1266 1277 1615 1625 1635 1645 1655 1665 1891 1900 1909 1918 1927 
10 -2221 190 742 755 768 781 794 807 820 833 1288 1300 1312 1324 1336 1348 1360 1675 1686 1697 1708 1719 1730 1936 1946 1956 1966 1976 2101 2110 2119 2128 
10 -2230 190 742 755 768 781 794 807 820 833 1288 1300 1312 1324 1336 1348 1360 1675 1686 1697 1708 1719 1730 1936 1946 1956 1966 1976 2101 2110 2119 2128 
10 -2239 190 742 755 768 781 794 807 820 833 1288 1300 1312 1324 1336 1348 1360 1675 1686 1697 1708 1719 1730 1936 1946 1956 1966 1976 2101 2110 2119 2128 
10 -2248 190 742 755 768 781 794 807 820 833 1288 1300 1312 1324 1336 1348 1360 1675 1686 1697 1708 1719 1730 1936 1946 1956 1966 1976 2101 2110 2119 2128 
10 -2258 190 742 755 768 781 794 807 820 833 1288 1300 1312 1324 1336 1348 1360 1675 1686 1697 1708 1719 1730 1936 1946 1956 1966 1976 2101 2110 2119 2128 
10 -2268 190 742 755 768 781 794 807 820 833 1288 1300 1312 1324 1336 1348 1360 1675 1686 1697 1708 1719 1730 1936 1946 1956 1966 1976 2101 2110 2119 2128 
10 -2278 253 846 860 874 888 902 916 930 944 1372 1385 1398 1411 1424 1437 1450 1741 1753 1765 1777 1789 1801 1986 1997 2008 2019 2030 2137 2147 2157 2167 2221 2230 2239 
10 -2287 253 846 860 874 888 902 916 930 944 1372 1385 1398 1411 1424 1437 1450 1741 1753 1765 1777 1789 1801 1986 1997 2008 2019 2030 2137 2147 2157 2167 2221 2230 2239 
10 -2296 1 
10 -2298 1 
10 -2300 1 
10 -2302 1 
10 -2304 1 
10 -2306 1 
10 -2308 1 
10 -2310 1 
10 -2312 1 
10 -2314 1 
10 -2317 1 
10 -2320 1 
10 -2323 1 
10 -2326 1 
10 -2329 1 
10 -2332 1 
10 -2335 1 
10 -2338 1 
10 -2341 1 
10 -2345 1 
10 -2349 1 
10 -2353 1 
10 -2357 1 
10 -2361 1 
10 -2365 1 
10 -2369 1 
10 -2373 1 
10 -2377 1 
10 -2382 1 
10 -2387 1 
10 -2392 1 
10 -2397 1 
10 -2402 1 
10 -2407 1 
10 -2412 1 
10 -2417 1 
10 -2422 2296 
10 -2431 2296 
10 -2440 2296 
10 -2449 2296 
10 -2458 2296 
10 -2467 2296 
10 -2476 2296 
10 -2485 2296 
10 -2494 2296 
10 -2504 2296 
10 -2514 2296 
10 -2524 2296 
10 -2534 2296 
10 -2544 2296 
10 -2554 2296 
10 -2564 2296 
10 -2574 2296 
10 -2585 2296 
10 -2596 2296 
10 -2607 2296 
10 -2618 2296 
10 -2629 2296 
10 -2640 2296 
10 -2651 2296 
10 -2662 2314 2422 2431 2440 2449 2458 2467 2476 2485 
10 -2671 2314 2422 2431 2440 2449 2458 2467 2476 2485 
10 -2680 2314 2422 2431 2440 2449 2458 2467 2476 2485 
10 -2689 2314 2422 2431 2440 2449 2458 2467 2476 2485 
10 -2698 2314 2422 2431 2440 2449 2458 2467 2476 2485 
10 -2707 2314 2422 2431 2440 2449 2458 2467 2476 2485 
10 -2716 2314 2422 2431 2440 2449 2458 2467 2476 2485 
10 -2725 2314 2422 2431 2440 2449 2458 2467 2476 2485 
10 -2735 2314 2422 2431 2440 2449 2458 2467 2476 2485 
10 -2745 2314 2422 2431 2440 2449 2458 2467 2476 2485 
10 -2755 2314 2422 2431 2440 2449 2458 2467 2476 2485 
10 -2765 2314 2422 2431 2440 2449 2458 2467 2476 2485 
10 -2775 2314 2422 2431 2440 2449 2458 2467 2476 2485 
10 -2785 2314 2422 2431 2440 2449 2458 2467 2476 2485 
10 -2795 2341 2494 2504 2514 2524 2534 2544 2554 2564 2662 2671 2680 2689 2698 2707 2716 
10 -2804 2341 2494 2504 2514 2524 2534 2544 2554 2564 2662 2671 2680 2689 2698 2707 2716 
10 -2813 2341 2494 2504 2514 2524 2534 2544 2554 2564 2662 2671 2680 2689 2698 2707 2716 
10 -2822 2341 2494 2504 2514 2524 2534 2544 2554 2564 2662 2671 2680 2689 2698 2707 2716 
10 -2831 2341 2494 2504 2514 2524 2534 2544 2554 2564 2662 2671 2680 2689 2698 2707 2716 
10 -2840 2341 2494 2504 2514 2524 2534 2544 2554 2564 2662 2671 2680 2689 2698 2707 2716 
10 -2849 325 334 343 352 361 370 379 388 397 958 973 988 1003 1018 1033 1048 1063 1463 1477 1491 1505 1519 1533 1547 1813 1826 1839 1852 1865 1878 2041 2053 2065 2077 2089 2177 2188 2199 2210 2248 2258 2268 2278 2287 2377 2574 2585 2596 2607 2618 2629 2640 2651 2725 2735 2745 2755 2765 2775 2785 2795 2804 2813 2822 2831 2840 
10 -2850 325 334 343 352 361 370 379 388 397 958 973 988 1003 1018 1033 1048 1063 1463 1477 1491 1505 1519 1533 1547 1813 1826 1839 1852 1865 1878 2041 2053 2065 2077 2089 2177 2188 2199 2210 2248 2258 2268 2278 2287 2377 2574 2585 2596 2607 2618 2629 2640 2651 2725 2735 2745 2755 2765 2775 2785 2795 2804 2813 2822 2831 2840 
10 -2851 325 334 343 352 361 370 379 388 397 958 973 988 1003 1018 1033 1048 1063 1463 1477 1491 1505 1519 1533 1547 1813 1826 1839 1852 1865 1878 2041 2053 2065 2077 2089 2177 2188 2199 2210 2248 2258 2268 2278 2287 2377 2574 2585 2596 2607 2618 2629 2640 2651 2725 2735 2745 2755 2765 2775 2785 2795 2804 2813 2822 2831 2840 
10 -2852 325 334 343 352 361 370 379 388 397 958 973 988 1003 1018 1033 1048 1063 1463 1477 1491 1505 1519 1533 1547 1813 1826 1839 1852 1865 1878 2041 2053 2065 2077 2089 2177 2188 2199 2210 2248 2258 2268 2278 2287 2377 2574 2585 2596 2607 2618 2629 2640 2651 2725 2735 2745 2755 2765 2775 2785 2795 2804 2813 2822 2831 2840 
10 -2853 325 334 343 352 361 370 379 388 397 958 973 988 1003 1018 1033 1048 1063 1463 1477 1491 1505 1519 1533 1547 1813 1826 1839 1852 1865 1878 2041 2053 2065 2077 2089 2177 2188 2199 2210 2248 2258 2268 2278 2287 2377 2574 2585 2596 2607 2618 2629 2640 2651 2725 2735 2745 2755 2765 2775 2785 2795 2804 2813 2822 2831 2840 
10 10 12 14 16 18 20 22 24 26 28 31 34 37 40 43 46 49 52 55 59 63 67 71 75 79 83 87 91 96 101 106 111 116 121 126 131 136 142 148 154 160 166 172 178 184 190 197 204 211 218 225 232 239 246 253 261 269 277 285 293 301 309 317 325 334 343 352 361 370 379 388 397 
10 10 12 14 16 18 20 22 24 26 28 31 34 37 40 43 46 49 52 55 59 63 67 71 75 79 83 87 91 96 101 106 111 116 121 126 131 136 142 148 154 160 166 172 178 184 190 197 204 211 218 225 232 239 246 253 261 269 277 285 293 301 309 317 325 334 343 352 361 370 379 388 397 406 415 424 433 442 451 460 469 478 488 498 508 518 528 538 548 558 569 580 591 602 613 624 635 646 658 670 682 694 706 718 730 742 755 768 781 794 807 820 833 846 860 874 888 902 916 930 944 958 973 988 1003 1018 1033 1048 1063 
10 28 31 34 37 40 43 46 49 52 55 59 63 67 71 75 79 83 87 91 96 101 106 111 116 121 126 131 136 142 148 154 160 166 172 178 184 190 197 204 211 218 225 232 239 246 253 261 269 277 285 293 301 309 317 325 334 343 352 361 370 379 388 397 406 415 424 433 442 451 460 469 478 488 498 508 518 528 538 548 558 569 580 591 602 613 624 635 646 658 670 682 694 706 718 730 742 755 768 781 794 807 820 833 846 860 874 888 902 916 930 944 958 973 988 1003 1018 1033 1048 1063 1078 1087 1096 1105 1114 1123 1132 1141 1151 1161 1171 1181 1191 1201 1211 1222 1233 1244 1255 1266 1277 1288 1300 1312 1324 1336 1348 1360 1372 1385 1398 1411 1424 1437 1450 1463 1477 1491 1505 1519 1533 1547 
10 55 59 63 67 71 75 79 83 87 91 96 101 106 111 116 121 126 131 136 142 148 154 160 166 172 178 184 190 197 204 211 218 225 232 239 246 253 261 269 277 285 293 301 309 317 325 334 343 352 361 370 379 388 397 406 415 424 433 442 451 460 469 478 488 498 508 518 528 538 548 558 569 580 591 602 613 624 635 646 658 670 682 694 706 718 730 742 755 768 781 794 807 820 833 846 860 874 888 902 916 930 944 958 973 988 1003 1018 1033 1048 1063 1078 1087 1096 1105 1114 1123 1132 1141 1151 1161 1171 1181 1191 1201 1211 1222 1233 1244 1255 1266 1277 1288 1300 1312 1324 1336 1348 1360 1372 1385 1398 1411 1424 1437 1450 1463 1477 1491 1505 1519 1533 1547 1561 1570 1579 1588 1597 1606 1615 1625 1635 1645 1655 1665 1675 1686 1697 1708 1719 1730 1741 1753 1765 1777 1789 1801 1813 1826 1839 1852 1865 1878 
10 91 96 101 106 111 116 121 126 131 136 142 148 154 160 166 172 178 184 190 197 204 211 218 225 232 239 246 253 261 269 277 285 293 301 309 317 325 334 343 352 361 370 379 388 397 406 415 424 433 442 451 460 469 478 488 498 508 518 528 538 548 558 569 580 591 602 613 624 635 646 658 670 682 694 706 718 730 742 755 768 781 794 807 820 833 846 860 874 888 902 916 930 944 958 973 988 1003 1018 1033 1048 1063 1078 1087 1096 1105 1114 1123 1132 1141 1151 1161 1171 1181 1191 1201 1211 1222 1233 1244 1255 1266 1277 1288 1300 1312 1324 1336 1348 1360 1372 1385 1398 1411 1424 1437 1450 1463 1477 1491 1505 1519 1533 1547 1561 1570 1579 1588 1597 1606 1615 1625 1635 1645 1655 1665 1675 1686 1697 1708 1719 1730 1741 1753 1765 1777 1789 1801 1813 1826 1839 1852 1865 1878 1891 1900 1909 1918 1927 1936 1946 1956 1966 1976 1986 1997 2008 2019 2030 2041 2053 2065 2077 2089 
10 136 142 148 154 160 166 172 178 184 190 197 204 211 218 225 232 239 246 253 261 269 277 285 293 301 309 317 325 334 343 352 361 370 379 388 397 406 415 424 433 442 451 460 469 478 488 498 508 518 528 538 548 558 569 580 591 602 613 624 635 646 658 670 682 694 706 718 730 742 755 768 781 794 807 820 833 846 860 874 888 902 916 930 944 958 973 988 1003 1018 1033 1048 1063 1078 1087 1096 1105 1114 1123 1132 1141 1151 1161 1171 1181 1191 1201 1211 1222 1233 1244 1255 1266 1277 1288 1300 1312 1324 1336 1348 1360 1372 1385 1398 1411 1424 1437 1450 1463 1477 1491 1505 1519 1533 1547 1561 1570 1579 1588 1597 1606 1615 1625 1635 1645 1655 1665 1675 1686 1697 1708 1719 1730 1741 1753 1765 1777 1789 1801 1813 1826 1839 1852 1865 1878 1891 1900 1909 1918 1927 1936 1946 1956 1966 1976 1986 1997 2008 2019 2030 2041 2053 2065 2077 2089 2101 2110 2119 2128 2137 2147 2157 2167 2177 2188 2199 2210 
10 190 197 204 211 218 225 232 239 246 253 261 269 277 285 293 301 309 317 325 334 343 352 361 370 379 388 397 406 415 424 433 442 451 460 469 478 488 498 508 518 528 538 548 558 569 580 591 602 613 624 635 646 658 670 682 694 706 718 730 742 755 768 781 794 807 820 833 846 860 874 888 902 916 930 944 958 973 988 1003 1018 1033 1048 1063 1078 1087 1096 1105 1114 1123 1132 1141 1151 1161 1171 1181 1191 1201 1211 1222 1233 1244 1255 1266 1277 1288 1300 1312 1324 1336 1348 1360 1372 1385 1398 1411 1424 1437 1450 1463 1477 1491 1505 1519 1533 1547 1561 1570 1579 1588 1597 1606 1615 1625 1635 1645 1655 1665 1675 1686 1697 1708 1719 1730 1741 1753 1765 1777 1789 1801 1813 1826 1839 1852 1865 1878 1891 1900 1909 1918 1927 1936 1946 1956 1966 1976 1986 1997 2008 2019 2030 2041 2053 2065 2077 2089 2101 2110 2119 2128 2137 2147 2157 2167 2177 2188 2199 2210 2221 2230 2239 2248 2258 2268 
10 253 261 269 277 285 293 301 309 317 325 334 343 352 361 370 379 388 397 406 415 424 433 442 451 460 469 478 488 498 508 518 528 538 548 558 569 580 591 602 613 624 635 646 658 670 682 694 706 718 730 742 755 768 781 794 807 820 833 846 860 874 888 902 916 930 944 958 973 988 1003 1018 1033 1048 1063 1078 1087 1096 1105 1114 1123 1132 1141 1151 1161 1171 1181 1191 1201 1211 1222 1233 1244 1255 1266 1277 1288 1300 1312 1324 1336 1348 1360 1372 1385 1398 1411 1424 1437 1450 1463 1477 1491 1505 1519 1533 1547 1561 1570 1579 1588 1597 1606 1615 1625 1635 1645 1655 1665 1675 1686 1697 1708 1719 1730 1741 1753 1765 1777 1789 1801 1813 1826 1839 1852 1865 1878 1891 1900 1909 1918 1927 1936 1946 1956 1966 1976 1986 1997 2008 2019 2030 2041 2053 2065 2077 2089 2101 2110 2119 2128 2137 2147 2157 2167 2177 2188 2199 2210 2221 2230 2239 2248 2258 2268 2278 2287 
10 2296 2298 2300 2302 2304 2306 2308 2310 2312 2314 2317 2320 2323 2326 2329 2332 2335 2338 2341 2345 2349 2353 2357 2361 2365 2369 2373 2377 2382 2387 2392 2397 2402 2407 2412 2417 
10 2296 2298 2300 2302 2304 2306 2308 2310 2312 2314 2317 2320 2323 2326 2329 2332 2335 2338 2341 2345 2349 2353 2357 2361 2365 2369 2373 2377 2382 2387 2392 2397 2402 2407 2412 2417 2422 2431 2440 2449 2458 2467 2476 2485 2494 2504 2514 2524 2534 2544 2554 2564 2574 2585 2596 2607 2618 2629 2640 2651 
10 2314 2317 2320 2323 2326 2329 2332 2335 2338 2341 2345 2349 2353 2357 2361 2365 2369 2373 2377 2382 2387 2392 2397 2402 2407 2412 2417 2422 2431 2440 2449 2458 2467 2476 2485 2494 2504 2514 2524 2534 2544 2554 2564 2574 2585 2596 2607 2618 2629 2640 2651 2662 2671 2680 2689 2698 2707 2716 2725 2735 2745 2755 2765 2775 2785 
10 2341 2345 2349 2353 2357 2361 2365 2369 2373 2377 2382 2387 2392 2397 2402 2407 2412 2417 2422 2431 2440 2449 2458 2467 2476 2485 2494 2504 2514 2524 2534 2544 2554 2564 2574 2585 2596 2607 2618 2629 2640 2651 2662 2671 2680 2689 2698 2707 2716 2725 2735 2745 2755 2765 2775 2785 2795 2804 2813 2822 2831 2840 
10 -10 11 
10 -12 13 
10 -14 15 
10 -16 17 
10 -18 19 
10 -20 21 
10 -22 23 
10 -24 25 
10 -26 27 
10 -28 29 
10 -28 30 
10 -31 32 
10 -31 33 
10 -34 35 
10 -34 36 
10 -37 38 
10 -37 39 
10 -40 41 
10 -40 42 
10 -43 44 
10 -43 45 
10 -46 47 
10 -46 48 
10 -49 50 
10 -49 51 
10 -52 53 
10 -52 54 
10 -55 56 
10 -55 57 
10 -55 58 
10 -59 60 
10 -59 61 
10 -59 62 
10 -63 64 
10 -63 65 
10 -63 66 
10 -67 68 
10 -67 69 
10 -67 70 
10 -71 72 
10 -71 73 
10 -71 74 
10 -75 76 
10 -75 77 
10 -75 78 
10 -79 80 
10 -79 81 
10 -79 82 
10 -83 84 
10 -83 85 
10 -83 86 
10 -87 88 
10 -87 89 
10 -87 90 
10 -91 92 
10 -91 93 
10 -91 94 
10 -91 95 
10 -96 97 
10 -96 98 
10 -96 99 
10 -96 100 
10 -101 102 
10 -101 103 
10 -101 104 
10 -101 105 
10 -106 107 
10 -106 108 
10 -106 109 
10 -106 110 
10 -111 112 
10 -111 113 
10 -111 114 
10 -111 115 
10 -116 117 
10 -116 118 
10 -116 119 
10 -116 120 
10 -121 122 
10 -121 123 
10 -121 124 
10 -121 125 
10 -126 127 
10 -126 128 
10 -126 129 
10 -126 130 
10 -131 132 
10 -131 133 
10 -131 134 
10 -131 135 
10 -136 137 
10 -136 138 
10 -136 139 
10 -136 140 
10 -136 141 
10 -142 143 
10 -142 144 
10 -142 145 
10 -142 146 
10 -142 147 
10 -148 149 
10 -148 150 
10 -148 151 
10 -148 152 
10 -148 153 
10 -154 155 
10 -154 156 
10 -154 157 
10 -154 158 
10 -154 159 
10 -160 161 
10 -160 162 
10 -160 163 
10 -160 164 
10 -160 165 
10 -166 167 
10 -166 168 
10 -166 169 
10 -166 170 
10 -166 171 
10 -172 173 
10 -172 174 
10 -172 175 
10 -172 176 
10 -172 177 
10 -178 179 
10 -178 180 
10 -178 181 
10 -178 182 
10 -178 183 
10 -184 185 
10 -184 186 
10 -184 187 
10 -184 188 
10 -184 189 
10 -190 191 
10 -190 192 
10 -190 193 
10 -190 194 
10 -190 195 
10 -190 196 
10 -197 198 
10 -197 199 
10 -197 200 
10 -197 201 
10 -197 202 
10 -197 203 
10 -204 205 
10 -204 206 
10 -204 207 
10 -204 208 
10 -204 209 
10 -204 210 
10 -211 212 
10 -211 213 
10 -211 214 
10 -211 215 
10 -211 216 
10 -211 217 
10 -218 219 
10 -218 220 
10 -218 221 
10 -218 222 
10 -218 223 
10 -218 224 
10 -225 226 
10 -225 227 
10 -225 228 
10 -225 229 
10 -225 230 
10 -225 231 
10 -232 233 
10 -232 234 
10 -232 235 
10 -232 236 
10 -232 237 
10 -232 238 
10 -239 240 
10 -239 241 
10 -239 242 
10 -239 243 
10 -239 244 
10 -239 245 
10 -246 247 
10 -246 248 
10 -246 249 
10 -246 250 
10 -246 251 
10 -246 252 
10 -253 254 
10 -253 255 
10 -253 256 
10 -253 257 
10 -253 258 
10 -253 259 
10 -253 260 
10 -261 262 
10 -261 263 
10 -261 264 
10 -261 265 
10 -261 266 
10 -261 267 
10 -261 268 
10 -269 270 
10 -269 271 
10 -269 272 
10 -269 273 
10 -269 274 
10 -269 275 
10 -269 276 
10 -277 278 
10 -277 279 
10 -277 280 
10 -277 281 
10 -277 282 
10 -277 283 
10 -277 284 
10 -285 286 
10 -285 287 
10 -285 288 
10 -285 289 
10 -285 290 
10 -285 291 
10 -285 292 
10 -293 294 
10 -293 295 
10 -293 296 
10 -293 297 
10 -293 298 
10 -293 299 
10 -293 300 
10 -301 302 
10 -301 303 
10 -301 304 
10 -301 305 
10 -301 306 
10 -301 307 
10 -301 308 
10 -309 310 
10 -309 311 
10 -309 312 
10 -309 313 
10 -309 314 
10 -309 315 
10 -309 316 
10 -317 318 
10 -317 319 
10 -317 320 
10 -317 321 
10 -317 322 
10 -317 323 
10 -317 324 
10 -325 326 
10 -325 327 
10 -325 328 
10 -325 329 
10 -325 330 
10 -325 331 
10 -325 332 
10 -325 333 
10 -334 335 
10 -334 336 
10 -334 337 
10 -334 338 
10 -334 339 
10 -334 340 
10 -334 341 
10 -334 342 
10 -343 344 
10 -343 345 
10 -343 346 
10 -343 347 
10 -343 348 
10 -343 349 
10 -343 350 
10 -343 351 
10 -352 353 
10 -352 354 
10 -352 355 
10 -352 356 
10 -352 357 
10 -352 358 
10 -352 359 
10 -352 360 
10 -361 362 
10 -361 363 
10 -361 364 
10 -361 365 
10 -361 366 
10 -361 367 
10 -361 368 
10 -361 369 
10 -370 371 
10 -370 372 
10 -370 373 
10 -370 374 
10 -370 375 
10 -370 376 
10 -370 377 
10 -370 378 
10 -379 380 
10 -379 381 
10 -379 382 
10 -379 383 
10 -379 384 
10 -379 385 
10 -379 386 
10 -379 387 
10 -388 389 
10 -388 390 
10 -388 391 
10 -388 392 
10 -388 393 
10 -388 394 
10 -388 395 
10 -388 396 
10 -397 398 
10 -397 399 
10 -397 400 
10 -397 401 
10 -397 402 
10 -397 403 
10 -397 404 
10 -397 405 
10 -406 407 
10 -406 408 
10 -406 409 
10 -406 410 
10 -406 411 
10 -406 412 
10 -406 413 
10 -406 414 
10 -415 416 
10 -415 417 
10 -415 418 
10 -415 419 
10 -415 420 
10 -415 421 
10 -415 422 
10 -415 423 
10 -424 425 
10 -424 426 
10 -424 427 
10 -424 428 
10 -424 429 
10 -424 430 
10 -424 431 
10 -424 432 
10 -433 434 
10 -433 435 
10 -433 436 
10 -433 437 
10 -433 438 
10 -433 439 
10 -433 440 
10 -433 441 
10 -442 443 
10 -442 444 
10 -442 445 
10 -442 446 
10 -442 447 
10 -442 448 
10 -442 449 
10 -442 450 
10 -451 452 
10 -451 453 
10 -451 454 
10 -451 455 
10 -451 456 
10 -451 457 
10 -451 458 
10 -451 459 
10 -460 461 
10 -460 462 
10 -460 463 
10 -460 464 
10 -460 465 
10 -460 466 
10 -460 467 
10 -460 468 
10 -469 470 
10 -469 471 
10 -469 472 
10 -469 473 
10 -469 474 
10 -469 475 
10 -469 476 
10 -469 477 
10 -478 479 
10 -478 480 
10 -478 481 
10 -478 482 
10 -478 483 
10 -478 484 
10 -478 485 
10 -478 486 
10 -478 487 
10 -488 489 
10 -488 490 
10 -488 491 
10 -488 492 
10 -488 493 
10 -488 494 
10 -488 495 
10 -488 496 
10 -488 497 
10 -498 499 
10 -498 500 
10 -498 501 
10 -498 502 
10 -498 503 
10 -498 504 
10 -498 505 
10 -498 506 
10 -498 507 
10 -508 509 
10 -508 510 
10 -508 511 
10 -508 512 
10 -508 513 
10 -508 514 
10 -508 515 
10 -508 516 
10 -508 517 
10 -518 519 
10 -518 520 
10 -518 521 
10 -518 522 
10 -518 523 
10 -518 524 
10 -518 525 
10 -518 526 
10 -518 527 
10 -528 529 
10 -528 530 
10 -528 531 
10 -528 532 
10 -528 533 
10 -528 534 
10 -528 535 
10 -528 536 
10 -528 537 
10 -538 539 
10 -538 540 
10 -538 541 
10 -538 542 
10 -538 543 
10 -538 544 
10 -538 545 
10 -538 546 
10 -538 547 
10 -548 549 
10 -548 550 
10 -548 551 
10 -548 552 
10 -548 553 
10 -548 554 
10 -548 555 
10 -548 556 
10 -548 557 
10 -558 559 
10 -558 560 
10 -558 561 
10 -558 562 
10 -558 563 
10 -558 564 
10 -558 565 
10 -558 566 
10 -558 567 
10 -558 568 
10 -569 570 
10 -569 571 
10 -569 572 
10 -569 573 
10 -569 574 
10 -569 575 
10 -569 576 
10 -569 577 
10 -569 578 
10 -569 579 
10 -580 581 
10 -580 582 
10 -580 583 
10 -580 584 
10 -580 585 
10 -580 586 
10 -580 587 
10 -580 588 
10 -580 589 
10 -580 590 
10 -591 592 
10 -591 593 
10 -591 594 
10 -591 595 
10 -591 596 
10 -591 597 
10 -591 598 
10 -591 599 
10 -591 600 
10 -591 601 
10 -602 603 
10 -602 604 
10 -602 605 
10 -602 606 
10 -602 607 
10 -602 608 
10 -602 609 
10 -602 610 
10 -602 611 
10 -602 612 
10 -613 614 
10 -613 615 
10 -613 616 
10 -613 617 
10 -613 618 
10 -613 619 
10 -613 620 
10 -613 621 
10 -613 622 
10 -613 623 
10 -624 625 
10 -624 626 
10 -624 627 
10 -624 628 
10 -624 629 
10 -624 630 
10 -624 631 
10 -624 632 
10 -624 633 
10 -624 634 
10 -635 636 
10 -635 637 
10 -635 638 
10 -635 639 
10 -635 640 
10 -635 641 
10 -635 642 
10 -635 643 
10 -635 644 
10 -635 645 
10 -646 647 
10 -646 648 
10 -646 649 
10 -646 650 
10 -646 651 
10 -646 652 
10 -646 653 
10 -646 654 
10 -646 655 
10 -646 656 
10 -646 657 
10 -658 659 
10 -658 660 
10 -658 661 
10 -658 662 
10 -658 663 
10 -658 664 
10 -658 665 
10 -658 666 
10 -658 667 
10 -658 668 
10 -658 669 
10 -670 671 
10 -670 672 
10 -670 673 
10 -670 674 
10 -670 675 
10 -670 676 
10 -670 677 
10 -670 678 
10 -670 679 
10 -670 680 
10 -670 681 
10 -682 683 
10 -682 684 
10 -682 685 
10 -682 686 
10 -682 687 
10 -682 688 
10 -682 689 
10 -682 690 
10 -682 691 
10 -682 692 
10 -682 693 
10 -694 695 
10 -694 696 
10 -694 697 
10 -694 698 
10 -694 699 
10 -694 700 
10 -694 701 
10 -694 702 
10 -694 703 
10 -694 704 
10 -694 705 
10 -706 707 
10 -706 708 
10 -706 709 
10 -706 710 
10 -706 711 
10 -706 712 
10 -706 713 
10 -706 714 
10 -706 715 
10 -706 716 
10 -706 717 
10 -718 719 
10 -718 720 
10 -718 721 
10 -718 722 
10 -718 723 
10 -718 724 
10 -718 725 
10 -718 726 
10 -718 727 
10 -718 728 
10 -718 729 
10 -730 731 
10 -730 732 
10 -730 733 
10 -730 734 
10 -730 735 
10 -730 736 
10 -730 737 
10 -730 738 
10 -730 739 
10 -730 740 
10 -730 741 
10 -742 743 
10 -742 744 
10 -742 745 
10 -742 746 
10 -742 747 
10 -742 748 
10 -742 749 
10 -742 750 
10 -742 751 
10 -742 752 
10 -742 753 
10 -742 754 
10 -755 756 
10 -755 757 
10 -755 758 
10 -755 759 
10 -755 760 
10 -755 761 
10 -755 762 
10 -755 763 
10 -755 764 
10 -755 765 
10 -755 766 
10 -755 767 
10 -768 769 
10 -768 770 
10 -768 771 
10 -768 772 
10 -768 773 
10 -768 774 
10 -768 775 
10 -768 776 
10 -768 777 
10 -768 778 
10 -768 779 
10 -768 780 
10 -781 782 
10 -781 783 
10 -781 784 
10 -781 785 
10 -781 786 
10 -781 787 
10 -781 788 
10 -781 789 
10 -781 790 
10 -781 791 
10 -781 792 
10 -781 793 
10 -794 795 
10 -794 796 
10 -794 797 
10 -794 798 
10 -794 799 
10 -794 800 
10 -794 801 
10 -794 802 
10 -794 803 
10 -794 804 
10 -794 805 
10 -794 806 
10 -807 808 
10 -807 809 
10 -807 810 
10 -807 811 
10 -807 812 
10 -807 813 
10 -807 814 
10 -807 815 
10 -807 816 
10 -807 817 
10 -807 818 
10 -807 819 
10 -820 821 
10 -820 822 
10 -820 823 
10 -820 824 
10 -820 825 
10 -820 826 
10 -820 827 
10 -820 828 
10 -820 829 
10 -820 830 
10 -820 831 
10 -820 832 
10 -833 834 
10 -833 835 
10 -833 836 
10 -833 837 
10 -833 838 
10 -833 839 
10 -833 840 
10 -833 841 
10 -833 842 
10 -833 843 
10 -833 844 
10 -833 845 
10 -846 847 
10 -846 848 
10 -846 849 
10 -846 850 
10 -846 851 
10 -846 852 
10 -846 853 
10 -846 854 
10 -846 855 
10 -846 856 
10 -846 857 
10 -846 858 
10 -846 859 
10 -860 861 
10 -860 862 
10 -860 863 
10 -860 864 
10 -860 865 
10 -860 866 
10 -860 867 
10 -860 868 
10 -860 869 
10 -860 870 
10 -860 871 
10 -860 872 
10 -860 873 
10 -874 875 
10 -874 876 
10 -874 877 
10 -874 878 
10 -874 879 
10 -874 880 
10 -874 881 
10 -874 882 
10 -874 883 
10 -874 884 
10 -874 885 
10 -874 886 
10 -874 887 
10 -888 889 
10 -888 890 
10 -888 891 
10 -888 892 
10 -888 893 
10 -888 894 
10 -888 895 
10 -888 896 
10 -888 897 
10 -888 898 
10 -888 899 
10 -888 900 
10 -888 901 
10 -902 903 
10 -902 904 
10 -902 905 
10 -902 906 
10 -902 907 
10 -902 908 
10 -902 909 
10 -902 910 
10 -902 911 
10 -902 912 
10 -902 913 
10 -902 914 
10 -902 915 
10 -916 917 
10 -916 918 
10 -916 919 
10 -916 920 
10 -916 921 
10 -916 922 
10 -916 923 
10 -916 924 
10 -916 925 
10 -916 926 
10 -916 927 
10 -916 928 
10 -916 929 
10 -930 931 
10 -930 932 
10 -930 933 
10 -930 934 
10 -930 935 
10 -930 936 
10 -930 937 
10 -930 938 
10 -930 939 
10 -930 940 
10 -930 941 
10 -930 942 
10 -930 943 
10 -944 945 
10 -944 946 
10 -944 947 
10 -944 948 
10 -944 949 
10 -944 950 
10 -944 951 
10 -944 952 
10 -944 953 
10 -944 954 
10 -944 955 
10 -944 956 
10 -944 957 
10 -958 959 
10 -958 960 
10 -958 961 
10 -958 962 
10 -958 963 
10 -958 964 
10 -958 965 
10 -958 966 
10 -958 967 
10 -958 968 
10 -958 969 
10 -958 970 
10 -958 971 
10 -958 972 
10 -973 974 
10 -973 975 
10 -973 976 
10 -973 977 
10 -973 978 
10 -973 979 
10 -973 980 
10 -973 981 
10 -973 982 
10 -973 983 
10 -973 984 
10 -973 985 
10 -973 986 
10 -973 987 
10 -988 989 
10 -988 990 
10 -988 991 
10 -988 992 
10 -988 993 
10 -988 994 
10 -988 995 
10 -988 996 
10 -988 997 
10 -988 998 
10 -988 999 
10 -988 1000 
10 -988 1001 
10 -988 1002 
10 -1003 1004 
10 -1003 1005 
10 -1003 1006 
10 -1003 1007 
10 -1003 1008 
10 -1003 1009 
10 -1003 1010 
10 -1003 1011 
10 -1003 1012 
10 -1003 1013 
10 -1003 1014 
10 -1003 1015 
10 -1003 1016 
10 -1003 1017 
10 -1018 1019 
10 -1018 1020 
10 -1018 1021 
10 -1018 1022 
10 -1018 1023 
10 -1018 1024 
10 -1018 1025 
10 -1018 1026 
10 -1018 1027 
10 -1018 1028 
10 -1018 1029 
10 -1018 1030 
10 -1018 1031 
10 -1018 1032 
10 -1033 1034 
10 -1033 1035 
10 -1033 1036 
10 -1033 1037 
10 -1033 1038 
10 -1033 1039 
10 -1033 1040 
10 -1033 1041 
10 -1033 1042 
10 -1033 1043 
10 -1033 1044 
10 -1033 1045 
10 -1033 1046 
10 -1033 1047 
10 -1048 1049 
10 -1048 1050 
10 -1048 1051 
10 -1048 1052 
10 -1048 1053 
10 -1048 1054 
10 -1048 1055 
10 -1048 1056 
10 -1048 1057 
10 -1048 1058 
10 -1048 1059 
10 -1048 1060 
10 -1048 1061 
10 -1048 1062 
10 -1063 1064 
10 -1063 1065 
10 -1063 1066 
10 -1063 1067 
10 -1063 1068 
10 -1063 1069 
10 -1063 1070 
10 -1063 1071 
10 -1063 1072 
10 -1063 1073 
10 -1063 1074 
10 -1063 1075 
10 -1063 1076 
10 -1063 1077 
10 -1078 1079 
10 -1078 1080 
10 -1078 1081 
10 -1078 1082 
10 -1078 1083 
10 -1078 1084 
10 -1078 1085 
10 -1078 1086 
10 -1087 1088 
10 -1087 1089 
10 -1087 1090 
10 -1087 1091 
10 -1087 1092 
10 -1087 1093 
10 -1087 1094 
10 -1087 1095 
10 -1096 1097 
10 -1096 1098 
10 -1096 1099 
10 -1096 1100 
10 -1096 1101 
10 -1096 1102 
10 -1096 1103 
10 -1096 1104 
10 -1105 1106 
10 -1105 1107 
10 -1105 1108 
10 -1105 1109 
10 -1105 1110 
10 -1105 1111 
10 -1105 1112 
10 -1105 1113 
10 -1114 1115 
10 -1114 1116 
10 -1114 1117 
10 -1114 1118 
10 -1114 1119 
10 -1114 1120 
10 -1114 1121 
10 -1114 1122 
10 -1123 1124 
10 -1123 1125 
10 -1123 1126 
10 -1123 1127 
10 -1123 1128 
10 -1123 1129 
10 -1123 1130 
10 -1123 1131 
10 -1132 1133 
10 -1132 1134 
10 -1132 1135 
10 -1132 1136 
10 -1132 1137 
10 -1132 1138 
10 -1132 1139 
10 -1132 1140 
10 -1141 1142 
10 -1141 1143 
10 -1141 1144 
10 -1141 1145 
10 -1141 1146 
10 -1141 1147 
10 -1141 1148 
10 -1141 1149 
10 -1141 1150 
10 -1151 1152 
10 -1151 1153 
10 -1151 1154 
10 -1151 1155 
10 -1151 1156 
10 -1151 1157 
10 -1151 1158 
10 -1151 1159 
10 -1151 1160 
10 -1161 1162 
10 -1161 1163 
10 -1161 1164 
10 -1161 1165 
10 -1161 1166 
10 -1161 1167 
10 -1161 1168 
10 -1161 1169 
10 -1161 1170 
10 -1171 1172 
10 -1171 1173 
10 -1171 1174 
10 -1171 1175 
10 -1171 1176 
10 -1171 1177 
10 -1171 1178 
10 -1171 1179 
10 -1171 1180 
10 -1181 1182 
10 -1181 1183 
10 -1181 1184 
10 -1181 1185 
10 -1181 1186 
10 -1181 1187 
10 -1181 1188 
10 -1181 1189 
10 -1181 1190 
10 -1191 1192 
10 -1191 1193 
10 -1191 1194 
10 -1191 1195 
10 -1191 1196 
10 -1191 1197 
10 -1191 1198 
10 -1191 1199 
10 -1191 1200 
10 -1201 1202 
10 -1201 1203 
10 -1201 1204 
10 -1201 1205 
10 -1201 1206 
10 -1201 1207 
10 -1201 1208 
10 -1201 1209 
10 -1201 1210 
10 -1211 1212 
10 -1211 1213 
10 -1211 1214 
10 -1211 1215 
10 -1211 1216 
10 -1211 1217 
10 -1211 1218 
10 -1211 1219 
10 -1211 1220 
10 -1211 1221 
10 -1222 1223 
10 -1222 1224 
10 -1222 1225 
10 -1222 1226 
10 -1222 1227 
10 -1222 1228 
10 -1222 1229 
10 -1222 1230 
10 -1222 1231 
10 -1222 1232 
10 -1233 1234 
10 -1233 1235 
10 -1233 1236 
10 -1233 1237 
10 -1233 1238 
10 -1233 1239 
10 -1233 1240 
10 -1233 1241 
10 -1233 1242 
10 -1233 1243 
10 -1244 1245 
10 -1244 1246 
10 -1244 1247 
10 -1244 1248 
10 -1244 1249 
10 -1244 1250 
10 -1244 1251 
10 -1244 1252 
10 -1244 1253 
10 -1244 1254 
10 -1255 1256 
10 -1255 1257 
10 -1255 1258 
10 -1255 1259 
10 -1255 1260 
10 -1255 1261 
10 -1255 1262 
10 -1255 1263 
10 -1255 1264 
10 -1255 1265 
10 -1266 1267 
10 -1266 1268 
10 -1266 1269 
10 -1266 1270 
10 -1266 1271 
10 -1266 1272 
10 -1266 1273 
10 -1266 1274 
10 -1266 1275 
10 -1266 1276 
10 -1277 1278 
10 -1277 1279 
10 -1277 1280 
10 -1277 1281 
10 -1277 1282 
10 -1277 1283 
10 -1277 1284 
10 -1277 1285 
10 -1277 1286 
10 -1277 1287 
10 -1288 1289 
10 -1288 1290 
10 -1288 1291 
10 -1288 1292 
10 -1288 1293 
10 -1288 1294 
10 -1288 1295 
10 -1288 1296 
10 -1288 1297 
10 -1288 1298 
10 -1288 1299 
10 -1300 1301 
10 -1300 1302 
10 -1300 1303 
10 -1300 1304 
10 -1300 1305 
10 -1300 1306 
10 -1300 1307 
10 -1300 1308 
10 -1300 1309 
10 -1300 1310 
10 -1300 1311 
10 -1312 1313 
10 -1312 1314 
10 -1312 1315 
10 -1312 1316 
10 -1312 1317 
10 -1312 1318 
10 -1312 1319 
10 -1312 1320 
10 -1312 1321 
10 -1312 1322 
10 -1312 1323 
10 -1324 1325 
10 -1324 1326 
10 -1324 1327 
10 -1324 1328 
10 -1324 1329 
10 -1324 1330 
10 -1324 1331 
10 -1324 1332 
10 -1324 1333 
10 -1324 1334 
10 -1324 1335 
10 -1336 1337 
10 -1336 1338 
10 -1336 1339 
10 -1336 1340 
10 -1336 1341 
10 -1336 1342 
10 -1336 1343 
10 -1336 1344 
10 -1336 1345 
10 -1336 1346 
10 -1336 1347 
10 -1348 1349 
10 -1348 1350 
10 -1348 1351 
10 -1348 1352 
10 -1348 1353 
10 -1348 1354 
10 -1348 1355 
10 -1348 1356 
10 -1348 1357 
10 -1348 1358 
10 -1348 1359 
10 -1360 1361 
10 -1360 1362 
10 -1360 1363 
10 -1360 1364 
10 -1360 1365 
10 -1360 1366 
10 -1360 1367 
10 -1360 1368 
10 -1360 1369 
10 -1360 1370 
10 -1360 1371 
10 -1372 1373 
10 -1372 1374 
10 -1372 1375 
10 -1372 1376 
10 -1372 1377 
10 -1372 1378 
10 -1372 1379 
10 -1372 1380 
10 -1372 1381 
10 -1372 1382 
10 -1372 1383 
10 -1372 1384 
10 -1385 1386 
10 -1385 1387 
10 -1385 1388 
10 -1385 1389 
10 -1385 1390 
10 -1385 1391 
10 -1385 1392 
10 -1385 1393 
10 -1385 1394 
10 -1385 1395 
10 -1385 1396 
10 -1385 1397 
10 -1398 1399 
10 -1398 1400 
10 -1398 1401 
10 -1398 1402 
10 -1398 1403 
10 -1398 1404 
10 -1398 1405 
10 -1398 1406 
10 -1398 1407 
10 -1398 1408 
10 -1398 1409 
10 -1398 1410 
10 -1411 1412 
10 -1411 1413 
10 -1411 1414 
10 -1411 1415 
10 -1411 1416 
10 -1411 1417 
10 -1411 1418 
10 -1411 1419 
10 -1411 1420 
10 -1411 1421 
10 -1411 1422 
10 -1411 1423 
10 -1424 1425 
10 -1424 1426 
10 -1424 1427 
10 -1424 1428 
10 -1424 1429 
10 -1424 1430 
10 -1424 1431 
10 -1424 1432 
10 -1424 1433 
10 -1424 1434 
10 -1424 1435 
10 -1424 1436 
10 -1437 1438 
10 -1437 1439 
10 -1437 1440 
10 -1437 1441 
10 -1437 1442 
10 -1437 1443 
10 -1437 1444 
10 -1437 1445 
10 -1437 1446 
10 -1437 1447 
10 -1437 1448 
10 -1437 1449 
10 -1450 1451 
10 -1450 1452 
10 -1450 1453 
10 -1450 1454 
10 -1450 1455 
10 -1450 1456 
10 -1450 1457 
10 -1450 1458 
10 -1450 1459 
10 -1450 1460 
10 -1450 1461 
10 -1450 1462 
10 -1463 1464 
10 -1463 1465 
10 -1463 1466 
10 -1463 1467 
10 -1463 1468 
10 -1463 1469 
10 -1463 1470 
10 -1463 1471 
10 -1463 1472 
10 -1463 1473 
10 -1463 1474 
10 -1463 1475 
10 -1463 1476 
10 -1477 1478 
10 -1477 1479 
10 -1477 1480 
10 -1477 1481 
10 -1477 1482 
10 -1477 1483 
10 -1477 1484 
10 -1477 1485 
10 -1477 1486 
10 -1477 1487 
10 -1477 1488 
10 -1477 1489 
10 -1477 1490 
10 -1491 1492 
10 -1491 1493 
10 -1491 1494 
10 -1491 1495 
10 -1491 1496 
10 -1491 1497 
10 -1491 1498 
10 -1491 1499 
10 -1491 1500 
10 -1491 1501 
10 -1491 1502 
10 -1491 1503 
10 -1491 1504 
10 -1505 1506 
10 -1505 1507 
10 -1505 1508 
10 -1505 1509 
10 -1505 1510 
10 -1505 1511 
10 -1505 1512 
10 -1505 1513 
10 -1505 1514 
10 -1505 1515 
10 -1505 1516 
10 -1505 1517 
10 -1505 1518 
10 -1519 1520 
10 -1519 1521 
10 -1519 1522 
10 -1519 1523 
10 -1519 1524 
10 -1519 1525 
10 -1519 1526 
10 -1519 1527 
10 -1519 1528 
10 -1519 1529 
10 -1519 1530 
10 -1519 1531 
10 -1519 1532 
10 -1533 1534 
10 -1533 1535 
10 -1533 1536 
10 -1533 1537 
10 -1533 1538 
10 -1533 1539 
10 -1533 1540 
10 -1533 1541 
10 -1533 1542 
10 -1533 1543 
10 -1533 1544 
10 -1533 1545 
10 -1533 1546 
10 -1547 1548 
10 -1547 1549 
10 -1547 1550 
10 -1547 1551 
10 -1547 1552 
10 -1547 1553 
10 -1547 1554 
10 -1547 1555 
10 -1547 1556 
10 -1547 1557 
10 -1547 1558 
10 -1547 1559 
10 -1547 1560 
10 -1561 1562 
10 -1561 1563 
10 -1561 1564 
10 -1561 1565 
10 -1561 1566 
10 -1561 1567 
10 -1561 1568 
10 -1561 1569 
10 -1570 1571 
10 -1570 1572 
10 -1570 1573 
10 -1570 1574 
10 -1570 1575 
10 -1570 1576 
10 -1570 1577 
10 -1570 1578 
10 -1579 1580 
10 -1579 1581 
10 -1579 1582 
10 -1579 1583 
10 -1579 1584 
10 -1579 1585 
10 -1579 1586 
10 -1579 1587 
10 -1588 1589 
10 -1588 1590 
10 -1588 1591 
10 -1588 1592 
10 -1588 1593 
10 -1588 1594 
10 -1588 1595 
10 -1588 1596 
10 -1597 1598 
10 -1597 1599 
10 -1597 1600 
10 -1597 1601 
10 -1597 1602 
10 -1597 1603 
10 -1597 1604 
10 -1597 1605 
10 -1606 1607 
10 -1606 1608 
10 -1606 1609 
10 -1606 1610 
10 -1606 1611 
10 -1606 1612 
10 -1606 1613 
10 -1606 1614 
10 -1615 1616 
10 -1615 1617 
10 -1615 1618 
10 -1615 1619 
10 -1615 1620 
10 -1615 1621 
10 -1615 1622 
10 -1615 1623 
10 -1615 1624 
10 -1625 1626 
10 -1625 1627 
10 -1625 1628 
10 -1625 1629 
10 -1625 1630 
10 -1625 1631 
10 -1625 1632 
10 -1625 1633 
10 -1625 1634 
10 -1635 1636 
10 -1635 1637 
10 -1635 1638 
10 -1635 1639 
10 -1635 1640 
10 -1635 1641 
10 -1635 1642 
10 -1635 1643 
10 -1635 1644 
10 -1645 1646 
10 -1645 1647 
10 -1645 1648 
10 -1645 1649 
10 -1645 1650 
10 -1645 1651 
10 -1645 1652 
10 -1645 1653 
10 -1645 1654 
10 -1655 1656 
10 -1655 1657 
10 -1655 1658 
10 -1655 1659 
10 -1655 1660 
10 -1655 1661 
10 -1655 1662 
10 -1655 1663 
10 -1655 1664 
10 -1665 1666 
10 -1665 1667 
10 -1665 1668 
10 -1665 1669 
10 -1665 1670 
10 -1665 1671 
10 -1665 1672 
10 -1665 1673 
10 -1665 1674 
10 -1675 1676 
10 -1675 1677 
10 -1675 1678 
10 -1675 1679 
10 -1675 1680 
10 -1675 1681 
10 -1675 1682 
10 -1675 1683 
10 -1675 1684 
10 -1675 1685 
10 -1686 1687 
10 -1686 1688 
10 -1686 1689 
10 -1686 1690 
10 -1686 1691 
10 -1686 1692 
10 -1686 1693 
10 -1686 1694 
10 -1686 1695 
10 -1686 1696 
10 -1697 1698 
10 -1697 1699 
10 -1697 1700 
10 -1697 1701 
10 -1697 1702 
10 -1697 1703 
10 -1697 1704 
10 -1697 1705 
10 -1697 1706 
10 -1697 1707 
10 -1708 1709 
10 -1708 1710 
10 -1708 1711 
10 -1708 1712 
10 -1708 1713 
10 -1708 1714 
10 -1708 1715 
10 -1708 1716 
10 -1708 1717 
10 -1708 1718 
10 -1719 1720 
10 -1719 1721 
10 -1719 1722 
10 -1719 1723 
10 -1719 1724 
10 -1719 1725 
10 -1719 1726 
10 -1719 1727 
10 -1719 1728 
10 -1719 1729 
10 -1730 1731 
10 -1730 1732 
10 -1730 1733 
10 -1730 1734 
10 -1730 1735 
10 -1730 1736 
10 -1730 1737 
10 -1730 1738 
10 -1730 1739 
10 -1730 1740 
10 -1741 1742 
10 -1741 1743 
10 -1741 1744 
10 -1741 1745 
10 -1741 1746 
10 -1741 1747 
10 -1741 1748 
10 -1741 1749 
10 -1741 1750 
10 -1741 1751 
10 -1741 1752 
10 -1753 1754 
10 -1753 1755 
10 -1753 1756 
10 -1753 1757 
10 -1753 1758 
10 -1753 1759 
10 -1753 1760 
10 -1753 1761 
10 -1753 1762 
10 -1753 1763 
10 -1753 1764 
10 -1765 1766 
10 -1765 1767 
10 -1765 1768 
10 -1765 1769 
10 -1765 1770 
10 -1765 1771 
10 -1765 1772 
10 -1765 1773 
10 -1765 1774 
10 -1765 1775 
10 -1765 1776 
10 -1777 1778 
10 -1777 1779 
10 -1777 1780 
10 -1777 1781 
10 -1777 1782 
10 -1777 1783 
10 -1777 1784 
10 -1777 1785 
10 -1777 1786 
10 -1777 1787 
10 -1777 1788 
10 -1789 1790 
10 -1789 1791 
10 -1789 1792 
10 -1789 1793 
10 -1789 1794 
10 -1789 1795 
10 -1789 1796 
10 -1789 1797 
10 -1789 1798 
10 -1789 1799 
10 -1789 1800 
10 -1801 1802 
10 -1801 1803 
10 -1801 1804 
10 -1801 1805 
10 -1801 1806 
10 -1801 1807 
10 -1801 1808 
10 -1801 1809 
10 -1801 1810 
10 -1801 1811 
10 -1801 1812 
10 -1813 1814 
10 -1813 1815 
10 -1813 1816 
10 -1813 1817 
10 -1813 1818 
10 -1813 1819 
10 -1813 1820 
10 -1813 1821 
10 -1813 1822 
10 -1813 1823 
10 -1813 1824 
10 -1813 1825 
10 -1826 1827 
10 -1826 1828 
10 -1826 1829 
10 -1826 1830 
10 -1826 1831 
10 -1826 1832 
10 -1826 1833 
10 -1826 1834 
10 -1826 1835 
10 -1826 1836 
10 -1826 1837 
10 -1826 1838 
10 -1839 1840 
10 -1839 1841 
10 -1839 1842 
10 -1839 1843 
10 -1839 1844 
10 -1839 1845 
10 -1839 1846 
10 -1839 1847 
10 -1839 1848 
10 -1839 1849 
10 -1839 1850 
10 -1839 1851 
10 -1852 1853 
10 -1852 1854 
10 -1852 1855 
10 -1852 1856 
10 -1852 1857 
10 -1852 1858 
10 -1852 1859 
10 -1852 1860 
10 -1852 1861 
10 -1852 1862 
10 -1852 1863 
10 -1852 1864 
10 -1865 1866 
10 -1865 1867 
10 -1865 1868 
10 -1865 1869 
10 -1865 1870 
10 -1865 1871 
10 -1865 1872 
10 -1865 1873 
10 -1865 1874 
10 -1865 1875 
10 -1865 1876 
10 -1865 1877 
10 -1878 1879 
10 -1878 1880 
10 -1878 1881 
10 -1878 1882 
10 -1878 1883 
10 -1878 1884 
10 -1878 1885 
10 -1878 1886 
10 -1878 1887 
10 -1878 1888 
10 -1878 1889 
10 -1878 1890 
10 -1891 1892 
10 -1891 1893 
10 -1891 1894 
10 -1891 1895 
10 -1891 1896 
10 -1891 1897 
10 -1891 1898 
10 -1891 1899 
10 -1900 1901 
10 -1900 1902 
10 -1900 1903 
10 -1900 1904 
10 -1900 1905 
10 -1900 1906 
10 -1900 1907 
10 -1900 1908 
10 -1909 1910 
10 -1909 1911 
10 -1909 1912 
10 -1909 1913 
10 -1909 1914 
10 -1909 1915 
10 -1909 1916 
10 -1909 1917 
10 -1918 1919 
10 -1918 1920 
10 -1918 1921 
10 -1918 1922 
10 -1918 1923 
10 -1918 1924 
10 -1918 1925 
10 -1918 1926 
10 -1927 1928 
10 -1927 1929 
10 -1927 1930 
10 -1927 1931 
10 -1927 1932 
10 -1927 1933 
10 -1927 1934 
10 -1927 1935 
10 -1936 1937 
10 -1936 1938 
10 -1936 1939 
10 -1936 1940 
10 -1936 1941 
10 -1936 1942 
10 -1936 1943 
10 -1936 1944 
10 -1936 1945 
10 -1946 1947 
10 -1946 1948 
10 -1946 1949 
10 -1946 1950 
10 -1946 1951 
10 -1946 1952 
10 -1946 1953 
10 -1946 1954 
10 -1946 1955 
10 -1956 1957 
10 -1956 1958 
10 -1956 1959 
10 -1956 1960 
10 -1956 1961 
10 -1956 1962 
10 -1956 1963 
10 -1956 1964 
10 -1956 1965 
10 -1966 1967 
10 -1966 1968 
10 -1966 1969 
10 -1966 1970 
10 -1966 1971 
10 -1966 1972 
10 -1966 1973 
10 -1966 1974 
10 -1966 1975 
10 -1976 1977 
10 -1976 1978 
10 -1976 1979 
10 -1976 1980 
10 -1976 1981 
10 -1976 1982 
10 -1976 1983 
10 -1976 1984 
10 -1976 1985 
10 -1986 1987 
10 -1986 1988 
10 -1986 1989 
10 -1986 1990 
10 -1986 1991 
10 -1986 1992 
10 -1986 1993 
10 -1986 1994 
10 -1986 1995 
10 -1986 1996 
10 -1997 1998 
10 -1997 1999 
10 -1997 2000 
10 -1997 2001 
10 -1997 2002 
10 -1997 2003 
10 -1997 2004 
10 -1997 2005 
10 -1997 2006 
10 -1997 2007 
10 -2008 2009 
10 -2008 2010 
10 -2008 2011 
10 -2008 2012 
10 -2008 2013 
10 -2008 2014 
10 -2008 2015 
10 -2008 2016 
10 -2008 2017 
10 -2008 2018 
10 -2019 2020 
10 -2019 2021 
10 -2019 2022 
10 -2019 2023 
10 -2019 2024 
10 -2019 2025 
10 -2019 2026 
10 -2019 2027 
10 -2019 2028 
10 -2019 2029 
10 -2030 2031 
10 -2030 2032 
10 -2030 2033 
10 -2030 2034 
10 -2030 2035 
10 -2030 2036 
10 -2030 2037 
10 -2030 2038 
10 -2030 2039 
10 -2030 2040 
10 -2041 2042 
10 -2041 2043 
10 -2041 2044 
10 -2041 2045 
10 -2041 2046 
10 -2041 2047 
10 -2041 2048 
10 -2041 2049 
10 -2041 2050 
10 -2041 2051 
10 -2041 2052 
10 -2053 2054 
10 -2053 2055 
10 -2053 2056 
10 -2053 2057 
10 -2053 2058 
10 -2053 2059 
10 -2053 2060 
10 -2053 2061 
10 -2053 2062 
10 -2053 2063 
10 -2053 2064 
10 -2065 2066 
10 -2065 2067 
10 -2065 2068 
10 -2065 2069 
10 -2065 2070 
10 -2065 2071 
10 -2065 2072 
10 -2065 2073 
10 -2065 2074 
10 -2065 2075 
10 -2065 2076 
10 -2077 2078 
10 -2077 2079 
10 -2077 2080 
10 -2077 2081 
10 -2077 2082 
10 -2077 2083 
10 -2077 2084 
10 -2077 2085 
10 -2077 2086 
10 -2077 2087 
10 -2077 2088 
10 -2089 2090 
10 -2089 2091 
10 -2089 2092 
10 -2089 2093 
10 -2089 2094 
10 -2089 2095 
10 -2089 2096 
10 -2089 2097 
10 -2089 2098 
10 -2089 2099 
10 -2089 2100 
10 -2101 2102 
10 -2101 2103 
10 -2101 2104 
10 -2101 2105 
10 -2101 2106 
10 -2101 2107 
10 -2101 2108 
10 -2101 2109 
10 -2110 2111 
10 -2110 2112 
10 -2110 2113 
10 -2110 2114 
10 -2110 2115 
10 -2110 2116 
10 -2110 2117 
10 -2110 2118 
10 -2119 2120 
10 -2119 2121 
10 -2119 2122 
10 -2119 2123 
10 -2119 2124 
10 -2119 2125 
10 -2119 2126 
10 -2119 2127 
10 -2128 2129 
10 -2128 2130 
10 -2128 2131 
10 -2128 2132 
10 -2128 2133 
10 -2128 2134 
10 -2128 2135 
10 -2128 2136 
10 -2137 2138 
10 -2137 2139 
10 -2137 2140 
10 -2137 2141 
10 -2137 2142 
10 -2137 2143 
10 -2137 2144 
10 -2137 2145 
10 -2137 2146 
10 -2147 2148 
10 -2147 2149 
10 -2147 2150 
10 -2147 2151 
10 -2147 2152 
10 -2147 2153 
10 -2147 2154 
10 -2147 2155 
10 -2147 2156 
10 -2157 2158 
10 -2157 2159 
10 -2157 2160 
10 -2157 2161 
10 -2157 2162 
10 -2157 2163 
10 -2157 2164 
10 -2157 2165 
10 -2157 2166 
10 -2167 2168 
10 -2167 2169 
10 -2167 2170 
10 -2167 2171 
10 -2167 2172 
10 -2167 2173 
10 -2167 2174 
10 -2167 2175 
10 -2167 2176 
10 -2177 2178 
10 -2177 2179 
10 -2177 2180 
10 -2177 2181 
10 -2177 2182 
10 -2177 2183 
10 -2177 2184 
10 -2177 2185 
10 -2177 2186 
10 -2177 2187 
10 -2188 2189 
10 -2188 2190 
10 -2188 2191 
10 -2188 2192 
10 -2188 2193 
10 -2188 2194 
10 -2188 2195 
10 -2188 2196 
10 -2188 2197 
10 -2188 2198 
10 -2199 2200 
10 -2199 2201 
10 -2199 2202 
10 -2199 2203 
10 -2199 2204 
10 -2199 2205 
10 -2199 2206 
10 -2199 2207 
10 -2199 2208 
10 -2199 2209 
10 -2210 2211 
10 -2210 2212 
10 -2210 2213 
10 -2210 2214 
10 -2210 2215 
10 -2210 2216 
10 -2210 2217 
10 -2210 2218 
10 -2210 2219 
10 -2210 2220 
10 -2221 2222 
10 -2221 2223 
10 -2221 2224 
10 -2221 2225 
10 -2221 2226 
10 -2221 2227 
10 -2221 2228 
10 -2221 2229 
10 -2230 2231 
10 -2230 2232 
10 -2230 2233 
10 -2230 2234 
10 -2230 2235 
10 -2230 2236 
10 -2230 2237 
10 -2230 2238 
10 -2239 2240 
10 -2239 2241 
10 -2239 2242 
10 -2239 2243 
10 -2239 2244 
10 -2239 2245 
10 -2239 2246 
10 -2239 2247 
10 -2248 2249 
10 -2248 2250 
10 -2248 2251 
10 -2248 2252 
10 -2248 2253 
10 -2248 2254 
10 -2248 2255 
10 -2248 2256 
10 -2248 2257 
10 -2258 2259 
10 -2258 2260 
10 -2258 2261 
10 -2258 2262 
10 -2258 2263 
10 -2258 2264 
10 -2258 2265 
10 -2258 2266 
10 -2258 2267 
10 -2268 2269 
10 -2268 2270 
10 -2268 2271 
10 -2268 2272 
10 -2268 2273 
10 -2268 2274 
10 -2268 2275 
10 -2268 2276 
10 -2268 2277 
10 -2278 2279 
10 -2278 2280 
10 -2278 2281 
10 -2278 2282 
10 -2278 2283 
10 -2278 2284 
10 -2278 2285 
10 -2278 2286 
10 -2287 2288 
10 -2287 2289 
10 -2287 2290 
10 -2287 2291 
10 -2287 2292 
10 -2287 2293 
10 -2287 2294 
10 -2287 2295 
10 -2296 2297 
10 -2298 2299 
10 -2300 2301 
10 -2302 2303 
10 -2304 2305 
10 -2306 2307 
10 -2308 2309 
10 -2310 2311 
10 -2312 2313 
10 -2314 2315 
10 -2314 2316 
10 -2317 2318 
10 -2317 2319 
10 -2320 2321 
10 -2320 2322 
10 -2323 2324 
10 -2323 2325 
10 -2326 2327 
10 -2326 2328 
10 -2329 2330 
10 -2329 2331 
10 -2332 2333 
10 -2332 2334 
10 -2335 2336 
10 -2335 2337 
10 -2338 2339 
10 -2338 2340 
10 -2341 2342 
10 -2341 2343 
10 -2341 2344 
10 -2345 2346 
10 -2345 2347 
10 -2345 2348 
10 -2349 2350 
10 -2349 2351 
10 -2349 2352 
10 -2353 2354 
10 -2353 2355 
10 -2353 2356 
10 -2357 2358 
10 -2357 2359 
10 -2357 2360 
10 -2361 2362 
10 -2361 2363 
10 -2361 2364 
10 -2365 2366 
10 -2365 2367 
10 -2365 2368 
10 -2369 2370 
10 -2369 2371 
10 -2369 2372 
10 -2373 2374 
10 -2373 2375 
10 -2373 2376 
10 -2377 2378 
10 -2377 2379 
10 -2377 2380 
10 -2377 2381 
10 -2382 2383 
10 -2382 2384 
10 -2382 2385 
10 -2382 2386 
10 -2387 2388 
10 -2387 2389 
10 -2387 2390 
10 -2387 2391 
10 -2392 2393 
10 -2392 2394 
10 -2392 2395 
10 -2392 2396 
10 -2397 2398 
10 -2397 2399 
10 -2397 2400 
10 -2397 2401 
10 -2402 2403 
10 -2402 2404 
10 -2402 2405 
10 -2402 2406 
10 -2407 2408 
10 -2407 2409 
10 -2407 2410 
10 -2407 2411 
10 -2412 2413 
10 -2412 2414 
10 -2412 2415 
10 -2412 2416 
10 -2417 2418 
10 -2417 2419 
10 -2417 2420 
10 -2417 2421 
10 -2422 2423 
10 -2422 2424 
10 -2422 2425 
10 -2422 2426 
10 -2422 2427 
10 -2422 2428 
10 -2422 2429 
10 -2422 2430 
10 -2431 2432 
10 -2431 2433 
10 -2431 2434 
10 -2431 2435 
10 -2431 2436 
10 -2431 2437 
10 -2431 2438 
10 -2431 2439 
10 -2440 2441 
10 -2440 2442 
10 -2440 2443 
10 -2440 2444 
10 -2440 2445 
10 -2440 2446 
10 -2440 2447 
10 -2440 2448 
10 -2449 2450 
10 -2449 2451 
10 -2449 2452 
10 -2449 2453 
10 -2449 2454 
10 -2449 2455 
10 -2449 2456 
10 -2449 2457 
10 -2458 2459 
10 -2458 2460 
10 -2458 2461 
10 -2458 2462 
10 -2458 2463 
10 -2458 2464 
10 -2458 2465 
10 -2458 2466 
10 -2467 2468 
10 -2467 2469 
10 -2467 2470 
10 -2467 2471 
10 -2467 2472 
10 -2467 2473 
10 -2467 2474 
10 -2467 2475 
10 -2476 2477 
10 -2476 2478 
10 -2476 2479 
10 -2476 2480 
10 -2476 2481 
10 -2476 2482 
10 -2476 2483 
10 -2476 2484 
10 -2485 2486 
10 -2485 2487 
10 -2485 2488 
10 -2485 2489 
10 -2485 2490 
10 -2485 2491 
10 -2485 2492 
10 -2485 2493 
10 -2494 2495 
10 -2494 2496 
10 -2494 2497 
10 -2494 2498 
10 -2494 2499 
10 -2494 2500 
10 -2494 2501 
10 -2494 2502 
10 -2494 2503 
10 -2504 2505 
10 -2504 2506 
10 -2504 2507 
10 -2504 2508 
10 -2504 2509 
10 -2504 2510 
10 -2504 2511 
10 -2504 2512 
10 -2504 2513 
10 -2514 2515 
10 -2514 2516 
10 -2514 2517 
10 -2514 2518 
10 -2514 2519 
10 -2514 2520 
10 -2514 2521 
10 -2514 2522 
10 -2514 2523 
10 -2524 2525 
10 -2524 2526 
10 -2524 2527 
10 -2524 2528 
10 -2524 2529 
10 -2524 2530 
10 -2524 2531 
10 -2524 2532 
10 -2524 2533 
10 -2534 2535 
10 -2534 2536 
10 -2534 2537 
10 -2534 2538 
10 -2534 2539 
10 -2534 2540 
10 -2534 2541 
10 -2534 2542 
10 -2534 2543 
10 -2544 2545 
10 -2544 2546 
10 -2544 2547 
10 -2544 2548 
10 -2544 2549 
10 -2544 2550 
10 -2544 2551 
10 -2544 2552 
10 -2544 2553 
10 -2554 2555 
10 -2554 2556 
10 -2554 2557 
10 -2554 2558 
10 -2554 2559 
10 -2554 2560 
10 -2554 2561 
10 -2554 2562 
10 -2554 2563 
10 -2564 2565 
10 -2564 2566 
10 -2564 2567 
10 -2564 2568 
10 -2564 2569 
10 -2564 2570 
10 -2564 2571 
10 -2564 2572 
10 -2564 2573 
10 -2574 2575 
10 -2574 2576 
10 -2574 2577 
10 -2574 2578 
10 -2574 2579 
10 -2574 2580 
10 -2574 2581 
10 -2574 2582 
10 -2574 2583 
10 -2574 2584 
10 -2585 2586 
10 -2585 2587 
10 -2585 2588 
10 -2585 2589 
10 -2585 2590 
10 -2585 2591 
10 -2585 2592 
10 -2585 2593 
10 -2585 2594 
10 -2585 2595 
10 -2596 2597 
10 -2596 2598 
10 -2596 2599 
10 -2596 2600 
10 -2596 2601 
10 -2596 2602 
10 -2596 2603 
10 -2596 2604 
10 -2596 2605 
10 -2596 2606 
10 -2607 2608 
10 -2607 2609 
10 -2607 2610 
10 -2607 2611 
10 -2607 2612 
10 -2607 2613 
10 -2607 2614 
10 -2607 2615 
10 -2607 2616 
10 -2607 2617 
10 -2618 2619 
10 -2618 2620 
10 -2618 2621 
10 -2618 2622 
10 -2618 2623 
10 -2618 2624 
10 -2618 2625 
10 -2618 2626 
10 -2618 2627 
10 -2618 2628 
10 -2629 2630 
10 -2629 2631 
10 -2629 2632 
10 -2629 2633 
10 -2629 2634 
10 -2629 2635 
10 -2629 2636 
10 -2629 2637 
10 -2629 2638 
10 -2629 2639 
10 -2640 2641 
10 -2640 2642 
10 -2640 2643 
10 -2640 2644 
10 -2640 2645 
10 -2640 2646 
10 -2640 2647 
10 -2640 2648 
10 -2640 2649 
10 -2640 2650 
10 -2651 2652 
10 -2651 2653 
10 -2651 2654 
10 -2651 2655 
10 -2651 2656 
10 -2651 2657 
10 -2651 2658 
10 -2651 2659 
10 -2651 2660 
10 -2651 2661 
10 -2662 2663 
10 -2662 2664 
10 -2662 2665 
10 -2662 2666 
10 -2662 2667 
10 -2662 2668 
10 -2662 2669 
10 -2662 2670 
10 -2671 2672 
10 -2671 2673 
10 -2671 2674 
10 -2671 2675 
10 -2671 2676 
10 -2671 2677 
10 -2671 2678 
10 -2671 2679 
10 -2680 2681 
10 -2680 2682 
10 -2680 2683 
10 -2680 2684 
10 -2680 2685 
10 -2680 2686 
10 -2680 2687 
10 -2680 2688 
10 -2689 2690 
10 -2689 2691 
10 -2689 2692 
10 -2689 2693 
10 -2689 2694 
10 -2689 2695 
10 -2689 2696 
10 -2689 2697 
10 -2698 2699 
10 -2698 2700 
10 -2698 2701 
10 -2698 2702 
10 -2698 2703 
10 -2698 2704 
10 -2698 2705 
10 -2698 2706 
10 -2707 2708 
10 -2707 2709 
10 -2707 2710 
10 -2707 2711 
10 -2707 2712 
10 -2707 2713 
10 -2707 2714 
10 -2707 2715 
10 -2716 2717 
10 -2716 2718 
10 -2716 2719 
10 -2716 2720 
10 -2716 2721 
10 -2716 2722 
10 -2716 2723 
10 -2716 2724 
10 -2725 2726 
10 -2725 2727 
10 -2725 2728 
10 -2725 2729 
10 -2725 2730 
10 -2725 2731 
10 -2725 2732 
10 -2725 2733 
10 -2725 2734 
10 -2735 2736 
10 -2735 2737 
10 -2735 2738 
10 -2735 2739 
10 -2735 2740 
10 -2735 2741 
10 -2735 2742 
10 -2735 2743 
10 -2735 2744 
10 -2745 2746 
10 -2745 2747 
10 -2745 2748 
10 -2745 2749 
10 -2745 2750 
10 -2745 2751 
10 -2745 2752 
10 -2745 2753 
10 -2745 2754 
10 -2755 2756 
10 -2755 2757 
10 -2755 2758 
10 -2755 2759 
10 -2755 2760 
10 -2755 2761 
10 -2755 2762 
10 -2755 2763 
10 -2755 2764 
10 -2765 2766 
10 -2765 2767 
10 -2765 2768 
10 -2765 2769 
10 -2765 2770 
10 -2765 2771 
10 -2765 2772 
10 -2765 2773 
10 -2765 2774 
10 -2775 2776 
10 -2775 2777 
10 -2775 2778 
10 -2775 2779 
10 -2775 2780 
10 -2775 2781 
10 -2775 2782 
10 -2775 2783 
10 -2775 2784 
10 -2785 2786 
10 -2785 2787 
10 -2785 2788 
10 -2785 2789 
10 -2785 2790 
10 -2785 2791 
10 -2785 2792 
10 -2785 2793 
10 -2785 2794 
10 -2795 2796 
10 -2795 2797 
10 -2795 2798 
10 -2795 2799 
10 -2795 2800 
10 -2795 2801 
10 -2795 2802 
10 -2795 2803 
10 -2804 2805 
10 -2804 2806 
10 -2804 2807 
10 -2804 2808 
10 -2804 2809 
10 -2804 2810 
10 -2804 2811 
10 -2804 2812 
10 -2813 2814 
10 -2813 2815 
10 -2813 2816 
10 -2813 2817 
10 -2813 2818 
10 -2813 2819 
10 -2813 2820 
10 -2813 2821 
10 -2822 2823 
10 -2822 2824 
10 -2822 2825 
10 -2822 2826 
10 -2822 2827 
10 -2822 2828 
10 -2822 2829 
10 -2822 2830 
10 -2831 2832 
10 -2831 2833 
10 -2831 2834 
10 -2831 2835 
10 -2831 2836 
10 -2831 2837 
10 -2831 2838 
10 -2831 2839 
10 -2840 2841 
10 -2840 2842 
10 -2840 2843 
10 -2840 2844 
10 -2840 2845 
10 -2840 2846 
10 -2840 2847 
10 -2840 2848 
