p wcnf 2870 2867 5
5 -19 1 
5 -21 1 
5 -23 1 
5 -25 1 
5 -27 1 
5 -29 1 
5 -31 1 
5 -33 1 
5 -35 1 
5 -37 1 
5 -40 1 
5 -43 1 
5 -46 1 
5 -49 1 
5 -52 1 
5 -55 1 
5 -58 1 
5 -61 1 
5 -64 1 
5 -68 1 
5 -72 1 
5 -76 1 
5 -80 1 
5 -84 1 
5 -88 1 
5 -92 1 
5 -96 1 
5 -100 1 
5 -105 1 
5 -110 1 
5 -115 1 
5 -120 1 
5 -125 1 
5 -130 1 
5 -135 1 
5 -140 1 
5 -145 1 
5 -151 1 
5 -157 1 
5 -163 1 
5 -169 1 
5 -175 1 
5 -181 1 
5 -187 1 
5 -193 1 
5 -199 1 
5 -206 1 
5 -213 1 
5 -220 1 
5 -227 1 
5 -234 1 
5 -241 1 
5 -248 1 
5 -255 1 
5 -262 1 
5 -270 1 
5 -278 1 
5 -286 1 
5 -294 1 
5 -302 1 
5 -310 1 
5 -318 1 
5 -326 1 
5 -334 1 
5 -343 1 
5 -352 1 
5 -361 1 
5 -370 1 
5 -379 1 
5 -388 1 
5 -397 1 
5 -406 1 
5 -415 19 
5 -424 19 
5 -433 19 
5 -442 19 
5 -451 19 
5 -460 19 
5 -469 19 
5 -478 19 
5 -487 19 
5 -497 19 
5 -507 19 
5 -517 19 
5 -527 19 
5 -537 19 
5 -547 19 
5 -557 19 
5 -567 19 
5 -578 19 
5 -589 19 
5 -600 19 
5 -611 19 
5 -622 19 
5 -633 19 
5 -644 19 
5 -655 19 
5 -667 19 
5 -679 19 
5 -691 19 
5 -703 19 
5 -715 19 
5 -727 19 
5 -739 19 
5 -751 19 
5 -764 19 
5 -777 19 
5 -790 19 
5 -803 19 
5 -816 19 
5 -829 19 
5 -842 19 
5 -855 19 
5 -869 19 
5 -883 19 
5 -897 19 
5 -911 19 
5 -925 19 
5 -939 19 
5 -953 19 
5 -967 19 
5 -982 19 
5 -997 19 
5 -1012 19 
5 -1027 19 
5 -1042 19 
5 -1057 19 
5 -1072 19 
5 -1087 37 415 424 433 442 451 460 469 478 
5 -1096 37 415 424 433 442 451 460 469 478 
5 -1105 37 415 424 433 442 451 460 469 478 
5 -1114 37 415 424 433 442 451 460 469 478 
5 -1123 37 415 424 433 442 451 460 469 478 
5 -1132 37 415 424 433 442 451 460 469 478 
5 -1141 37 415 424 433 442 451 460 469 478 
5 -1150 37 415 424 433 442 451 460 469 478 
5 -1160 37 415 424 433 442 451 460 469 478 
5 -1170 37 415 424 433 442 451 460 469 478 
5 -1180 37 415 424 433 442 451 460 469 478 
5 -1190 37 415 424 433 442 451 460 469 478 
5 -1200 37 415 424 433 442 451 460 469 478 
5 -1210 37 415 424 433 442 451 460 469 478 
5 -1220 37 415 424 433 442 451 460 469 478 
5 -1231 37 415 424 433 442 451 460 469 478 
5 -1242 37 415 424 433 442 451 460 469 478 
5 -1253 37 415 424 433 442 451 460 469 478 
5 -1264 37 415 424 433 442 451 460 469 478 
5 -1275 37 415 424 433 442 451 460 469 478 
5 -1286 37 415 424 433 442 451 460 469 478 
5 -1297 37 415 424 433 442 451 460 469 478 
5 -1309 37 415 424 433 442 451 460 469 478 
5 -1321 37 415 424 433 442 451 460 469 478 
5 -1333 37 415 424 433 442 451 460 469 478 
5 -1345 37 415 424 433 442 451 460 469 478 
5 -1357 37 415 424 433 442 451 460 469 478 
5 -1369 37 415 424 433 442 451 460 469 478 
5 -1381 37 415 424 433 442 451 460 469 478 
5 -1394 37 415 424 433 442 451 460 469 478 
5 -1407 37 415 424 433 442 451 460 469 478 
5 -1420 37 415 424 433 442 451 460 469 478 
5 -1433 37 415 424 433 442 451 460 469 478 
5 -1446 37 415 424 433 442 451 460 469 478 
5 -1459 37 415 424 433 442 451 460 469 478 
5 -1472 37 415 424 433 442 451 460 469 478 
5 -1486 37 415 424 433 442 451 460 469 478 
5 -1500 37 415 424 433 442 451 460 469 478 
5 -1514 37 415 424 433 442 451 460 469 478 
5 -1528 37 415 424 433 442 451 460 469 478 
5 -1542 37 415 424 433 442 451 460 469 478 
5 -1556 37 415 424 433 442 451 460 469 478 
5 -1570 64 487 497 507 517 527 537 547 557 1087 1096 1105 1114 1123 1132 1141 
5 -1579 64 487 497 507 517 527 537 547 557 1087 1096 1105 1114 1123 1132 1141 
5 -1588 64 487 497 507 517 527 537 547 557 1087 1096 1105 1114 1123 1132 1141 
5 -1597 64 487 497 507 517 527 537 547 557 1087 1096 1105 1114 1123 1132 1141 
5 -1606 64 487 497 507 517 527 537 547 557 1087 1096 1105 1114 1123 1132 1141 
5 -1615 64 487 497 507 517 527 537 547 557 1087 1096 1105 1114 1123 1132 1141 
5 -1624 64 487 497 507 517 527 537 547 557 1087 1096 1105 1114 1123 1132 1141 
5 -1634 64 487 497 507 517 527 537 547 557 1087 1096 1105 1114 1123 1132 1141 
5 -1644 64 487 497 507 517 527 537 547 557 1087 1096 1105 1114 1123 1132 1141 
5 -1654 64 487 497 507 517 527 537 547 557 1087 1096 1105 1114 1123 1132 1141 
5 -1664 64 487 497 507 517 527 537 547 557 1087 1096 1105 1114 1123 1132 1141 
5 -1674 64 487 497 507 517 527 537 547 557 1087 1096 1105 1114 1123 1132 1141 
5 -1684 64 487 497 507 517 527 537 547 557 1087 1096 1105 1114 1123 1132 1141 
5 -1695 64 487 497 507 517 527 537 547 557 1087 1096 1105 1114 1123 1132 1141 
5 -1706 64 487 497 507 517 527 537 547 557 1087 1096 1105 1114 1123 1132 1141 
5 -1717 64 487 497 507 517 527 537 547 557 1087 1096 1105 1114 1123 1132 1141 
5 -1728 64 487 497 507 517 527 537 547 557 1087 1096 1105 1114 1123 1132 1141 
5 -1739 64 487 497 507 517 527 537 547 557 1087 1096 1105 1114 1123 1132 1141 
5 -1750 64 487 497 507 517 527 537 547 557 1087 1096 1105 1114 1123 1132 1141 
5 -1762 64 487 497 507 517 527 537 547 557 1087 1096 1105 1114 1123 1132 1141 
5 -1774 64 487 497 507 517 527 537 547 557 1087 1096 1105 1114 1123 1132 1141 
5 -1786 64 487 497 507 517 527 537 547 557 1087 1096 1105 1114 1123 1132 1141 
5 -1798 64 487 497 507 517 527 537 547 557 1087 1096 1105 1114 1123 1132 1141 
5 -1810 64 487 497 507 517 527 537 547 557 1087 1096 1105 1114 1123 1132 1141 
5 -1822 64 487 497 507 517 527 537 547 557 1087 1096 1105 1114 1123 1132 1141 
5 -1835 64 487 497 507 517 527 537 547 557 1087 1096 1105 1114 1123 1132 1141 
5 -1848 64 487 497 507 517 527 537 547 557 1087 1096 1105 1114 1123 1132 1141 
5 -1861 64 487 497 507 517 527 537 547 557 1087 1096 1105 1114 1123 1132 1141 
5 -1874 64 487 497 507 517 527 537 547 557 1087 1096 1105 1114 1123 1132 1141 
5 -1887 64 487 497 507 517 527 537 547 557 1087 1096 1105 1114 1123 1132 1141 
5 -1900 100 567 578 589 600 611 622 633 644 1150 1160 1170 1180 1190 1200 1210 1570 1579 1588 1597 1606 1615 
5 -1909 100 567 578 589 600 611 622 633 644 1150 1160 1170 1180 1190 1200 1210 1570 1579 1588 1597 1606 1615 
5 -1918 100 567 578 589 600 611 622 633 644 1150 1160 1170 1180 1190 1200 1210 1570 1579 1588 1597 1606 1615 
5 -1927 100 567 578 589 600 611 622 633 644 1150 1160 1170 1180 1190 1200 1210 1570 1579 1588 1597 1606 1615 
5 -1936 100 567 578 589 600 611 622 633 644 1150 1160 1170 1180 1190 1200 1210 1570 1579 1588 1597 1606 1615 
5 -1945 100 567 578 589 600 611 622 633 644 1150 1160 1170 1180 1190 1200 1210 1570 1579 1588 1597 1606 1615 
5 -1955 100 567 578 589 600 611 622 633 644 1150 1160 1170 1180 1190 1200 1210 1570 1579 1588 1597 1606 1615 
5 -1965 100 567 578 589 600 611 622 633 644 1150 1160 1170 1180 1190 1200 1210 1570 1579 1588 1597 1606 1615 
5 -1975 100 567 578 589 600 611 622 633 644 1150 1160 1170 1180 1190 1200 1210 1570 1579 1588 1597 1606 1615 
5 -1985 100 567 578 589 600 611 622 633 644 1150 1160 1170 1180 1190 1200 1210 1570 1579 1588 1597 1606 1615 
5 -1995 100 567 578 589 600 611 622 633 644 1150 1160 1170 1180 1190 1200 1210 1570 1579 1588 1597 1606 1615 
5 -2006 100 567 578 589 600 611 622 633 644 1150 1160 1170 1180 1190 1200 1210 1570 1579 1588 1597 1606 1615 
5 -2017 100 567 578 589 600 611 622 633 644 1150 1160 1170 1180 1190 1200 1210 1570 1579 1588 1597 1606 1615 
5 -2028 100 567 578 589 600 611 622 633 644 1150 1160 1170 1180 1190 1200 1210 1570 1579 1588 1597 1606 1615 
5 -2039 100 567 578 589 600 611 622 633 644 1150 1160 1170 1180 1190 1200 1210 1570 1579 1588 1597 1606 1615 
5 -2050 100 567 578 589 600 611 622 633 644 1150 1160 1170 1180 1190 1200 1210 1570 1579 1588 1597 1606 1615 
5 -2062 100 567 578 589 600 611 622 633 644 1150 1160 1170 1180 1190 1200 1210 1570 1579 1588 1597 1606 1615 
5 -2074 100 567 578 589 600 611 622 633 644 1150 1160 1170 1180 1190 1200 1210 1570 1579 1588 1597 1606 1615 
5 -2086 100 567 578 589 600 611 622 633 644 1150 1160 1170 1180 1190 1200 1210 1570 1579 1588 1597 1606 1615 
5 -2098 100 567 578 589 600 611 622 633 644 1150 1160 1170 1180 1190 1200 1210 1570 1579 1588 1597 1606 1615 
5 -2110 145 655 667 679 691 703 715 727 739 1220 1231 1242 1253 1264 1275 1286 1624 1634 1644 1654 1664 1674 1900 1909 1918 1927 1936 
5 -2119 145 655 667 679 691 703 715 727 739 1220 1231 1242 1253 1264 1275 1286 1624 1634 1644 1654 1664 1674 1900 1909 1918 1927 1936 
5 -2128 145 655 667 679 691 703 715 727 739 1220 1231 1242 1253 1264 1275 1286 1624 1634 1644 1654 1664 1674 1900 1909 1918 1927 1936 
5 -2137 145 655 667 679 691 703 715 727 739 1220 1231 1242 1253 1264 1275 1286 1624 1634 1644 1654 1664 1674 1900 1909 1918 1927 1936 
5 -2146 145 655 667 679 691 703 715 727 739 1220 1231 1242 1253 1264 1275 1286 1624 1634 1644 1654 1664 1674 1900 1909 1918 1927 1936 
5 -2156 145 655 667 679 691 703 715 727 739 1220 1231 1242 1253 1264 1275 1286 1624 1634 1644 1654 1664 1674 1900 1909 1918 1927 1936 
5 -2166 145 655 667 679 691 703 715 727 739 1220 1231 1242 1253 1264 1275 1286 1624 1634 1644 1654 1664 1674 1900 1909 1918 1927 1936 
5 -2176 145 655 667 679 691 703 715 727 739 1220 1231 1242 1253 1264 1275 1286 1624 1634 1644 1654 1664 1674 1900 1909 1918 1927 1936 
5 -2186 145 655 667 679 691 703 715 727 739 1220 1231 1242 1253 1264 1275 1286 1624 1634 1644 1654 1664 1674 1900 1909 1918 1927 1936 
5 -2197 145 655 667 679 691 703 715 727 739 1220 1231 1242 1253 1264 1275 1286 1624 1634 1644 1654 1664 1674 1900 1909 1918 1927 1936 
5 -2208 145 655 667 679 691 703 715 727 739 1220 1231 1242 1253 1264 1275 1286 1624 1634 1644 1654 1664 1674 1900 1909 1918 1927 1936 
5 -2219 145 655 667 679 691 703 715 727 739 1220 1231 1242 1253 1264 1275 1286 1624 1634 1644 1654 1664 1674 1900 1909 1918 1927 1936 
5 -2230 199 751 764 777 790 803 816 829 842 1297 1309 1321 1333 1345 1357 1369 1684 1695 1706 1717 1728 1739 1945 1955 1965 1975 1985 2110 2119 2128 2137 
5 -2239 199 751 764 777 790 803 816 829 842 1297 1309 1321 1333 1345 1357 1369 1684 1695 1706 1717 1728 1739 1945 1955 1965 1975 1985 2110 2119 2128 2137 
5 -2248 199 751 764 777 790 803 816 829 842 1297 1309 1321 1333 1345 1357 1369 1684 1695 1706 1717 1728 1739 1945 1955 1965 1975 1985 2110 2119 2128 2137 
5 -2257 199 751 764 777 790 803 816 829 842 1297 1309 1321 1333 1345 1357 1369 1684 1695 1706 1717 1728 1739 1945 1955 1965 1975 1985 2110 2119 2128 2137 
5 -2267 199 751 764 777 790 803 816 829 842 1297 1309 1321 1333 1345 1357 1369 1684 1695 1706 1717 1728 1739 1945 1955 1965 1975 1985 2110 2119 2128 2137 
5 -2277 199 751 764 777 790 803 816 829 842 1297 1309 1321 1333 1345 1357 1369 1684 1695 1706 1717 1728 1739 1945 1955 1965 1975 1985 2110 2119 2128 2137 
5 -2287 262 855 869 883 897 911 925 939 953 1381 1394 1407 1420 1433 1446 1459 1750 1762 1774 1786 1798 1810 1995 2006 2017 2028 2039 2146 2156 2166 2176 2230 2239 2248 
5 -2296 262 855 869 883 897 911 925 939 953 1381 1394 1407 1420 1433 1446 1459 1750 1762 1774 1786 1798 1810 1995 2006 2017 2028 2039 2146 2156 2166 2176 2230 2239 2248 
5 -2305 1 
5 -2307 1 
5 -2309 1 
5 -2311 1 
5 -2313 1 
5 -2315 1 
5 -2317 1 
5 -2319 1 
5 -2321 1 
5 -2323 1 
5 -2326 1 
5 -2329 1 
5 -2332 1 
5 -2335 1 
5 -2338 1 
5 -2341 1 
5 -2344 1 
5 -2347 1 
5 -2350 1 
5 -2354 1 
5 -2358 1 
5 -2362 1 
5 -2366 1 
5 -2370 1 
5 -2374 1 
5 -2378 1 
5 -2382 1 
5 -2386 1 
5 -2391 1 
5 -2396 1 
5 -2401 1 
5 -2406 1 
5 -2411 1 
5 -2416 1 
5 -2421 1 
5 -2426 1 
5 -2431 2305 
5 -2440 2305 
5 -2449 2305 
5 -2458 2305 
5 -2467 2305 
5 -2476 2305 
5 -2485 2305 
5 -2494 2305 
5 -2503 2305 
5 -2513 2305 
5 -2523 2305 
5 -2533 2305 
5 -2543 2305 
5 -2553 2305 
5 -2563 2305 
5 -2573 2305 
5 -2583 2305 
5 -2594 2305 
5 -2605 2305 
5 -2616 2305 
5 -2627 2305 
5 -2638 2305 
5 -2649 2305 
5 -2660 2305 
5 -2671 2323 2431 2440 2449 2458 2467 2476 2485 2494 
5 -2680 2323 2431 2440 2449 2458 2467 2476 2485 2494 
5 -2689 2323 2431 2440 2449 2458 2467 2476 2485 2494 
5 -2698 2323 2431 2440 2449 2458 2467 2476 2485 2494 
5 -2707 2323 2431 2440 2449 2458 2467 2476 2485 2494 
5 -2716 2323 2431 2440 2449 2458 2467 2476 2485 2494 
5 -2725 2323 2431 2440 2449 2458 2467 2476 2485 2494 
5 -2734 2323 2431 2440 2449 2458 2467 2476 2485 2494 
5 -2744 2323 2431 2440 2449 2458 2467 2476 2485 2494 
5 -2754 2323 2431 2440 2449 2458 2467 2476 2485 2494 
5 -2764 2323 2431 2440 2449 2458 2467 2476 2485 2494 
5 -2774 2323 2431 2440 2449 2458 2467 2476 2485 2494 
5 -2784 2323 2431 2440 2449 2458 2467 2476 2485 2494 
5 -2794 2323 2431 2440 2449 2458 2467 2476 2485 2494 
5 -2804 2350 2503 2513 2523 2533 2543 2553 2563 2573 2671 2680 2689 2698 2707 2716 2725 
5 -2813 2350 2503 2513 2523 2533 2543 2553 2563 2573 2671 2680 2689 2698 2707 2716 2725 
5 -2822 2350 2503 2513 2523 2533 2543 2553 2563 2573 2671 2680 2689 2698 2707 2716 2725 
5 -2831 2350 2503 2513 2523 2533 2543 2553 2563 2573 2671 2680 2689 2698 2707 2716 2725 
5 -2840 2350 2503 2513 2523 2533 2543 2553 2563 2573 2671 2680 2689 2698 2707 2716 2725 
5 -2849 2350 2503 2513 2523 2533 2543 2553 2563 2573 2671 2680 2689 2698 2707 2716 2725 
5 -2858 334 343 352 361 370 379 388 397 406 967 982 997 1012 1027 1042 1057 1072 1472 1486 1500 1514 1528 1542 1556 1822 1835 1848 1861 1874 1887 2050 2062 2074 2086 2098 2186 2197 2208 2219 2257 2267 2277 2287 2296 2386 2583 2594 2605 2616 2627 2638 2649 2660 2734 2744 2754 2764 2774 2784 2794 2804 2813 2822 2831 2840 2849 
5 -2860 334 343 352 361 370 379 388 397 406 967 982 997 1012 1027 1042 1057 1072 1472 1486 1500 1514 1528 1542 1556 1822 1835 1848 1861 1874 1887 2050 2062 2074 2086 2098 2186 2197 2208 2219 2257 2267 2277 2287 2296 2386 2583 2594 2605 2616 2627 2638 2649 2660 2734 2744 2754 2764 2774 2784 2794 2804 2813 2822 2831 2840 2849 
5 -2862 334 343 352 361 370 379 388 397 406 967 982 997 1012 1027 1042 1057 1072 1472 1486 1500 1514 1528 1542 1556 1822 1835 1848 1861 1874 1887 2050 2062 2074 2086 2098 2186 2197 2208 2219 2257 2267 2277 2287 2296 2386 2583 2594 2605 2616 2627 2638 2649 2660 2734 2744 2754 2764 2774 2784 2794 2804 2813 2822 2831 2840 2849 
5 -2864 334 343 352 361 370 379 388 397 406 967 982 997 1012 1027 1042 1057 1072 1472 1486 1500 1514 1528 1542 1556 1822 1835 1848 1861 1874 1887 2050 2062 2074 2086 2098 2186 2197 2208 2219 2257 2267 2277 2287 2296 2386 2583 2594 2605 2616 2627 2638 2649 2660 2734 2744 2754 2764 2774 2784 2794 2804 2813 2822 2831 2840 2849 
5 -2866 334 343 352 361 370 379 388 397 406 967 982 997 1012 1027 1042 1057 1072 1472 1486 1500 1514 1528 1542 1556 1822 1835 1848 1861 1874 1887 2050 2062 2074 2086 2098 2186 2197 2208 2219 2257 2267 2277 2287 2296 2386 2583 2594 2605 2616 2627 2638 2649 2660 2734 2744 2754 2764 2774 2784 2794 2804 2813 2822 2831 2840 2849 
5 19 21 23 25 27 29 31 33 35 37 40 43 46 49 52 55 58 61 64 68 72 76 80 84 88 92 96 100 105 110 115 120 125 130 135 140 145 151 157 163 169 175 181 187 193 199 206 213 220 227 234 241 248 255 262 270 278 286 294 302 310 318 326 334 343 352 361 370 379 388 397 406 
5 19 21 23 25 27 29 31 33 35 37 40 43 46 49 52 55 58 61 64 68 72 76 80 84 88 92 96 100 105 110 115 120 125 130 135 140 145 151 157 163 169 175 181 187 193 199 206 213 220 227 234 241 248 255 262 270 278 286 294 302 310 318 326 334 343 352 361 370 379 388 397 406 415 424 433 442 451 460 469 478 487 497 507 517 527 537 547 557 567 578 589 600 611 622 633 644 655 667 679 691 703 715 727 739 751 764 777 790 803 816 829 842 855 869 883 897 911 925 939 953 967 982 997 1012 1027 1042 1057 1072 
5 37 40 43 46 49 52 55 58 61 64 68 72 76 80 84 88 92 96 100 105 110 115 120 125 130 135 140 145 151 157 163 169 175 181 187 193 199 206 213 220 227 234 241 248 255 262 270 278 286 294 302 310 318 326 334 343 352 361 370 379 388 397 406 415 424 433 442 451 460 469 478 487 497 507 517 527 537 547 557 567 578 589 600 611 622 633 644 655 667 679 691 703 715 727 739 751 764 777 790 803 816 829 842 855 869 883 897 911 925 939 953 967 982 997 1012 1027 1042 1057 1072 1087 1096 1105 1114 1123 1132 1141 1150 1160 1170 1180 1190 1200 1210 1220 1231 1242 1253 1264 1275 1286 1297 1309 1321 1333 1345 1357 1369 1381 1394 1407 1420 1433 1446 1459 1472 1486 1500 1514 1528 1542 1556 
5 64 68 72 76 80 84 88 92 96 100 105 110 115 120 125 130 135 140 145 151 157 163 169 175 181 187 193 199 206 213 220 227 234 241 248 255 262 270 278 286 294 302 310 318 326 334 343 352 361 370 379 388 397 406 415 424 433 442 451 460 469 478 487 497 507 517 527 537 547 557 567 578 589 600 611 622 633 644 655 667 679 691 703 715 727 739 751 764 777 790 803 816 829 842 855 869 883 897 911 925 939 953 967 982 997 1012 1027 1042 1057 1072 1087 1096 1105 1114 1123 1132 1141 1150 1160 1170 1180 1190 1200 1210 1220 1231 1242 1253 1264 1275 1286 1297 1309 1321 1333 1345 1357 1369 1381 1394 1407 1420 1433 1446 1459 1472 1486 1500 1514 1528 1542 1556 1570 1579 1588 1597 1606 1615 1624 1634 1644 1654 1664 1674 1684 1695 1706 1717 1728 1739 1750 1762 1774 1786 1798 1810 1822 1835 1848 1861 1874 1887 
5 100 105 110 115 120 125 130 135 140 145 151 157 163 169 175 181 187 193 199 206 213 220 227 234 241 248 255 262 270 278 286 294 302 310 318 326 334 343 352 361 370 379 388 397 406 415 424 433 442 451 460 469 478 487 497 507 517 527 537 547 557 567 578 589 600 611 622 633 644 655 667 679 691 703 715 727 739 751 764 777 790 803 816 829 842 855 869 883 897 911 925 939 953 967 982 997 1012 1027 1042 1057 1072 1087 1096 1105 1114 1123 1132 1141 1150 1160 1170 1180 1190 1200 1210 1220 1231 1242 1253 1264 1275 1286 1297 1309 1321 1333 1345 1357 1369 1381 1394 1407 1420 1433 1446 1459 1472 1486 1500 1514 1528 1542 1556 1570 1579 1588 1597 1606 1615 1624 1634 1644 1654 1664 1674 1684 1695 1706 1717 1728 1739 1750 1762 1774 1786 1798 1810 1822 1835 1848 1861 1874 1887 1900 1909 1918 1927 1936 1945 1955 1965 1975 1985 1995 2006 2017 2028 2039 2050 2062 2074 2086 2098 
5 145 151 157 163 169 175 181 187 193 199 206 213 220 227 234 241 248 255 262 270 278 286 294 302 310 318 326 334 343 352 361 370 379 388 397 406 415 424 433 442 451 460 469 478 487 497 507 517 527 537 547 557 567 578 589 600 611 622 633 644 655 667 679 691 703 715 727 739 751 764 777 790 803 816 829 842 855 869 883 897 911 925 939 953 967 982 997 1012 1027 1042 1057 1072 1087 1096 1105 1114 1123 1132 1141 1150 1160 1170 1180 1190 1200 1210 1220 1231 1242 1253 1264 1275 1286 1297 1309 1321 1333 1345 1357 1369 1381 1394 1407 1420 1433 1446 1459 1472 1486 1500 1514 1528 1542 1556 1570 1579 1588 1597 1606 1615 1624 1634 1644 1654 1664 1674 1684 1695 1706 1717 1728 1739 1750 1762 1774 1786 1798 1810 1822 1835 1848 1861 1874 1887 1900 1909 1918 1927 1936 1945 1955 1965 1975 1985 1995 2006 2017 2028 2039 2050 2062 2074 2086 2098 2110 2119 2128 2137 2146 2156 2166 2176 2186 2197 2208 2219 
5 199 206 213 220 227 234 241 248 255 262 270 278 286 294 302 310 318 326 334 343 352 361 370 379 388 397 406 415 424 433 442 451 460 469 478 487 497 507 517 527 537 547 557 567 578 589 600 611 622 633 644 655 667 679 691 703 715 727 739 751 764 777 790 803 816 829 842 855 869 883 897 911 925 939 953 967 982 997 1012 1027 1042 1057 1072 1087 1096 1105 1114 1123 1132 1141 1150 1160 1170 1180 1190 1200 1210 1220 1231 1242 1253 1264 1275 1286 1297 1309 1321 1333 1345 1357 1369 1381 1394 1407 1420 1433 1446 1459 1472 1486 1500 1514 1528 1542 1556 1570 1579 1588 1597 1606 1615 1624 1634 1644 1654 1664 1674 1684 1695 1706 1717 1728 1739 1750 1762 1774 1786 1798 1810 1822 1835 1848 1861 1874 1887 1900 1909 1918 1927 1936 1945 1955 1965 1975 1985 1995 2006 2017 2028 2039 2050 2062 2074 2086 2098 2110 2119 2128 2137 2146 2156 2166 2176 2186 2197 2208 2219 2230 2239 2248 2257 2267 2277 
5 262 270 278 286 294 302 310 318 326 334 343 352 361 370 379 388 397 406 415 424 433 442 451 460 469 478 487 497 507 517 527 537 547 557 567 578 589 600 611 622 633 644 655 667 679 691 703 715 727 739 751 764 777 790 803 816 829 842 855 869 883 897 911 925 939 953 967 982 997 1012 1027 1042 1057 1072 1087 1096 1105 1114 1123 1132 1141 1150 1160 1170 1180 1190 1200 1210 1220 1231 1242 1253 1264 1275 1286 1297 1309 1321 1333 1345 1357 1369 1381 1394 1407 1420 1433 1446 1459 1472 1486 1500 1514 1528 1542 1556 1570 1579 1588 1597 1606 1615 1624 1634 1644 1654 1664 1674 1684 1695 1706 1717 1728 1739 1750 1762 1774 1786 1798 1810 1822 1835 1848 1861 1874 1887 1900 1909 1918 1927 1936 1945 1955 1965 1975 1985 1995 2006 2017 2028 2039 2050 2062 2074 2086 2098 2110 2119 2128 2137 2146 2156 2166 2176 2186 2197 2208 2219 2230 2239 2248 2257 2267 2277 2287 2296 
5 2305 2307 2309 2311 2313 2315 2317 2319 2321 2323 2326 2329 2332 2335 2338 2341 2344 2347 2350 2354 2358 2362 2366 2370 2374 2378 2382 2386 2391 2396 2401 2406 2411 2416 2421 2426 
5 2305 2307 2309 2311 2313 2315 2317 2319 2321 2323 2326 2329 2332 2335 2338 2341 2344 2347 2350 2354 2358 2362 2366 2370 2374 2378 2382 2386 2391 2396 2401 2406 2411 2416 2421 2426 2431 2440 2449 2458 2467 2476 2485 2494 2503 2513 2523 2533 2543 2553 2563 2573 2583 2594 2605 2616 2627 2638 2649 2660 
5 2323 2326 2329 2332 2335 2338 2341 2344 2347 2350 2354 2358 2362 2366 2370 2374 2378 2382 2386 2391 2396 2401 2406 2411 2416 2421 2426 2431 2440 2449 2458 2467 2476 2485 2494 2503 2513 2523 2533 2543 2553 2563 2573 2583 2594 2605 2616 2627 2638 2649 2660 2671 2680 2689 2698 2707 2716 2725 2734 2744 2754 2764 2774 2784 2794 
5 2350 2354 2358 2362 2366 2370 2374 2378 2382 2386 2391 2396 2401 2406 2411 2416 2421 2426 2431 2440 2449 2458 2467 2476 2485 2494 2503 2513 2523 2533 2543 2553 2563 2573 2583 2594 2605 2616 2627 2638 2649 2660 2671 2680 2689 2698 2707 2716 2725 2734 2744 2754 2764 2774 2784 2794 2804 2813 2822 2831 2840 2849 
5 -1 2 
5 -3 4 
5 -5 6 
5 -7 8 
5 -9 10 
5 -11 12 
5 -13 14 
5 -15 16 
5 -17 18 
5 -19 20 
5 -21 22 
5 -23 24 
5 -25 26 
5 -27 28 
5 -29 30 
5 -31 32 
5 -33 34 
5 -35 36 
5 -37 38 
5 -37 39 
5 -40 41 
5 -40 42 
5 -43 44 
5 -43 45 
5 -46 47 
5 -46 48 
5 -49 50 
5 -49 51 
5 -52 53 
5 -52 54 
5 -55 56 
5 -55 57 
5 -58 59 
5 -58 60 
5 -61 62 
5 -61 63 
5 -64 65 
5 -64 66 
5 -64 67 
5 -68 69 
5 -68 70 
5 -68 71 
5 -72 73 
5 -72 74 
5 -72 75 
5 -76 77 
5 -76 78 
5 -76 79 
5 -80 81 
5 -80 82 
5 -80 83 
5 -84 85 
5 -84 86 
5 -84 87 
5 -88 89 
5 -88 90 
5 -88 91 
5 -92 93 
5 -92 94 
5 -92 95 
5 -96 97 
5 -96 98 
5 -96 99 
5 -100 101 
5 -100 102 
5 -100 103 
5 -100 104 
5 -105 106 
5 -105 107 
5 -105 108 
5 -105 109 
5 -110 111 
5 -110 112 
5 -110 113 
5 -110 114 
5 -115 116 
5 -115 117 
5 -115 118 
5 -115 119 
5 -120 121 
5 -120 122 
5 -120 123 
5 -120 124 
5 -125 126 
5 -125 127 
5 -125 128 
5 -125 129 
5 -130 131 
5 -130 132 
5 -130 133 
5 -130 134 
5 -135 136 
5 -135 137 
5 -135 138 
5 -135 139 
5 -140 141 
5 -140 142 
5 -140 143 
5 -140 144 
5 -145 146 
5 -145 147 
5 -145 148 
5 -145 149 
5 -145 150 
5 -151 152 
5 -151 153 
5 -151 154 
5 -151 155 
5 -151 156 
5 -157 158 
5 -157 159 
5 -157 160 
5 -157 161 
5 -157 162 
5 -163 164 
5 -163 165 
5 -163 166 
5 -163 167 
5 -163 168 
5 -169 170 
5 -169 171 
5 -169 172 
5 -169 173 
5 -169 174 
5 -175 176 
5 -175 177 
5 -175 178 
5 -175 179 
5 -175 180 
5 -181 182 
5 -181 183 
5 -181 184 
5 -181 185 
5 -181 186 
5 -187 188 
5 -187 189 
5 -187 190 
5 -187 191 
5 -187 192 
5 -193 194 
5 -193 195 
5 -193 196 
5 -193 197 
5 -193 198 
5 -199 200 
5 -199 201 
5 -199 202 
5 -199 203 
5 -199 204 
5 -199 205 
5 -206 207 
5 -206 208 
5 -206 209 
5 -206 210 
5 -206 211 
5 -206 212 
5 -213 214 
5 -213 215 
5 -213 216 
5 -213 217 
5 -213 218 
5 -213 219 
5 -220 221 
5 -220 222 
5 -220 223 
5 -220 224 
5 -220 225 
5 -220 226 
5 -227 228 
5 -227 229 
5 -227 230 
5 -227 231 
5 -227 232 
5 -227 233 
5 -234 235 
5 -234 236 
5 -234 237 
5 -234 238 
5 -234 239 
5 -234 240 
5 -241 242 
5 -241 243 
5 -241 244 
5 -241 245 
5 -241 246 
5 -241 247 
5 -248 249 
5 -248 250 
5 -248 251 
5 -248 252 
5 -248 253 
5 -248 254 
5 -255 256 
5 -255 257 
5 -255 258 
5 -255 259 
5 -255 260 
5 -255 261 
5 -262 263 
5 -262 264 
5 -262 265 
5 -262 266 
5 -262 267 
5 -262 268 
5 -262 269 
5 -270 271 
5 -270 272 
5 -270 273 
5 -270 274 
5 -270 275 
5 -270 276 
5 -270 277 
5 -278 279 
5 -278 280 
5 -278 281 
5 -278 282 
5 -278 283 
5 -278 284 
5 -278 285 
5 -286 287 
5 -286 288 
5 -286 289 
5 -286 290 
5 -286 291 
5 -286 292 
5 -286 293 
5 -294 295 
5 -294 296 
5 -294 297 
5 -294 298 
5 -294 299 
5 -294 300 
5 -294 301 
5 -302 303 
5 -302 304 
5 -302 305 
5 -302 306 
5 -302 307 
5 -302 308 
5 -302 309 
5 -310 311 
5 -310 312 
5 -310 313 
5 -310 314 
5 -310 315 
5 -310 316 
5 -310 317 
5 -318 319 
5 -318 320 
5 -318 321 
5 -318 322 
5 -318 323 
5 -318 324 
5 -318 325 
5 -326 327 
5 -326 328 
5 -326 329 
5 -326 330 
5 -326 331 
5 -326 332 
5 -326 333 
5 -334 335 
5 -334 336 
5 -334 337 
5 -334 338 
5 -334 339 
5 -334 340 
5 -334 341 
5 -334 342 
5 -343 344 
5 -343 345 
5 -343 346 
5 -343 347 
5 -343 348 
5 -343 349 
5 -343 350 
5 -343 351 
5 -352 353 
5 -352 354 
5 -352 355 
5 -352 356 
5 -352 357 
5 -352 358 
5 -352 359 
5 -352 360 
5 -361 362 
5 -361 363 
5 -361 364 
5 -361 365 
5 -361 366 
5 -361 367 
5 -361 368 
5 -361 369 
5 -370 371 
5 -370 372 
5 -370 373 
5 -370 374 
5 -370 375 
5 -370 376 
5 -370 377 
5 -370 378 
5 -379 380 
5 -379 381 
5 -379 382 
5 -379 383 
5 -379 384 
5 -379 385 
5 -379 386 
5 -379 387 
5 -388 389 
5 -388 390 
5 -388 391 
5 -388 392 
5 -388 393 
5 -388 394 
5 -388 395 
5 -388 396 
5 -397 398 
5 -397 399 
5 -397 400 
5 -397 401 
5 -397 402 
5 -397 403 
5 -397 404 
5 -397 405 
5 -406 407 
5 -406 408 
5 -406 409 
5 -406 410 
5 -406 411 
5 -406 412 
5 -406 413 
5 -406 414 
5 -415 416 
5 -415 417 
5 -415 418 
5 -415 419 
5 -415 420 
5 -415 421 
5 -415 422 
5 -415 423 
5 -424 425 
5 -424 426 
5 -424 427 
5 -424 428 
5 -424 429 
5 -424 430 
5 -424 431 
5 -424 432 
5 -433 434 
5 -433 435 
5 -433 436 
5 -433 437 
5 -433 438 
5 -433 439 
5 -433 440 
5 -433 441 
5 -442 443 
5 -442 444 
5 -442 445 
5 -442 446 
5 -442 447 
5 -442 448 
5 -442 449 
5 -442 450 
5 -451 452 
5 -451 453 
5 -451 454 
5 -451 455 
5 -451 456 
5 -451 457 
5 -451 458 
5 -451 459 
5 -460 461 
5 -460 462 
5 -460 463 
5 -460 464 
5 -460 465 
5 -460 466 
5 -460 467 
5 -460 468 
5 -469 470 
5 -469 471 
5 -469 472 
5 -469 473 
5 -469 474 
5 -469 475 
5 -469 476 
5 -469 477 
5 -478 479 
5 -478 480 
5 -478 481 
5 -478 482 
5 -478 483 
5 -478 484 
5 -478 485 
5 -478 486 
5 -487 488 
5 -487 489 
5 -487 490 
5 -487 491 
5 -487 492 
5 -487 493 
5 -487 494 
5 -487 495 
5 -487 496 
5 -497 498 
5 -497 499 
5 -497 500 
5 -497 501 
5 -497 502 
5 -497 503 
5 -497 504 
5 -497 505 
5 -497 506 
5 -507 508 
5 -507 509 
5 -507 510 
5 -507 511 
5 -507 512 
5 -507 513 
5 -507 514 
5 -507 515 
5 -507 516 
5 -517 518 
5 -517 519 
5 -517 520 
5 -517 521 
5 -517 522 
5 -517 523 
5 -517 524 
5 -517 525 
5 -517 526 
5 -527 528 
5 -527 529 
5 -527 530 
5 -527 531 
5 -527 532 
5 -527 533 
5 -527 534 
5 -527 535 
5 -527 536 
5 -537 538 
5 -537 539 
5 -537 540 
5 -537 541 
5 -537 542 
5 -537 543 
5 -537 544 
5 -537 545 
5 -537 546 
5 -547 548 
5 -547 549 
5 -547 550 
5 -547 551 
5 -547 552 
5 -547 553 
5 -547 554 
5 -547 555 
5 -547 556 
5 -557 558 
5 -557 559 
5 -557 560 
5 -557 561 
5 -557 562 
5 -557 563 
5 -557 564 
5 -557 565 
5 -557 566 
5 -567 568 
5 -567 569 
5 -567 570 
5 -567 571 
5 -567 572 
5 -567 573 
5 -567 574 
5 -567 575 
5 -567 576 
5 -567 577 
5 -578 579 
5 -578 580 
5 -578 581 
5 -578 582 
5 -578 583 
5 -578 584 
5 -578 585 
5 -578 586 
5 -578 587 
5 -578 588 
5 -589 590 
5 -589 591 
5 -589 592 
5 -589 593 
5 -589 594 
5 -589 595 
5 -589 596 
5 -589 597 
5 -589 598 
5 -589 599 
5 -600 601 
5 -600 602 
5 -600 603 
5 -600 604 
5 -600 605 
5 -600 606 
5 -600 607 
5 -600 608 
5 -600 609 
5 -600 610 
5 -611 612 
5 -611 613 
5 -611 614 
5 -611 615 
5 -611 616 
5 -611 617 
5 -611 618 
5 -611 619 
5 -611 620 
5 -611 621 
5 -622 623 
5 -622 624 
5 -622 625 
5 -622 626 
5 -622 627 
5 -622 628 
5 -622 629 
5 -622 630 
5 -622 631 
5 -622 632 
5 -633 634 
5 -633 635 
5 -633 636 
5 -633 637 
5 -633 638 
5 -633 639 
5 -633 640 
5 -633 641 
5 -633 642 
5 -633 643 
5 -644 645 
5 -644 646 
5 -644 647 
5 -644 648 
5 -644 649 
5 -644 650 
5 -644 651 
5 -644 652 
5 -644 653 
5 -644 654 
5 -655 656 
5 -655 657 
5 -655 658 
5 -655 659 
5 -655 660 
5 -655 661 
5 -655 662 
5 -655 663 
5 -655 664 
5 -655 665 
5 -655 666 
5 -667 668 
5 -667 669 
5 -667 670 
5 -667 671 
5 -667 672 
5 -667 673 
5 -667 674 
5 -667 675 
5 -667 676 
5 -667 677 
5 -667 678 
5 -679 680 
5 -679 681 
5 -679 682 
5 -679 683 
5 -679 684 
5 -679 685 
5 -679 686 
5 -679 687 
5 -679 688 
5 -679 689 
5 -679 690 
5 -691 692 
5 -691 693 
5 -691 694 
5 -691 695 
5 -691 696 
5 -691 697 
5 -691 698 
5 -691 699 
5 -691 700 
5 -691 701 
5 -691 702 
5 -703 704 
5 -703 705 
5 -703 706 
5 -703 707 
5 -703 708 
5 -703 709 
5 -703 710 
5 -703 711 
5 -703 712 
5 -703 713 
5 -703 714 
5 -715 716 
5 -715 717 
5 -715 718 
5 -715 719 
5 -715 720 
5 -715 721 
5 -715 722 
5 -715 723 
5 -715 724 
5 -715 725 
5 -715 726 
5 -727 728 
5 -727 729 
5 -727 730 
5 -727 731 
5 -727 732 
5 -727 733 
5 -727 734 
5 -727 735 
5 -727 736 
5 -727 737 
5 -727 738 
5 -739 740 
5 -739 741 
5 -739 742 
5 -739 743 
5 -739 744 
5 -739 745 
5 -739 746 
5 -739 747 
5 -739 748 
5 -739 749 
5 -739 750 
5 -751 752 
5 -751 753 
5 -751 754 
5 -751 755 
5 -751 756 
5 -751 757 
5 -751 758 
5 -751 759 
5 -751 760 
5 -751 761 
5 -751 762 
5 -751 763 
5 -764 765 
5 -764 766 
5 -764 767 
5 -764 768 
5 -764 769 
5 -764 770 
5 -764 771 
5 -764 772 
5 -764 773 
5 -764 774 
5 -764 775 
5 -764 776 
5 -777 778 
5 -777 779 
5 -777 780 
5 -777 781 
5 -777 782 
5 -777 783 
5 -777 784 
5 -777 785 
5 -777 786 
5 -777 787 
5 -777 788 
5 -777 789 
5 -790 791 
5 -790 792 
5 -790 793 
5 -790 794 
5 -790 795 
5 -790 796 
5 -790 797 
5 -790 798 
5 -790 799 
5 -790 800 
5 -790 801 
5 -790 802 
5 -803 804 
5 -803 805 
5 -803 806 
5 -803 807 
5 -803 808 
5 -803 809 
5 -803 810 
5 -803 811 
5 -803 812 
5 -803 813 
5 -803 814 
5 -803 815 
5 -816 817 
5 -816 818 
5 -816 819 
5 -816 820 
5 -816 821 
5 -816 822 
5 -816 823 
5 -816 824 
5 -816 825 
5 -816 826 
5 -816 827 
5 -816 828 
5 -829 830 
5 -829 831 
5 -829 832 
5 -829 833 
5 -829 834 
5 -829 835 
5 -829 836 
5 -829 837 
5 -829 838 
5 -829 839 
5 -829 840 
5 -829 841 
5 -842 843 
5 -842 844 
5 -842 845 
5 -842 846 
5 -842 847 
5 -842 848 
5 -842 849 
5 -842 850 
5 -842 851 
5 -842 852 
5 -842 853 
5 -842 854 
5 -855 856 
5 -855 857 
5 -855 858 
5 -855 859 
5 -855 860 
5 -855 861 
5 -855 862 
5 -855 863 
5 -855 864 
5 -855 865 
5 -855 866 
5 -855 867 
5 -855 868 
5 -869 870 
5 -869 871 
5 -869 872 
5 -869 873 
5 -869 874 
5 -869 875 
5 -869 876 
5 -869 877 
5 -869 878 
5 -869 879 
5 -869 880 
5 -869 881 
5 -869 882 
5 -883 884 
5 -883 885 
5 -883 886 
5 -883 887 
5 -883 888 
5 -883 889 
5 -883 890 
5 -883 891 
5 -883 892 
5 -883 893 
5 -883 894 
5 -883 895 
5 -883 896 
5 -897 898 
5 -897 899 
5 -897 900 
5 -897 901 
5 -897 902 
5 -897 903 
5 -897 904 
5 -897 905 
5 -897 906 
5 -897 907 
5 -897 908 
5 -897 909 
5 -897 910 
5 -911 912 
5 -911 913 
5 -911 914 
5 -911 915 
5 -911 916 
5 -911 917 
5 -911 918 
5 -911 919 
5 -911 920 
5 -911 921 
5 -911 922 
5 -911 923 
5 -911 924 
5 -925 926 
5 -925 927 
5 -925 928 
5 -925 929 
5 -925 930 
5 -925 931 
5 -925 932 
5 -925 933 
5 -925 934 
5 -925 935 
5 -925 936 
5 -925 937 
5 -925 938 
5 -939 940 
5 -939 941 
5 -939 942 
5 -939 943 
5 -939 944 
5 -939 945 
5 -939 946 
5 -939 947 
5 -939 948 
5 -939 949 
5 -939 950 
5 -939 951 
5 -939 952 
5 -953 954 
5 -953 955 
5 -953 956 
5 -953 957 
5 -953 958 
5 -953 959 
5 -953 960 
5 -953 961 
5 -953 962 
5 -953 963 
5 -953 964 
5 -953 965 
5 -953 966 
5 -967 968 
5 -967 969 
5 -967 970 
5 -967 971 
5 -967 972 
5 -967 973 
5 -967 974 
5 -967 975 
5 -967 976 
5 -967 977 
5 -967 978 
5 -967 979 
5 -967 980 
5 -967 981 
5 -982 983 
5 -982 984 
5 -982 985 
5 -982 986 
5 -982 987 
5 -982 988 
5 -982 989 
5 -982 990 
5 -982 991 
5 -982 992 
5 -982 993 
5 -982 994 
5 -982 995 
5 -982 996 
5 -997 998 
5 -997 999 
5 -997 1000 
5 -997 1001 
5 -997 1002 
5 -997 1003 
5 -997 1004 
5 -997 1005 
5 -997 1006 
5 -997 1007 
5 -997 1008 
5 -997 1009 
5 -997 1010 
5 -997 1011 
5 -1012 1013 
5 -1012 1014 
5 -1012 1015 
5 -1012 1016 
5 -1012 1017 
5 -1012 1018 
5 -1012 1019 
5 -1012 1020 
5 -1012 1021 
5 -1012 1022 
5 -1012 1023 
5 -1012 1024 
5 -1012 1025 
5 -1012 1026 
5 -1027 1028 
5 -1027 1029 
5 -1027 1030 
5 -1027 1031 
5 -1027 1032 
5 -1027 1033 
5 -1027 1034 
5 -1027 1035 
5 -1027 1036 
5 -1027 1037 
5 -1027 1038 
5 -1027 1039 
5 -1027 1040 
5 -1027 1041 
5 -1042 1043 
5 -1042 1044 
5 -1042 1045 
5 -1042 1046 
5 -1042 1047 
5 -1042 1048 
5 -1042 1049 
5 -1042 1050 
5 -1042 1051 
5 -1042 1052 
5 -1042 1053 
5 -1042 1054 
5 -1042 1055 
5 -1042 1056 
5 -1057 1058 
5 -1057 1059 
5 -1057 1060 
5 -1057 1061 
5 -1057 1062 
5 -1057 1063 
5 -1057 1064 
5 -1057 1065 
5 -1057 1066 
5 -1057 1067 
5 -1057 1068 
5 -1057 1069 
5 -1057 1070 
5 -1057 1071 
5 -1072 1073 
5 -1072 1074 
5 -1072 1075 
5 -1072 1076 
5 -1072 1077 
5 -1072 1078 
5 -1072 1079 
5 -1072 1080 
5 -1072 1081 
5 -1072 1082 
5 -1072 1083 
5 -1072 1084 
5 -1072 1085 
5 -1072 1086 
5 -1087 1088 
5 -1087 1089 
5 -1087 1090 
5 -1087 1091 
5 -1087 1092 
5 -1087 1093 
5 -1087 1094 
5 -1087 1095 
5 -1096 1097 
5 -1096 1098 
5 -1096 1099 
5 -1096 1100 
5 -1096 1101 
5 -1096 1102 
5 -1096 1103 
5 -1096 1104 
5 -1105 1106 
5 -1105 1107 
5 -1105 1108 
5 -1105 1109 
5 -1105 1110 
5 -1105 1111 
5 -1105 1112 
5 -1105 1113 
5 -1114 1115 
5 -1114 1116 
5 -1114 1117 
5 -1114 1118 
5 -1114 1119 
5 -1114 1120 
5 -1114 1121 
5 -1114 1122 
5 -1123 1124 
5 -1123 1125 
5 -1123 1126 
5 -1123 1127 
5 -1123 1128 
5 -1123 1129 
5 -1123 1130 
5 -1123 1131 
5 -1132 1133 
5 -1132 1134 
5 -1132 1135 
5 -1132 1136 
5 -1132 1137 
5 -1132 1138 
5 -1132 1139 
5 -1132 1140 
5 -1141 1142 
5 -1141 1143 
5 -1141 1144 
5 -1141 1145 
5 -1141 1146 
5 -1141 1147 
5 -1141 1148 
5 -1141 1149 
5 -1150 1151 
5 -1150 1152 
5 -1150 1153 
5 -1150 1154 
5 -1150 1155 
5 -1150 1156 
5 -1150 1157 
5 -1150 1158 
5 -1150 1159 
5 -1160 1161 
5 -1160 1162 
5 -1160 1163 
5 -1160 1164 
5 -1160 1165 
5 -1160 1166 
5 -1160 1167 
5 -1160 1168 
5 -1160 1169 
5 -1170 1171 
5 -1170 1172 
5 -1170 1173 
5 -1170 1174 
5 -1170 1175 
5 -1170 1176 
5 -1170 1177 
5 -1170 1178 
5 -1170 1179 
5 -1180 1181 
5 -1180 1182 
5 -1180 1183 
5 -1180 1184 
5 -1180 1185 
5 -1180 1186 
5 -1180 1187 
5 -1180 1188 
5 -1180 1189 
5 -1190 1191 
5 -1190 1192 
5 -1190 1193 
5 -1190 1194 
5 -1190 1195 
5 -1190 1196 
5 -1190 1197 
5 -1190 1198 
5 -1190 1199 
5 -1200 1201 
5 -1200 1202 
5 -1200 1203 
5 -1200 1204 
5 -1200 1205 
5 -1200 1206 
5 -1200 1207 
5 -1200 1208 
5 -1200 1209 
5 -1210 1211 
5 -1210 1212 
5 -1210 1213 
5 -1210 1214 
5 -1210 1215 
5 -1210 1216 
5 -1210 1217 
5 -1210 1218 
5 -1210 1219 
5 -1220 1221 
5 -1220 1222 
5 -1220 1223 
5 -1220 1224 
5 -1220 1225 
5 -1220 1226 
5 -1220 1227 
5 -1220 1228 
5 -1220 1229 
5 -1220 1230 
5 -1231 1232 
5 -1231 1233 
5 -1231 1234 
5 -1231 1235 
5 -1231 1236 
5 -1231 1237 
5 -1231 1238 
5 -1231 1239 
5 -1231 1240 
5 -1231 1241 
5 -1242 1243 
5 -1242 1244 
5 -1242 1245 
5 -1242 1246 
5 -1242 1247 
5 -1242 1248 
5 -1242 1249 
5 -1242 1250 
5 -1242 1251 
5 -1242 1252 
5 -1253 1254 
5 -1253 1255 
5 -1253 1256 
5 -1253 1257 
5 -1253 1258 
5 -1253 1259 
5 -1253 1260 
5 -1253 1261 
5 -1253 1262 
5 -1253 1263 
5 -1264 1265 
5 -1264 1266 
5 -1264 1267 
5 -1264 1268 
5 -1264 1269 
5 -1264 1270 
5 -1264 1271 
5 -1264 1272 
5 -1264 1273 
5 -1264 1274 
5 -1275 1276 
5 -1275 1277 
5 -1275 1278 
5 -1275 1279 
5 -1275 1280 
5 -1275 1281 
5 -1275 1282 
5 -1275 1283 
5 -1275 1284 
5 -1275 1285 
5 -1286 1287 
5 -1286 1288 
5 -1286 1289 
5 -1286 1290 
5 -1286 1291 
5 -1286 1292 
5 -1286 1293 
5 -1286 1294 
5 -1286 1295 
5 -1286 1296 
5 -1297 1298 
5 -1297 1299 
5 -1297 1300 
5 -1297 1301 
5 -1297 1302 
5 -1297 1303 
5 -1297 1304 
5 -1297 1305 
5 -1297 1306 
5 -1297 1307 
5 -1297 1308 
5 -1309 1310 
5 -1309 1311 
5 -1309 1312 
5 -1309 1313 
5 -1309 1314 
5 -1309 1315 
5 -1309 1316 
5 -1309 1317 
5 -1309 1318 
5 -1309 1319 
5 -1309 1320 
5 -1321 1322 
5 -1321 1323 
5 -1321 1324 
5 -1321 1325 
5 -1321 1326 
5 -1321 1327 
5 -1321 1328 
5 -1321 1329 
5 -1321 1330 
5 -1321 1331 
5 -1321 1332 
5 -1333 1334 
5 -1333 1335 
5 -1333 1336 
5 -1333 1337 
5 -1333 1338 
5 -1333 1339 
5 -1333 1340 
5 -1333 1341 
5 -1333 1342 
5 -1333 1343 
5 -1333 1344 
5 -1345 1346 
5 -1345 1347 
5 -1345 1348 
5 -1345 1349 
5 -1345 1350 
5 -1345 1351 
5 -1345 1352 
5 -1345 1353 
5 -1345 1354 
5 -1345 1355 
5 -1345 1356 
5 -1357 1358 
5 -1357 1359 
5 -1357 1360 
5 -1357 1361 
5 -1357 1362 
5 -1357 1363 
5 -1357 1364 
5 -1357 1365 
5 -1357 1366 
5 -1357 1367 
5 -1357 1368 
5 -1369 1370 
5 -1369 1371 
5 -1369 1372 
5 -1369 1373 
5 -1369 1374 
5 -1369 1375 
5 -1369 1376 
5 -1369 1377 
5 -1369 1378 
5 -1369 1379 
5 -1369 1380 
5 -1381 1382 
5 -1381 1383 
5 -1381 1384 
5 -1381 1385 
5 -1381 1386 
5 -1381 1387 
5 -1381 1388 
5 -1381 1389 
5 -1381 1390 
5 -1381 1391 
5 -1381 1392 
5 -1381 1393 
5 -1394 1395 
5 -1394 1396 
5 -1394 1397 
5 -1394 1398 
5 -1394 1399 
5 -1394 1400 
5 -1394 1401 
5 -1394 1402 
5 -1394 1403 
5 -1394 1404 
5 -1394 1405 
5 -1394 1406 
5 -1407 1408 
5 -1407 1409 
5 -1407 1410 
5 -1407 1411 
5 -1407 1412 
5 -1407 1413 
5 -1407 1414 
5 -1407 1415 
5 -1407 1416 
5 -1407 1417 
5 -1407 1418 
5 -1407 1419 
5 -1420 1421 
5 -1420 1422 
5 -1420 1423 
5 -1420 1424 
5 -1420 1425 
5 -1420 1426 
5 -1420 1427 
5 -1420 1428 
5 -1420 1429 
5 -1420 1430 
5 -1420 1431 
5 -1420 1432 
5 -1433 1434 
5 -1433 1435 
5 -1433 1436 
5 -1433 1437 
5 -1433 1438 
5 -1433 1439 
5 -1433 1440 
5 -1433 1441 
5 -1433 1442 
5 -1433 1443 
5 -1433 1444 
5 -1433 1445 
5 -1446 1447 
5 -1446 1448 
5 -1446 1449 
5 -1446 1450 
5 -1446 1451 
5 -1446 1452 
5 -1446 1453 
5 -1446 1454 
5 -1446 1455 
5 -1446 1456 
5 -1446 1457 
5 -1446 1458 
5 -1459 1460 
5 -1459 1461 
5 -1459 1462 
5 -1459 1463 
5 -1459 1464 
5 -1459 1465 
5 -1459 1466 
5 -1459 1467 
5 -1459 1468 
5 -1459 1469 
5 -1459 1470 
5 -1459 1471 
5 -1472 1473 
5 -1472 1474 
5 -1472 1475 
5 -1472 1476 
5 -1472 1477 
5 -1472 1478 
5 -1472 1479 
5 -1472 1480 
5 -1472 1481 
5 -1472 1482 
5 -1472 1483 
5 -1472 1484 
5 -1472 1485 
5 -1486 1487 
5 -1486 1488 
5 -1486 1489 
5 -1486 1490 
5 -1486 1491 
5 -1486 1492 
5 -1486 1493 
5 -1486 1494 
5 -1486 1495 
5 -1486 1496 
5 -1486 1497 
5 -1486 1498 
5 -1486 1499 
5 -1500 1501 
5 -1500 1502 
5 -1500 1503 
5 -1500 1504 
5 -1500 1505 
5 -1500 1506 
5 -1500 1507 
5 -1500 1508 
5 -1500 1509 
5 -1500 1510 
5 -1500 1511 
5 -1500 1512 
5 -1500 1513 
5 -1514 1515 
5 -1514 1516 
5 -1514 1517 
5 -1514 1518 
5 -1514 1519 
5 -1514 1520 
5 -1514 1521 
5 -1514 1522 
5 -1514 1523 
5 -1514 1524 
5 -1514 1525 
5 -1514 1526 
5 -1514 1527 
5 -1528 1529 
5 -1528 1530 
5 -1528 1531 
5 -1528 1532 
5 -1528 1533 
5 -1528 1534 
5 -1528 1535 
5 -1528 1536 
5 -1528 1537 
5 -1528 1538 
5 -1528 1539 
5 -1528 1540 
5 -1528 1541 
5 -1542 1543 
5 -1542 1544 
5 -1542 1545 
5 -1542 1546 
5 -1542 1547 
5 -1542 1548 
5 -1542 1549 
5 -1542 1550 
5 -1542 1551 
5 -1542 1552 
5 -1542 1553 
5 -1542 1554 
5 -1542 1555 
5 -1556 1557 
5 -1556 1558 
5 -1556 1559 
5 -1556 1560 
5 -1556 1561 
5 -1556 1562 
5 -1556 1563 
5 -1556 1564 
5 -1556 1565 
5 -1556 1566 
5 -1556 1567 
5 -1556 1568 
5 -1556 1569 
5 -1570 1571 
5 -1570 1572 
5 -1570 1573 
5 -1570 1574 
5 -1570 1575 
5 -1570 1576 
5 -1570 1577 
5 -1570 1578 
5 -1579 1580 
5 -1579 1581 
5 -1579 1582 
5 -1579 1583 
5 -1579 1584 
5 -1579 1585 
5 -1579 1586 
5 -1579 1587 
5 -1588 1589 
5 -1588 1590 
5 -1588 1591 
5 -1588 1592 
5 -1588 1593 
5 -1588 1594 
5 -1588 1595 
5 -1588 1596 
5 -1597 1598 
5 -1597 1599 
5 -1597 1600 
5 -1597 1601 
5 -1597 1602 
5 -1597 1603 
5 -1597 1604 
5 -1597 1605 
5 -1606 1607 
5 -1606 1608 
5 -1606 1609 
5 -1606 1610 
5 -1606 1611 
5 -1606 1612 
5 -1606 1613 
5 -1606 1614 
5 -1615 1616 
5 -1615 1617 
5 -1615 1618 
5 -1615 1619 
5 -1615 1620 
5 -1615 1621 
5 -1615 1622 
5 -1615 1623 
5 -1624 1625 
5 -1624 1626 
5 -1624 1627 
5 -1624 1628 
5 -1624 1629 
5 -1624 1630 
5 -1624 1631 
5 -1624 1632 
5 -1624 1633 
5 -1634 1635 
5 -1634 1636 
5 -1634 1637 
5 -1634 1638 
5 -1634 1639 
5 -1634 1640 
5 -1634 1641 
5 -1634 1642 
5 -1634 1643 
5 -1644 1645 
5 -1644 1646 
5 -1644 1647 
5 -1644 1648 
5 -1644 1649 
5 -1644 1650 
5 -1644 1651 
5 -1644 1652 
5 -1644 1653 
5 -1654 1655 
5 -1654 1656 
5 -1654 1657 
5 -1654 1658 
5 -1654 1659 
5 -1654 1660 
5 -1654 1661 
5 -1654 1662 
5 -1654 1663 
5 -1664 1665 
5 -1664 1666 
5 -1664 1667 
5 -1664 1668 
5 -1664 1669 
5 -1664 1670 
5 -1664 1671 
5 -1664 1672 
5 -1664 1673 
5 -1674 1675 
5 -1674 1676 
5 -1674 1677 
5 -1674 1678 
5 -1674 1679 
5 -1674 1680 
5 -1674 1681 
5 -1674 1682 
5 -1674 1683 
5 -1684 1685 
5 -1684 1686 
5 -1684 1687 
5 -1684 1688 
5 -1684 1689 
5 -1684 1690 
5 -1684 1691 
5 -1684 1692 
5 -1684 1693 
5 -1684 1694 
5 -1695 1696 
5 -1695 1697 
5 -1695 1698 
5 -1695 1699 
5 -1695 1700 
5 -1695 1701 
5 -1695 1702 
5 -1695 1703 
5 -1695 1704 
5 -1695 1705 
5 -1706 1707 
5 -1706 1708 
5 -1706 1709 
5 -1706 1710 
5 -1706 1711 
5 -1706 1712 
5 -1706 1713 
5 -1706 1714 
5 -1706 1715 
5 -1706 1716 
5 -1717 1718 
5 -1717 1719 
5 -1717 1720 
5 -1717 1721 
5 -1717 1722 
5 -1717 1723 
5 -1717 1724 
5 -1717 1725 
5 -1717 1726 
5 -1717 1727 
5 -1728 1729 
5 -1728 1730 
5 -1728 1731 
5 -1728 1732 
5 -1728 1733 
5 -1728 1734 
5 -1728 1735 
5 -1728 1736 
5 -1728 1737 
5 -1728 1738 
5 -1739 1740 
5 -1739 1741 
5 -1739 1742 
5 -1739 1743 
5 -1739 1744 
5 -1739 1745 
5 -1739 1746 
5 -1739 1747 
5 -1739 1748 
5 -1739 1749 
5 -1750 1751 
5 -1750 1752 
5 -1750 1753 
5 -1750 1754 
5 -1750 1755 
5 -1750 1756 
5 -1750 1757 
5 -1750 1758 
5 -1750 1759 
5 -1750 1760 
5 -1750 1761 
5 -1762 1763 
5 -1762 1764 
5 -1762 1765 
5 -1762 1766 
5 -1762 1767 
5 -1762 1768 
5 -1762 1769 
5 -1762 1770 
5 -1762 1771 
5 -1762 1772 
5 -1762 1773 
5 -1774 1775 
5 -1774 1776 
5 -1774 1777 
5 -1774 1778 
5 -1774 1779 
5 -1774 1780 
5 -1774 1781 
5 -1774 1782 
5 -1774 1783 
5 -1774 1784 
5 -1774 1785 
5 -1786 1787 
5 -1786 1788 
5 -1786 1789 
5 -1786 1790 
5 -1786 1791 
5 -1786 1792 
5 -1786 1793 
5 -1786 1794 
5 -1786 1795 
5 -1786 1796 
5 -1786 1797 
5 -1798 1799 
5 -1798 1800 
5 -1798 1801 
5 -1798 1802 
5 -1798 1803 
5 -1798 1804 
5 -1798 1805 
5 -1798 1806 
5 -1798 1807 
5 -1798 1808 
5 -1798 1809 
5 -1810 1811 
5 -1810 1812 
5 -1810 1813 
5 -1810 1814 
5 -1810 1815 
5 -1810 1816 
5 -1810 1817 
5 -1810 1818 
5 -1810 1819 
5 -1810 1820 
5 -1810 1821 
5 -1822 1823 
5 -1822 1824 
5 -1822 1825 
5 -1822 1826 
5 -1822 1827 
5 -1822 1828 
5 -1822 1829 
5 -1822 1830 
5 -1822 1831 
5 -1822 1832 
5 -1822 1833 
5 -1822 1834 
5 -1835 1836 
5 -1835 1837 
5 -1835 1838 
5 -1835 1839 
5 -1835 1840 
5 -1835 1841 
5 -1835 1842 
5 -1835 1843 
5 -1835 1844 
5 -1835 1845 
5 -1835 1846 
5 -1835 1847 
5 -1848 1849 
5 -1848 1850 
5 -1848 1851 
5 -1848 1852 
5 -1848 1853 
5 -1848 1854 
5 -1848 1855 
5 -1848 1856 
5 -1848 1857 
5 -1848 1858 
5 -1848 1859 
5 -1848 1860 
5 -1861 1862 
5 -1861 1863 
5 -1861 1864 
5 -1861 1865 
5 -1861 1866 
5 -1861 1867 
5 -1861 1868 
5 -1861 1869 
5 -1861 1870 
5 -1861 1871 
5 -1861 1872 
5 -1861 1873 
5 -1874 1875 
5 -1874 1876 
5 -1874 1877 
5 -1874 1878 
5 -1874 1879 
5 -1874 1880 
5 -1874 1881 
5 -1874 1882 
5 -1874 1883 
5 -1874 1884 
5 -1874 1885 
5 -1874 1886 
5 -1887 1888 
5 -1887 1889 
5 -1887 1890 
5 -1887 1891 
5 -1887 1892 
5 -1887 1893 
5 -1887 1894 
5 -1887 1895 
5 -1887 1896 
5 -1887 1897 
5 -1887 1898 
5 -1887 1899 
5 -1900 1901 
5 -1900 1902 
5 -1900 1903 
5 -1900 1904 
5 -1900 1905 
5 -1900 1906 
5 -1900 1907 
5 -1900 1908 
5 -1909 1910 
5 -1909 1911 
5 -1909 1912 
5 -1909 1913 
5 -1909 1914 
5 -1909 1915 
5 -1909 1916 
5 -1909 1917 
5 -1918 1919 
5 -1918 1920 
5 -1918 1921 
5 -1918 1922 
5 -1918 1923 
5 -1918 1924 
5 -1918 1925 
5 -1918 1926 
5 -1927 1928 
5 -1927 1929 
5 -1927 1930 
5 -1927 1931 
5 -1927 1932 
5 -1927 1933 
5 -1927 1934 
5 -1927 1935 
5 -1936 1937 
5 -1936 1938 
5 -1936 1939 
5 -1936 1940 
5 -1936 1941 
5 -1936 1942 
5 -1936 1943 
5 -1936 1944 
5 -1945 1946 
5 -1945 1947 
5 -1945 1948 
5 -1945 1949 
5 -1945 1950 
5 -1945 1951 
5 -1945 1952 
5 -1945 1953 
5 -1945 1954 
5 -1955 1956 
5 -1955 1957 
5 -1955 1958 
5 -1955 1959 
5 -1955 1960 
5 -1955 1961 
5 -1955 1962 
5 -1955 1963 
5 -1955 1964 
5 -1965 1966 
5 -1965 1967 
5 -1965 1968 
5 -1965 1969 
5 -1965 1970 
5 -1965 1971 
5 -1965 1972 
5 -1965 1973 
5 -1965 1974 
5 -1975 1976 
5 -1975 1977 
5 -1975 1978 
5 -1975 1979 
5 -1975 1980 
5 -1975 1981 
5 -1975 1982 
5 -1975 1983 
5 -1975 1984 
5 -1985 1986 
5 -1985 1987 
5 -1985 1988 
5 -1985 1989 
5 -1985 1990 
5 -1985 1991 
5 -1985 1992 
5 -1985 1993 
5 -1985 1994 
5 -1995 1996 
5 -1995 1997 
5 -1995 1998 
5 -1995 1999 
5 -1995 2000 
5 -1995 2001 
5 -1995 2002 
5 -1995 2003 
5 -1995 2004 
5 -1995 2005 
5 -2006 2007 
5 -2006 2008 
5 -2006 2009 
5 -2006 2010 
5 -2006 2011 
5 -2006 2012 
5 -2006 2013 
5 -2006 2014 
5 -2006 2015 
5 -2006 2016 
5 -2017 2018 
5 -2017 2019 
5 -2017 2020 
5 -2017 2021 
5 -2017 2022 
5 -2017 2023 
5 -2017 2024 
5 -2017 2025 
5 -2017 2026 
5 -2017 2027 
5 -2028 2029 
5 -2028 2030 
5 -2028 2031 
5 -2028 2032 
5 -2028 2033 
5 -2028 2034 
5 -2028 2035 
5 -2028 2036 
5 -2028 2037 
5 -2028 2038 
5 -2039 2040 
5 -2039 2041 
5 -2039 2042 
5 -2039 2043 
5 -2039 2044 
5 -2039 2045 
5 -2039 2046 
5 -2039 2047 
5 -2039 2048 
5 -2039 2049 
5 -2050 2051 
5 -2050 2052 
5 -2050 2053 
5 -2050 2054 
5 -2050 2055 
5 -2050 2056 
5 -2050 2057 
5 -2050 2058 
5 -2050 2059 
5 -2050 2060 
5 -2050 2061 
5 -2062 2063 
5 -2062 2064 
5 -2062 2065 
5 -2062 2066 
5 -2062 2067 
5 -2062 2068 
5 -2062 2069 
5 -2062 2070 
5 -2062 2071 
5 -2062 2072 
5 -2062 2073 
5 -2074 2075 
5 -2074 2076 
5 -2074 2077 
5 -2074 2078 
5 -2074 2079 
5 -2074 2080 
5 -2074 2081 
5 -2074 2082 
5 -2074 2083 
5 -2074 2084 
5 -2074 2085 
5 -2086 2087 
5 -2086 2088 
5 -2086 2089 
5 -2086 2090 
5 -2086 2091 
5 -2086 2092 
5 -2086 2093 
5 -2086 2094 
5 -2086 2095 
5 -2086 2096 
5 -2086 2097 
5 -2098 2099 
5 -2098 2100 
5 -2098 2101 
5 -2098 2102 
5 -2098 2103 
5 -2098 2104 
5 -2098 2105 
5 -2098 2106 
5 -2098 2107 
5 -2098 2108 
5 -2098 2109 
5 -2110 2111 
5 -2110 2112 
5 -2110 2113 
5 -2110 2114 
5 -2110 2115 
5 -2110 2116 
5 -2110 2117 
5 -2110 2118 
5 -2119 2120 
5 -2119 2121 
5 -2119 2122 
5 -2119 2123 
5 -2119 2124 
5 -2119 2125 
5 -2119 2126 
5 -2119 2127 
5 -2128 2129 
5 -2128 2130 
5 -2128 2131 
5 -2128 2132 
5 -2128 2133 
5 -2128 2134 
5 -2128 2135 
5 -2128 2136 
5 -2137 2138 
5 -2137 2139 
5 -2137 2140 
5 -2137 2141 
5 -2137 2142 
5 -2137 2143 
5 -2137 2144 
5 -2137 2145 
5 -2146 2147 
5 -2146 2148 
5 -2146 2149 
5 -2146 2150 
5 -2146 2151 
5 -2146 2152 
5 -2146 2153 
5 -2146 2154 
5 -2146 2155 
5 -2156 2157 
5 -2156 2158 
5 -2156 2159 
5 -2156 2160 
5 -2156 2161 
5 -2156 2162 
5 -2156 2163 
5 -2156 2164 
5 -2156 2165 
5 -2166 2167 
5 -2166 2168 
5 -2166 2169 
5 -2166 2170 
5 -2166 2171 
5 -2166 2172 
5 -2166 2173 
5 -2166 2174 
5 -2166 2175 
5 -2176 2177 
5 -2176 2178 
5 -2176 2179 
5 -2176 2180 
5 -2176 2181 
5 -2176 2182 
5 -2176 2183 
5 -2176 2184 
5 -2176 2185 
5 -2186 2187 
5 -2186 2188 
5 -2186 2189 
5 -2186 2190 
5 -2186 2191 
5 -2186 2192 
5 -2186 2193 
5 -2186 2194 
5 -2186 2195 
5 -2186 2196 
5 -2197 2198 
5 -2197 2199 
5 -2197 2200 
5 -2197 2201 
5 -2197 2202 
5 -2197 2203 
5 -2197 2204 
5 -2197 2205 
5 -2197 2206 
5 -2197 2207 
5 -2208 2209 
5 -2208 2210 
5 -2208 2211 
5 -2208 2212 
5 -2208 2213 
5 -2208 2214 
5 -2208 2215 
5 -2208 2216 
5 -2208 2217 
5 -2208 2218 
5 -2219 2220 
5 -2219 2221 
5 -2219 2222 
5 -2219 2223 
5 -2219 2224 
5 -2219 2225 
5 -2219 2226 
5 -2219 2227 
5 -2219 2228 
5 -2219 2229 
5 -2230 2231 
5 -2230 2232 
5 -2230 2233 
5 -2230 2234 
5 -2230 2235 
5 -2230 2236 
5 -2230 2237 
5 -2230 2238 
5 -2239 2240 
5 -2239 2241 
5 -2239 2242 
5 -2239 2243 
5 -2239 2244 
5 -2239 2245 
5 -2239 2246 
5 -2239 2247 
5 -2248 2249 
5 -2248 2250 
5 -2248 2251 
5 -2248 2252 
5 -2248 2253 
5 -2248 2254 
5 -2248 2255 
5 -2248 2256 
5 -2257 2258 
5 -2257 2259 
5 -2257 2260 
5 -2257 2261 
5 -2257 2262 
5 -2257 2263 
5 -2257 2264 
5 -2257 2265 
5 -2257 2266 
5 -2267 2268 
5 -2267 2269 
5 -2267 2270 
5 -2267 2271 
5 -2267 2272 
5 -2267 2273 
5 -2267 2274 
5 -2267 2275 
5 -2267 2276 
5 -2277 2278 
5 -2277 2279 
5 -2277 2280 
5 -2277 2281 
5 -2277 2282 
5 -2277 2283 
5 -2277 2284 
5 -2277 2285 
5 -2277 2286 
5 -2287 2288 
5 -2287 2289 
5 -2287 2290 
5 -2287 2291 
5 -2287 2292 
5 -2287 2293 
5 -2287 2294 
5 -2287 2295 
5 -2296 2297 
5 -2296 2298 
5 -2296 2299 
5 -2296 2300 
5 -2296 2301 
5 -2296 2302 
5 -2296 2303 
5 -2296 2304 
5 -2305 2306 
5 -2307 2308 
5 -2309 2310 
5 -2311 2312 
5 -2313 2314 
5 -2315 2316 
5 -2317 2318 
5 -2319 2320 
5 -2321 2322 
5 -2323 2324 
5 -2323 2325 
5 -2326 2327 
5 -2326 2328 
5 -2329 2330 
5 -2329 2331 
5 -2332 2333 
5 -2332 2334 
5 -2335 2336 
5 -2335 2337 
5 -2338 2339 
5 -2338 2340 
5 -2341 2342 
5 -2341 2343 
5 -2344 2345 
5 -2344 2346 
5 -2347 2348 
5 -2347 2349 
5 -2350 2351 
5 -2350 2352 
5 -2350 2353 
5 -2354 2355 
5 -2354 2356 
5 -2354 2357 
5 -2358 2359 
5 -2358 2360 
5 -2358 2361 
5 -2362 2363 
5 -2362 2364 
5 -2362 2365 
5 -2366 2367 
5 -2366 2368 
5 -2366 2369 
5 -2370 2371 
5 -2370 2372 
5 -2370 2373 
5 -2374 2375 
5 -2374 2376 
5 -2374 2377 
5 -2378 2379 
5 -2378 2380 
5 -2378 2381 
5 -2382 2383 
5 -2382 2384 
5 -2382 2385 
5 -2386 2387 
5 -2386 2388 
5 -2386 2389 
5 -2386 2390 
5 -2391 2392 
5 -2391 2393 
5 -2391 2394 
5 -2391 2395 
5 -2396 2397 
5 -2396 2398 
5 -2396 2399 
5 -2396 2400 
5 -2401 2402 
5 -2401 2403 
5 -2401 2404 
5 -2401 2405 
5 -2406 2407 
5 -2406 2408 
5 -2406 2409 
5 -2406 2410 
5 -2411 2412 
5 -2411 2413 
5 -2411 2414 
5 -2411 2415 
5 -2416 2417 
5 -2416 2418 
5 -2416 2419 
5 -2416 2420 
5 -2421 2422 
5 -2421 2423 
5 -2421 2424 
5 -2421 2425 
5 -2426 2427 
5 -2426 2428 
5 -2426 2429 
5 -2426 2430 
5 -2431 2432 
5 -2431 2433 
5 -2431 2434 
5 -2431 2435 
5 -2431 2436 
5 -2431 2437 
5 -2431 2438 
5 -2431 2439 
5 -2440 2441 
5 -2440 2442 
5 -2440 2443 
5 -2440 2444 
5 -2440 2445 
5 -2440 2446 
5 -2440 2447 
5 -2440 2448 
5 -2449 2450 
5 -2449 2451 
5 -2449 2452 
5 -2449 2453 
5 -2449 2454 
5 -2449 2455 
5 -2449 2456 
5 -2449 2457 
5 -2458 2459 
5 -2458 2460 
5 -2458 2461 
5 -2458 2462 
5 -2458 2463 
5 -2458 2464 
5 -2458 2465 
5 -2458 2466 
5 -2467 2468 
5 -2467 2469 
5 -2467 2470 
5 -2467 2471 
5 -2467 2472 
5 -2467 2473 
5 -2467 2474 
5 -2467 2475 
5 -2476 2477 
5 -2476 2478 
5 -2476 2479 
5 -2476 2480 
5 -2476 2481 
5 -2476 2482 
5 -2476 2483 
5 -2476 2484 
5 -2485 2486 
5 -2485 2487 
5 -2485 2488 
5 -2485 2489 
5 -2485 2490 
5 -2485 2491 
5 -2485 2492 
5 -2485 2493 
5 -2494 2495 
5 -2494 2496 
5 -2494 2497 
5 -2494 2498 
5 -2494 2499 
5 -2494 2500 
5 -2494 2501 
5 -2494 2502 
5 -2503 2504 
5 -2503 2505 
5 -2503 2506 
5 -2503 2507 
5 -2503 2508 
5 -2503 2509 
5 -2503 2510 
5 -2503 2511 
5 -2503 2512 
5 -2513 2514 
5 -2513 2515 
5 -2513 2516 
5 -2513 2517 
5 -2513 2518 
5 -2513 2519 
5 -2513 2520 
5 -2513 2521 
5 -2513 2522 
5 -2523 2524 
5 -2523 2525 
5 -2523 2526 
5 -2523 2527 
5 -2523 2528 
5 -2523 2529 
5 -2523 2530 
5 -2523 2531 
5 -2523 2532 
5 -2533 2534 
5 -2533 2535 
5 -2533 2536 
5 -2533 2537 
5 -2533 2538 
5 -2533 2539 
5 -2533 2540 
5 -2533 2541 
5 -2533 2542 
5 -2543 2544 
5 -2543 2545 
5 -2543 2546 
5 -2543 2547 
5 -2543 2548 
5 -2543 2549 
5 -2543 2550 
5 -2543 2551 
5 -2543 2552 
5 -2553 2554 
5 -2553 2555 
5 -2553 2556 
5 -2553 2557 
5 -2553 2558 
5 -2553 2559 
5 -2553 2560 
5 -2553 2561 
5 -2553 2562 
5 -2563 2564 
5 -2563 2565 
5 -2563 2566 
5 -2563 2567 
5 -2563 2568 
5 -2563 2569 
5 -2563 2570 
5 -2563 2571 
5 -2563 2572 
5 -2573 2574 
5 -2573 2575 
5 -2573 2576 
5 -2573 2577 
5 -2573 2578 
5 -2573 2579 
5 -2573 2580 
5 -2573 2581 
5 -2573 2582 
5 -2583 2584 
5 -2583 2585 
5 -2583 2586 
5 -2583 2587 
5 -2583 2588 
5 -2583 2589 
5 -2583 2590 
5 -2583 2591 
5 -2583 2592 
5 -2583 2593 
5 -2594 2595 
5 -2594 2596 
5 -2594 2597 
5 -2594 2598 
5 -2594 2599 
5 -2594 2600 
5 -2594 2601 
5 -2594 2602 
5 -2594 2603 
5 -2594 2604 
5 -2605 2606 
5 -2605 2607 
5 -2605 2608 
5 -2605 2609 
5 -2605 2610 
5 -2605 2611 
5 -2605 2612 
5 -2605 2613 
5 -2605 2614 
5 -2605 2615 
5 -2616 2617 
5 -2616 2618 
5 -2616 2619 
5 -2616 2620 
5 -2616 2621 
5 -2616 2622 
5 -2616 2623 
5 -2616 2624 
5 -2616 2625 
5 -2616 2626 
5 -2627 2628 
5 -2627 2629 
5 -2627 2630 
5 -2627 2631 
5 -2627 2632 
5 -2627 2633 
5 -2627 2634 
5 -2627 2635 
5 -2627 2636 
5 -2627 2637 
5 -2638 2639 
5 -2638 2640 
5 -2638 2641 
5 -2638 2642 
5 -2638 2643 
5 -2638 2644 
5 -2638 2645 
5 -2638 2646 
5 -2638 2647 
5 -2638 2648 
5 -2649 2650 
5 -2649 2651 
5 -2649 2652 
5 -2649 2653 
5 -2649 2654 
5 -2649 2655 
5 -2649 2656 
5 -2649 2657 
5 -2649 2658 
5 -2649 2659 
5 -2660 2661 
5 -2660 2662 
5 -2660 2663 
5 -2660 2664 
5 -2660 2665 
5 -2660 2666 
5 -2660 2667 
5 -2660 2668 
5 -2660 2669 
5 -2660 2670 
5 -2671 2672 
5 -2671 2673 
5 -2671 2674 
5 -2671 2675 
5 -2671 2676 
5 -2671 2677 
5 -2671 2678 
5 -2671 2679 
5 -2680 2681 
5 -2680 2682 
5 -2680 2683 
5 -2680 2684 
5 -2680 2685 
5 -2680 2686 
5 -2680 2687 
5 -2680 2688 
5 -2689 2690 
5 -2689 2691 
5 -2689 2692 
5 -2689 2693 
5 -2689 2694 
5 -2689 2695 
5 -2689 2696 
5 -2689 2697 
5 -2698 2699 
5 -2698 2700 
5 -2698 2701 
5 -2698 2702 
5 -2698 2703 
5 -2698 2704 
5 -2698 2705 
5 -2698 2706 
5 -2707 2708 
5 -2707 2709 
5 -2707 2710 
5 -2707 2711 
5 -2707 2712 
5 -2707 2713 
5 -2707 2714 
5 -2707 2715 
5 -2716 2717 
5 -2716 2718 
5 -2716 2719 
5 -2716 2720 
5 -2716 2721 
5 -2716 2722 
5 -2716 2723 
5 -2716 2724 
5 -2725 2726 
5 -2725 2727 
5 -2725 2728 
5 -2725 2729 
5 -2725 2730 
5 -2725 2731 
5 -2725 2732 
5 -2725 2733 
5 -2734 2735 
5 -2734 2736 
5 -2734 2737 
5 -2734 2738 
5 -2734 2739 
5 -2734 2740 
5 -2734 2741 
5 -2734 2742 
5 -2734 2743 
5 -2744 2745 
5 -2744 2746 
5 -2744 2747 
5 -2744 2748 
5 -2744 2749 
5 -2744 2750 
5 -2744 2751 
5 -2744 2752 
5 -2744 2753 
5 -2754 2755 
5 -2754 2756 
5 -2754 2757 
5 -2754 2758 
5 -2754 2759 
5 -2754 2760 
5 -2754 2761 
5 -2754 2762 
5 -2754 2763 
5 -2764 2765 
5 -2764 2766 
5 -2764 2767 
5 -2764 2768 
5 -2764 2769 
5 -2764 2770 
5 -2764 2771 
5 -2764 2772 
5 -2764 2773 
5 -2774 2775 
5 -2774 2776 
5 -2774 2777 
5 -2774 2778 
5 -2774 2779 
5 -2774 2780 
5 -2774 2781 
5 -2774 2782 
5 -2774 2783 
5 -2784 2785 
5 -2784 2786 
5 -2784 2787 
5 -2784 2788 
5 -2784 2789 
5 -2784 2790 
5 -2784 2791 
5 -2784 2792 
5 -2784 2793 
5 -2794 2795 
5 -2794 2796 
5 -2794 2797 
5 -2794 2798 
5 -2794 2799 
5 -2794 2800 
5 -2794 2801 
5 -2794 2802 
5 -2794 2803 
5 -2804 2805 
5 -2804 2806 
5 -2804 2807 
5 -2804 2808 
5 -2804 2809 
5 -2804 2810 
5 -2804 2811 
5 -2804 2812 
5 -2813 2814 
5 -2813 2815 
5 -2813 2816 
5 -2813 2817 
5 -2813 2818 
5 -2813 2819 
5 -2813 2820 
5 -2813 2821 
5 -2822 2823 
5 -2822 2824 
5 -2822 2825 
5 -2822 2826 
5 -2822 2827 
5 -2822 2828 
5 -2822 2829 
5 -2822 2830 
5 -2831 2832 
5 -2831 2833 
5 -2831 2834 
5 -2831 2835 
5 -2831 2836 
5 -2831 2837 
5 -2831 2838 
5 -2831 2839 
5 -2840 2841 
5 -2840 2842 
5 -2840 2843 
5 -2840 2844 
5 -2840 2845 
5 -2840 2846 
5 -2840 2847 
5 -2840 2848 
5 -2849 2850 
5 -2849 2851 
5 -2849 2852 
5 -2849 2853 
5 -2849 2854 
5 -2849 2855 
5 -2849 2856 
5 -2849 2857 
5 -2858 2859 
5 -2860 2861 
5 -2862 2863 
5 -2864 2865 
5 -2866 2867 
1 2867 
2 2865 
3 2863 
4 2861 
5 2859 
