p wcnf 3068 3065 10
10 -10 1 
10 -12 1 
10 -14 1 
10 -16 1 
10 -18 1 
10 -20 1 
10 -22 1 
10 -24 1 
10 -26 1 
10 -28 1 
10 -31 1 
10 -34 1 
10 -37 1 
10 -40 1 
10 -43 1 
10 -46 1 
10 -49 1 
10 -52 1 
10 -55 1 
10 -59 1 
10 -63 1 
10 -67 1 
10 -71 1 
10 -75 1 
10 -79 1 
10 -83 1 
10 -87 1 
10 -91 1 
10 -96 1 
10 -101 1 
10 -106 1 
10 -111 1 
10 -116 1 
10 -121 1 
10 -126 1 
10 -131 1 
10 -136 1 
10 -142 1 
10 -148 1 
10 -154 1 
10 -160 1 
10 -166 1 
10 -172 1 
10 -178 1 
10 -184 1 
10 -190 1 
10 -197 1 
10 -204 1 
10 -211 1 
10 -218 1 
10 -225 1 
10 -232 1 
10 -239 1 
10 -246 1 
10 -253 1 
10 -261 1 
10 -269 1 
10 -277 1 
10 -285 1 
10 -293 1 
10 -301 1 
10 -309 1 
10 -317 1 
10 -325 1 
10 -334 1 
10 -343 1 
10 -352 1 
10 -361 1 
10 -370 1 
10 -379 1 
10 -388 1 
10 -397 1 
10 -406 10 
10 -416 10 
10 -426 10 
10 -436 10 
10 -446 10 
10 -456 10 
10 -466 10 
10 -476 10 
10 -486 10 
10 -497 10 
10 -508 10 
10 -519 10 
10 -530 10 
10 -541 10 
10 -552 10 
10 -563 10 
10 -574 10 
10 -586 10 
10 -598 10 
10 -610 10 
10 -622 10 
10 -634 10 
10 -646 10 
10 -658 10 
10 -670 10 
10 -683 10 
10 -696 10 
10 -709 10 
10 -722 10 
10 -735 10 
10 -748 10 
10 -761 10 
10 -774 10 
10 -788 10 
10 -802 10 
10 -816 10 
10 -830 10 
10 -844 10 
10 -858 10 
10 -872 10 
10 -886 10 
10 -901 10 
10 -916 10 
10 -931 10 
10 -946 10 
10 -961 10 
10 -976 10 
10 -991 10 
10 -1006 10 
10 -1022 10 
10 -1038 10 
10 -1054 10 
10 -1070 10 
10 -1086 10 
10 -1102 10 
10 -1118 10 
10 -1134 28 406 416 426 436 446 456 466 476 
10 -1144 28 406 416 426 436 446 456 466 476 
10 -1154 28 406 416 426 436 446 456 466 476 
10 -1164 28 406 416 426 436 446 456 466 476 
10 -1174 28 406 416 426 436 446 456 466 476 
10 -1184 28 406 416 426 436 446 456 466 476 
10 -1194 28 406 416 426 436 446 456 466 476 
10 -1204 28 406 416 426 436 446 456 466 476 
10 -1215 28 406 416 426 436 446 456 466 476 
10 -1226 28 406 416 426 436 446 456 466 476 
10 -1237 28 406 416 426 436 446 456 466 476 
10 -1248 28 406 416 426 436 446 456 466 476 
10 -1259 28 406 416 426 436 446 456 466 476 
10 -1270 28 406 416 426 436 446 456 466 476 
10 -1281 28 406 416 426 436 446 456 466 476 
10 -1293 28 406 416 426 436 446 456 466 476 
10 -1305 28 406 416 426 436 446 456 466 476 
10 -1317 28 406 416 426 436 446 456 466 476 
10 -1329 28 406 416 426 436 446 456 466 476 
10 -1341 28 406 416 426 436 446 456 466 476 
10 -1353 28 406 416 426 436 446 456 466 476 
10 -1365 28 406 416 426 436 446 456 466 476 
10 -1378 28 406 416 426 436 446 456 466 476 
10 -1391 28 406 416 426 436 446 456 466 476 
10 -1404 28 406 416 426 436 446 456 466 476 
10 -1417 28 406 416 426 436 446 456 466 476 
10 -1430 28 406 416 426 436 446 456 466 476 
10 -1443 28 406 416 426 436 446 456 466 476 
10 -1456 28 406 416 426 436 446 456 466 476 
10 -1470 28 406 416 426 436 446 456 466 476 
10 -1484 28 406 416 426 436 446 456 466 476 
10 -1498 28 406 416 426 436 446 456 466 476 
10 -1512 28 406 416 426 436 446 456 466 476 
10 -1526 28 406 416 426 436 446 456 466 476 
10 -1540 28 406 416 426 436 446 456 466 476 
10 -1554 28 406 416 426 436 446 456 466 476 
10 -1569 28 406 416 426 436 446 456 466 476 
10 -1584 28 406 416 426 436 446 456 466 476 
10 -1599 28 406 416 426 436 446 456 466 476 
10 -1614 28 406 416 426 436 446 456 466 476 
10 -1629 28 406 416 426 436 446 456 466 476 
10 -1644 28 406 416 426 436 446 456 466 476 
10 -1659 55 486 497 508 519 530 541 552 563 1134 1144 1154 1164 1174 1184 1194 
10 -1669 55 486 497 508 519 530 541 552 563 1134 1144 1154 1164 1174 1184 1194 
10 -1679 55 486 497 508 519 530 541 552 563 1134 1144 1154 1164 1174 1184 1194 
10 -1689 55 486 497 508 519 530 541 552 563 1134 1144 1154 1164 1174 1184 1194 
10 -1699 55 486 497 508 519 530 541 552 563 1134 1144 1154 1164 1174 1184 1194 
10 -1709 55 486 497 508 519 530 541 552 563 1134 1144 1154 1164 1174 1184 1194 
10 -1719 55 486 497 508 519 530 541 552 563 1134 1144 1154 1164 1174 1184 1194 
10 -1730 55 486 497 508 519 530 541 552 563 1134 1144 1154 1164 1174 1184 1194 
10 -1741 55 486 497 508 519 530 541 552 563 1134 1144 1154 1164 1174 1184 1194 
10 -1752 55 486 497 508 519 530 541 552 563 1134 1144 1154 1164 1174 1184 1194 
10 -1763 55 486 497 508 519 530 541 552 563 1134 1144 1154 1164 1174 1184 1194 
10 -1774 55 486 497 508 519 530 541 552 563 1134 1144 1154 1164 1174 1184 1194 
10 -1785 55 486 497 508 519 530 541 552 563 1134 1144 1154 1164 1174 1184 1194 
10 -1797 55 486 497 508 519 530 541 552 563 1134 1144 1154 1164 1174 1184 1194 
10 -1809 55 486 497 508 519 530 541 552 563 1134 1144 1154 1164 1174 1184 1194 
10 -1821 55 486 497 508 519 530 541 552 563 1134 1144 1154 1164 1174 1184 1194 
10 -1833 55 486 497 508 519 530 541 552 563 1134 1144 1154 1164 1174 1184 1194 
10 -1845 55 486 497 508 519 530 541 552 563 1134 1144 1154 1164 1174 1184 1194 
10 -1857 55 486 497 508 519 530 541 552 563 1134 1144 1154 1164 1174 1184 1194 
10 -1870 55 486 497 508 519 530 541 552 563 1134 1144 1154 1164 1174 1184 1194 
10 -1883 55 486 497 508 519 530 541 552 563 1134 1144 1154 1164 1174 1184 1194 
10 -1896 55 486 497 508 519 530 541 552 563 1134 1144 1154 1164 1174 1184 1194 
10 -1909 55 486 497 508 519 530 541 552 563 1134 1144 1154 1164 1174 1184 1194 
10 -1922 55 486 497 508 519 530 541 552 563 1134 1144 1154 1164 1174 1184 1194 
10 -1935 55 486 497 508 519 530 541 552 563 1134 1144 1154 1164 1174 1184 1194 
10 -1949 55 486 497 508 519 530 541 552 563 1134 1144 1154 1164 1174 1184 1194 
10 -1963 55 486 497 508 519 530 541 552 563 1134 1144 1154 1164 1174 1184 1194 
10 -1977 55 486 497 508 519 530 541 552 563 1134 1144 1154 1164 1174 1184 1194 
10 -1991 55 486 497 508 519 530 541 552 563 1134 1144 1154 1164 1174 1184 1194 
10 -2005 55 486 497 508 519 530 541 552 563 1134 1144 1154 1164 1174 1184 1194 
10 -2019 91 574 586 598 610 622 634 646 658 1204 1215 1226 1237 1248 1259 1270 1659 1669 1679 1689 1699 1709 
10 -2029 91 574 586 598 610 622 634 646 658 1204 1215 1226 1237 1248 1259 1270 1659 1669 1679 1689 1699 1709 
10 -2039 91 574 586 598 610 622 634 646 658 1204 1215 1226 1237 1248 1259 1270 1659 1669 1679 1689 1699 1709 
10 -2049 91 574 586 598 610 622 634 646 658 1204 1215 1226 1237 1248 1259 1270 1659 1669 1679 1689 1699 1709 
10 -2059 91 574 586 598 610 622 634 646 658 1204 1215 1226 1237 1248 1259 1270 1659 1669 1679 1689 1699 1709 
10 -2069 91 574 586 598 610 622 634 646 658 1204 1215 1226 1237 1248 1259 1270 1659 1669 1679 1689 1699 1709 
10 -2080 91 574 586 598 610 622 634 646 658 1204 1215 1226 1237 1248 1259 1270 1659 1669 1679 1689 1699 1709 
10 -2091 91 574 586 598 610 622 634 646 658 1204 1215 1226 1237 1248 1259 1270 1659 1669 1679 1689 1699 1709 
10 -2102 91 574 586 598 610 622 634 646 658 1204 1215 1226 1237 1248 1259 1270 1659 1669 1679 1689 1699 1709 
10 -2113 91 574 586 598 610 622 634 646 658 1204 1215 1226 1237 1248 1259 1270 1659 1669 1679 1689 1699 1709 
10 -2124 91 574 586 598 610 622 634 646 658 1204 1215 1226 1237 1248 1259 1270 1659 1669 1679 1689 1699 1709 
10 -2136 91 574 586 598 610 622 634 646 658 1204 1215 1226 1237 1248 1259 1270 1659 1669 1679 1689 1699 1709 
10 -2148 91 574 586 598 610 622 634 646 658 1204 1215 1226 1237 1248 1259 1270 1659 1669 1679 1689 1699 1709 
10 -2160 91 574 586 598 610 622 634 646 658 1204 1215 1226 1237 1248 1259 1270 1659 1669 1679 1689 1699 1709 
10 -2172 91 574 586 598 610 622 634 646 658 1204 1215 1226 1237 1248 1259 1270 1659 1669 1679 1689 1699 1709 
10 -2184 91 574 586 598 610 622 634 646 658 1204 1215 1226 1237 1248 1259 1270 1659 1669 1679 1689 1699 1709 
10 -2197 91 574 586 598 610 622 634 646 658 1204 1215 1226 1237 1248 1259 1270 1659 1669 1679 1689 1699 1709 
10 -2210 91 574 586 598 610 622 634 646 658 1204 1215 1226 1237 1248 1259 1270 1659 1669 1679 1689 1699 1709 
10 -2223 91 574 586 598 610 622 634 646 658 1204 1215 1226 1237 1248 1259 1270 1659 1669 1679 1689 1699 1709 
10 -2236 91 574 586 598 610 622 634 646 658 1204 1215 1226 1237 1248 1259 1270 1659 1669 1679 1689 1699 1709 
10 -2249 136 670 683 696 709 722 735 748 761 1281 1293 1305 1317 1329 1341 1353 1719 1730 1741 1752 1763 1774 2019 2029 2039 2049 2059 
10 -2259 136 670 683 696 709 722 735 748 761 1281 1293 1305 1317 1329 1341 1353 1719 1730 1741 1752 1763 1774 2019 2029 2039 2049 2059 
10 -2269 136 670 683 696 709 722 735 748 761 1281 1293 1305 1317 1329 1341 1353 1719 1730 1741 1752 1763 1774 2019 2029 2039 2049 2059 
10 -2279 136 670 683 696 709 722 735 748 761 1281 1293 1305 1317 1329 1341 1353 1719 1730 1741 1752 1763 1774 2019 2029 2039 2049 2059 
10 -2289 136 670 683 696 709 722 735 748 761 1281 1293 1305 1317 1329 1341 1353 1719 1730 1741 1752 1763 1774 2019 2029 2039 2049 2059 
10 -2300 136 670 683 696 709 722 735 748 761 1281 1293 1305 1317 1329 1341 1353 1719 1730 1741 1752 1763 1774 2019 2029 2039 2049 2059 
10 -2311 136 670 683 696 709 722 735 748 761 1281 1293 1305 1317 1329 1341 1353 1719 1730 1741 1752 1763 1774 2019 2029 2039 2049 2059 
10 -2322 136 670 683 696 709 722 735 748 761 1281 1293 1305 1317 1329 1341 1353 1719 1730 1741 1752 1763 1774 2019 2029 2039 2049 2059 
10 -2333 136 670 683 696 709 722 735 748 761 1281 1293 1305 1317 1329 1341 1353 1719 1730 1741 1752 1763 1774 2019 2029 2039 2049 2059 
10 -2345 136 670 683 696 709 722 735 748 761 1281 1293 1305 1317 1329 1341 1353 1719 1730 1741 1752 1763 1774 2019 2029 2039 2049 2059 
10 -2357 136 670 683 696 709 722 735 748 761 1281 1293 1305 1317 1329 1341 1353 1719 1730 1741 1752 1763 1774 2019 2029 2039 2049 2059 
10 -2369 136 670 683 696 709 722 735 748 761 1281 1293 1305 1317 1329 1341 1353 1719 1730 1741 1752 1763 1774 2019 2029 2039 2049 2059 
10 -2381 190 774 788 802 816 830 844 858 872 1365 1378 1391 1404 1417 1430 1443 1785 1797 1809 1821 1833 1845 2069 2080 2091 2102 2113 2249 2259 2269 2279 
10 -2391 190 774 788 802 816 830 844 858 872 1365 1378 1391 1404 1417 1430 1443 1785 1797 1809 1821 1833 1845 2069 2080 2091 2102 2113 2249 2259 2269 2279 
10 -2401 190 774 788 802 816 830 844 858 872 1365 1378 1391 1404 1417 1430 1443 1785 1797 1809 1821 1833 1845 2069 2080 2091 2102 2113 2249 2259 2269 2279 
10 -2411 190 774 788 802 816 830 844 858 872 1365 1378 1391 1404 1417 1430 1443 1785 1797 1809 1821 1833 1845 2069 2080 2091 2102 2113 2249 2259 2269 2279 
10 -2422 190 774 788 802 816 830 844 858 872 1365 1378 1391 1404 1417 1430 1443 1785 1797 1809 1821 1833 1845 2069 2080 2091 2102 2113 2249 2259 2269 2279 
10 -2433 190 774 788 802 816 830 844 858 872 1365 1378 1391 1404 1417 1430 1443 1785 1797 1809 1821 1833 1845 2069 2080 2091 2102 2113 2249 2259 2269 2279 
10 -2444 253 886 901 916 931 946 961 976 991 1456 1470 1484 1498 1512 1526 1540 1857 1870 1883 1896 1909 1922 2124 2136 2148 2160 2172 2289 2300 2311 2322 2381 2391 2401 
10 -2454 253 886 901 916 931 946 961 976 991 1456 1470 1484 1498 1512 1526 1540 1857 1870 1883 1896 1909 1922 2124 2136 2148 2160 2172 2289 2300 2311 2322 2381 2391 2401 
10 -2464 1 
10 -2466 1 
10 -2468 1 
10 -2470 1 
10 -2472 1 
10 -2474 1 
10 -2476 1 
10 -2478 1 
10 -2480 1 
10 -2482 1 
10 -2485 1 
10 -2488 1 
10 -2491 1 
10 -2494 1 
10 -2497 1 
10 -2500 1 
10 -2503 1 
10 -2506 1 
10 -2509 1 
10 -2513 1 
10 -2517 1 
10 -2521 1 
10 -2525 1 
10 -2529 1 
10 -2533 1 
10 -2537 1 
10 -2541 1 
10 -2545 1 
10 -2550 1 
10 -2555 1 
10 -2560 1 
10 -2565 1 
10 -2570 1 
10 -2575 1 
10 -2580 1 
10 -2585 1 
10 -2590 2464 
10 -2600 2464 
10 -2610 2464 
10 -2620 2464 
10 -2630 2464 
10 -2640 2464 
10 -2650 2464 
10 -2660 2464 
10 -2670 2464 
10 -2681 2464 
10 -2692 2464 
10 -2703 2464 
10 -2714 2464 
10 -2725 2464 
10 -2736 2464 
10 -2747 2464 
10 -2758 2464 
10 -2770 2464 
10 -2782 2464 
10 -2794 2464 
10 -2806 2464 
10 -2818 2464 
10 -2830 2464 
10 -2842 2464 
10 -2854 2482 2590 2600 2610 2620 2630 2640 2650 2660 
10 -2864 2482 2590 2600 2610 2620 2630 2640 2650 2660 
10 -2874 2482 2590 2600 2610 2620 2630 2640 2650 2660 
10 -2884 2482 2590 2600 2610 2620 2630 2640 2650 2660 
10 -2894 2482 2590 2600 2610 2620 2630 2640 2650 2660 
10 -2904 2482 2590 2600 2610 2620 2630 2640 2650 2660 
10 -2914 2482 2590 2600 2610 2620 2630 2640 2650 2660 
10 -2924 2482 2590 2600 2610 2620 2630 2640 2650 2660 
10 -2935 2482 2590 2600 2610 2620 2630 2640 2650 2660 
10 -2946 2482 2590 2600 2610 2620 2630 2640 2650 2660 
10 -2957 2482 2590 2600 2610 2620 2630 2640 2650 2660 
10 -2968 2482 2590 2600 2610 2620 2630 2640 2650 2660 
10 -2979 2482 2590 2600 2610 2620 2630 2640 2650 2660 
10 -2990 2482 2590 2600 2610 2620 2630 2640 2650 2660 
10 -3001 2509 2670 2681 2692 2703 2714 2725 2736 2747 2854 2864 2874 2884 2894 2904 2914 
10 -3011 2509 2670 2681 2692 2703 2714 2725 2736 2747 2854 2864 2874 2884 2894 2904 2914 
10 -3021 2509 2670 2681 2692 2703 2714 2725 2736 2747 2854 2864 2874 2884 2894 2904 2914 
10 -3031 2509 2670 2681 2692 2703 2714 2725 2736 2747 2854 2864 2874 2884 2894 2904 2914 
10 -3041 2509 2670 2681 2692 2703 2714 2725 2736 2747 2854 2864 2874 2884 2894 2904 2914 
10 -3051 2509 2670 2681 2692 2703 2714 2725 2736 2747 2854 2864 2874 2884 2894 2904 2914 
10 -3061 325 334 343 352 361 370 379 388 397 1006 1022 1038 1054 1070 1086 1102 1118 1554 1569 1584 1599 1614 1629 1644 1935 1949 1963 1977 1991 2005 2184 2197 2210 2223 2236 2333 2345 2357 2369 2411 2422 2433 2444 2454 2545 2758 2770 2782 2794 2806 2818 2830 2842 2924 2935 2946 2957 2968 2979 2990 3001 3011 3021 3031 3041 3051 
10 -3062 325 334 343 352 361 370 379 388 397 1006 1022 1038 1054 1070 1086 1102 1118 1554 1569 1584 1599 1614 1629 1644 1935 1949 1963 1977 1991 2005 2184 2197 2210 2223 2236 2333 2345 2357 2369 2411 2422 2433 2444 2454 2545 2758 2770 2782 2794 2806 2818 2830 2842 2924 2935 2946 2957 2968 2979 2990 3001 3011 3021 3031 3041 3051 
10 -3063 325 334 343 352 361 370 379 388 397 1006 1022 1038 1054 1070 1086 1102 1118 1554 1569 1584 1599 1614 1629 1644 1935 1949 1963 1977 1991 2005 2184 2197 2210 2223 2236 2333 2345 2357 2369 2411 2422 2433 2444 2454 2545 2758 2770 2782 2794 2806 2818 2830 2842 2924 2935 2946 2957 2968 2979 2990 3001 3011 3021 3031 3041 3051 
10 -3064 325 334 343 352 361 370 379 388 397 1006 1022 1038 1054 1070 1086 1102 1118 1554 1569 1584 1599 1614 1629 1644 1935 1949 1963 1977 1991 2005 2184 2197 2210 2223 2236 2333 2345 2357 2369 2411 2422 2433 2444 2454 2545 2758 2770 2782 2794 2806 2818 2830 2842 2924 2935 2946 2957 2968 2979 2990 3001 3011 3021 3031 3041 3051 
10 -3065 325 334 343 352 361 370 379 388 397 1006 1022 1038 1054 1070 1086 1102 1118 1554 1569 1584 1599 1614 1629 1644 1935 1949 1963 1977 1991 2005 2184 2197 2210 2223 2236 2333 2345 2357 2369 2411 2422 2433 2444 2454 2545 2758 2770 2782 2794 2806 2818 2830 2842 2924 2935 2946 2957 2968 2979 2990 3001 3011 3021 3031 3041 3051 
10 10 12 14 16 18 20 22 24 26 28 31 34 37 40 43 46 49 52 55 59 63 67 71 75 79 83 87 91 96 101 106 111 116 121 126 131 136 142 148 154 160 166 172 178 184 190 197 204 211 218 225 232 239 246 253 261 269 277 285 293 301 309 317 325 334 343 352 361 370 379 388 397 
10 10 12 14 16 18 20 22 24 26 28 31 34 37 40 43 46 49 52 55 59 63 67 71 75 79 83 87 91 96 101 106 111 116 121 126 131 136 142 148 154 160 166 172 178 184 190 197 204 211 218 225 232 239 246 253 261 269 277 285 293 301 309 317 325 334 343 352 361 370 379 388 397 406 416 426 436 446 456 466 476 486 497 508 519 530 541 552 563 574 586 598 610 622 634 646 658 670 683 696 709 722 735 748 761 774 788 802 816 830 844 858 872 886 901 916 931 946 961 976 991 1006 1022 1038 1054 1070 1086 1102 1118 
10 28 31 34 37 40 43 46 49 52 55 59 63 67 71 75 79 83 87 91 96 101 106 111 116 121 126 131 136 142 148 154 160 166 172 178 184 190 197 204 211 218 225 232 239 246 253 261 269 277 285 293 301 309 317 325 334 343 352 361 370 379 388 397 406 416 426 436 446 456 466 476 486 497 508 519 530 541 552 563 574 586 598 610 622 634 646 658 670 683 696 709 722 735 748 761 774 788 802 816 830 844 858 872 886 901 916 931 946 961 976 991 1006 1022 1038 1054 1070 1086 1102 1118 1134 1144 1154 1164 1174 1184 1194 1204 1215 1226 1237 1248 1259 1270 1281 1293 1305 1317 1329 1341 1353 1365 1378 1391 1404 1417 1430 1443 1456 1470 1484 1498 1512 1526 1540 1554 1569 1584 1599 1614 1629 1644 
10 55 59 63 67 71 75 79 83 87 91 96 101 106 111 116 121 126 131 136 142 148 154 160 166 172 178 184 190 197 204 211 218 225 232 239 246 253 261 269 277 285 293 301 309 317 325 334 343 352 361 370 379 388 397 406 416 426 436 446 456 466 476 486 497 508 519 530 541 552 563 574 586 598 610 622 634 646 658 670 683 696 709 722 735 748 761 774 788 802 816 830 844 858 872 886 901 916 931 946 961 976 991 1006 1022 1038 1054 1070 1086 1102 1118 1134 1144 1154 1164 1174 1184 1194 1204 1215 1226 1237 1248 1259 1270 1281 1293 1305 1317 1329 1341 1353 1365 1378 1391 1404 1417 1430 1443 1456 1470 1484 1498 1512 1526 1540 1554 1569 1584 1599 1614 1629 1644 1659 1669 1679 1689 1699 1709 1719 1730 1741 1752 1763 1774 1785 1797 1809 1821 1833 1845 1857 1870 1883 1896 1909 1922 1935 1949 1963 1977 1991 2005 
10 91 96 101 106 111 116 121 126 131 136 142 148 154 160 166 172 178 184 190 197 204 211 218 225 232 239 246 253 261 269 277 285 293 301 309 317 325 334 343 352 361 370 379 388 397 406 416 426 436 446 456 466 476 486 497 508 519 530 541 552 563 574 586 598 610 622 634 646 658 670 683 696 709 722 735 748 761 774 788 802 816 830 844 858 872 886 901 916 931 946 961 976 991 1006 1022 1038 1054 1070 1086 1102 1118 1134 1144 1154 1164 1174 1184 1194 1204 1215 1226 1237 1248 1259 1270 1281 1293 1305 1317 1329 1341 1353 1365 1378 1391 1404 1417 1430 1443 1456 1470 1484 1498 1512 1526 1540 1554 1569 1584 1599 1614 1629 1644 1659 1669 1679 1689 1699 1709 1719 1730 1741 1752 1763 1774 1785 1797 1809 1821 1833 1845 1857 1870 1883 1896 1909 1922 1935 1949 1963 1977 1991 2005 2019 2029 2039 2049 2059 2069 2080 2091 2102 2113 2124 2136 2148 2160 2172 2184 2197 2210 2223 2236 
10 136 142 148 154 160 166 172 178 184 190 197 204 211 218 225 232 239 246 253 261 269 277 285 293 301 309 317 325 334 343 352 361 370 379 388 397 406 416 426 436 446 456 466 476 486 497 508 519 530 541 552 563 574 586 598 610 622 634 646 658 670 683 696 709 722 735 748 761 774 788 802 816 830 844 858 872 886 901 916 931 946 961 976 991 1006 1022 1038 1054 1070 1086 1102 1118 1134 1144 1154 1164 1174 1184 1194 1204 1215 1226 1237 1248 1259 1270 1281 1293 1305 1317 1329 1341 1353 1365 1378 1391 1404 1417 1430 1443 1456 1470 1484 1498 1512 1526 1540 1554 1569 1584 1599 1614 1629 1644 1659 1669 1679 1689 1699 1709 1719 1730 1741 1752 1763 1774 1785 1797 1809 1821 1833 1845 1857 1870 1883 1896 1909 1922 1935 1949 1963 1977 1991 2005 2019 2029 2039 2049 2059 2069 2080 2091 2102 2113 2124 2136 2148 2160 2172 2184 2197 2210 2223 2236 2249 2259 2269 2279 2289 2300 2311 2322 2333 2345 2357 2369 
10 190 197 204 211 218 225 232 239 246 253 261 269 277 285 293 301 309 317 325 334 343 352 361 370 379 388 397 406 416 426 436 446 456 466 476 486 497 508 519 530 541 552 563 574 586 598 610 622 634 646 658 670 683 696 709 722 735 748 761 774 788 802 816 830 844 858 872 886 901 916 931 946 961 976 991 1006 1022 1038 1054 1070 1086 1102 1118 1134 1144 1154 1164 1174 1184 1194 1204 1215 1226 1237 1248 1259 1270 1281 1293 1305 1317 1329 1341 1353 1365 1378 1391 1404 1417 1430 1443 1456 1470 1484 1498 1512 1526 1540 1554 1569 1584 1599 1614 1629 1644 1659 1669 1679 1689 1699 1709 1719 1730 1741 1752 1763 1774 1785 1797 1809 1821 1833 1845 1857 1870 1883 1896 1909 1922 1935 1949 1963 1977 1991 2005 2019 2029 2039 2049 2059 2069 2080 2091 2102 2113 2124 2136 2148 2160 2172 2184 2197 2210 2223 2236 2249 2259 2269 2279 2289 2300 2311 2322 2333 2345 2357 2369 2381 2391 2401 2411 2422 2433 
10 253 261 269 277 285 293 301 309 317 325 334 343 352 361 370 379 388 397 406 416 426 436 446 456 466 476 486 497 508 519 530 541 552 563 574 586 598 610 622 634 646 658 670 683 696 709 722 735 748 761 774 788 802 816 830 844 858 872 886 901 916 931 946 961 976 991 1006 1022 1038 1054 1070 1086 1102 1118 1134 1144 1154 1164 1174 1184 1194 1204 1215 1226 1237 1248 1259 1270 1281 1293 1305 1317 1329 1341 1353 1365 1378 1391 1404 1417 1430 1443 1456 1470 1484 1498 1512 1526 1540 1554 1569 1584 1599 1614 1629 1644 1659 1669 1679 1689 1699 1709 1719 1730 1741 1752 1763 1774 1785 1797 1809 1821 1833 1845 1857 1870 1883 1896 1909 1922 1935 1949 1963 1977 1991 2005 2019 2029 2039 2049 2059 2069 2080 2091 2102 2113 2124 2136 2148 2160 2172 2184 2197 2210 2223 2236 2249 2259 2269 2279 2289 2300 2311 2322 2333 2345 2357 2369 2381 2391 2401 2411 2422 2433 2444 2454 
10 2464 2466 2468 2470 2472 2474 2476 2478 2480 2482 2485 2488 2491 2494 2497 2500 2503 2506 2509 2513 2517 2521 2525 2529 2533 2537 2541 2545 2550 2555 2560 2565 2570 2575 2580 2585 
10 2464 2466 2468 2470 2472 2474 2476 2478 2480 2482 2485 2488 2491 2494 2497 2500 2503 2506 2509 2513 2517 2521 2525 2529 2533 2537 2541 2545 2550 2555 2560 2565 2570 2575 2580 2585 2590 2600 2610 2620 2630 2640 2650 2660 2670 2681 2692 2703 2714 2725 2736 2747 2758 2770 2782 2794 2806 2818 2830 2842 
10 2482 2485 2488 2491 2494 2497 2500 2503 2506 2509 2513 2517 2521 2525 2529 2533 2537 2541 2545 2550 2555 2560 2565 2570 2575 2580 2585 2590 2600 2610 2620 2630 2640 2650 2660 2670 2681 2692 2703 2714 2725 2736 2747 2758 2770 2782 2794 2806 2818 2830 2842 2854 2864 2874 2884 2894 2904 2914 2924 2935 2946 2957 2968 2979 2990 
10 2509 2513 2517 2521 2525 2529 2533 2537 2541 2545 2550 2555 2560 2565 2570 2575 2580 2585 2590 2600 2610 2620 2630 2640 2650 2660 2670 2681 2692 2703 2714 2725 2736 2747 2758 2770 2782 2794 2806 2818 2830 2842 2854 2864 2874 2884 2894 2904 2914 2924 2935 2946 2957 2968 2979 2990 3001 3011 3021 3031 3041 3051 
10 -10 11 
10 -12 13 
10 -14 15 
10 -16 17 
10 -18 19 
10 -20 21 
10 -22 23 
10 -24 25 
10 -26 27 
10 -28 29 
10 -28 30 
10 -31 32 
10 -31 33 
10 -34 35 
10 -34 36 
10 -37 38 
10 -37 39 
10 -40 41 
10 -40 42 
10 -43 44 
10 -43 45 
10 -46 47 
10 -46 48 
10 -49 50 
10 -49 51 
10 -52 53 
10 -52 54 
10 -55 56 
10 -55 57 
10 -55 58 
10 -59 60 
10 -59 61 
10 -59 62 
10 -63 64 
10 -63 65 
10 -63 66 
10 -67 68 
10 -67 69 
10 -67 70 
10 -71 72 
10 -71 73 
10 -71 74 
10 -75 76 
10 -75 77 
10 -75 78 
10 -79 80 
10 -79 81 
10 -79 82 
10 -83 84 
10 -83 85 
10 -83 86 
10 -87 88 
10 -87 89 
10 -87 90 
10 -91 92 
10 -91 93 
10 -91 94 
10 -91 95 
10 -96 97 
10 -96 98 
10 -96 99 
10 -96 100 
10 -101 102 
10 -101 103 
10 -101 104 
10 -101 105 
10 -106 107 
10 -106 108 
10 -106 109 
10 -106 110 
10 -111 112 
10 -111 113 
10 -111 114 
10 -111 115 
10 -116 117 
10 -116 118 
10 -116 119 
10 -116 120 
10 -121 122 
10 -121 123 
10 -121 124 
10 -121 125 
10 -126 127 
10 -126 128 
10 -126 129 
10 -126 130 
10 -131 132 
10 -131 133 
10 -131 134 
10 -131 135 
10 -136 137 
10 -136 138 
10 -136 139 
10 -136 140 
10 -136 141 
10 -142 143 
10 -142 144 
10 -142 145 
10 -142 146 
10 -142 147 
10 -148 149 
10 -148 150 
10 -148 151 
10 -148 152 
10 -148 153 
10 -154 155 
10 -154 156 
10 -154 157 
10 -154 158 
10 -154 159 
10 -160 161 
10 -160 162 
10 -160 163 
10 -160 164 
10 -160 165 
10 -166 167 
10 -166 168 
10 -166 169 
10 -166 170 
10 -166 171 
10 -172 173 
10 -172 174 
10 -172 175 
10 -172 176 
10 -172 177 
10 -178 179 
10 -178 180 
10 -178 181 
10 -178 182 
10 -178 183 
10 -184 185 
10 -184 186 
10 -184 187 
10 -184 188 
10 -184 189 
10 -190 191 
10 -190 192 
10 -190 193 
10 -190 194 
10 -190 195 
10 -190 196 
10 -197 198 
10 -197 199 
10 -197 200 
10 -197 201 
10 -197 202 
10 -197 203 
10 -204 205 
10 -204 206 
10 -204 207 
10 -204 208 
10 -204 209 
10 -204 210 
10 -211 212 
10 -211 213 
10 -211 214 
10 -211 215 
10 -211 216 
10 -211 217 
10 -218 219 
10 -218 220 
10 -218 221 
10 -218 222 
10 -218 223 
10 -218 224 
10 -225 226 
10 -225 227 
10 -225 228 
10 -225 229 
10 -225 230 
10 -225 231 
10 -232 233 
10 -232 234 
10 -232 235 
10 -232 236 
10 -232 237 
10 -232 238 
10 -239 240 
10 -239 241 
10 -239 242 
10 -239 243 
10 -239 244 
10 -239 245 
10 -246 247 
10 -246 248 
10 -246 249 
10 -246 250 
10 -246 251 
10 -246 252 
10 -253 254 
10 -253 255 
10 -253 256 
10 -253 257 
10 -253 258 
10 -253 259 
10 -253 260 
10 -261 262 
10 -261 263 
10 -261 264 
10 -261 265 
10 -261 266 
10 -261 267 
10 -261 268 
10 -269 270 
10 -269 271 
10 -269 272 
10 -269 273 
10 -269 274 
10 -269 275 
10 -269 276 
10 -277 278 
10 -277 279 
10 -277 280 
10 -277 281 
10 -277 282 
10 -277 283 
10 -277 284 
10 -285 286 
10 -285 287 
10 -285 288 
10 -285 289 
10 -285 290 
10 -285 291 
10 -285 292 
10 -293 294 
10 -293 295 
10 -293 296 
10 -293 297 
10 -293 298 
10 -293 299 
10 -293 300 
10 -301 302 
10 -301 303 
10 -301 304 
10 -301 305 
10 -301 306 
10 -301 307 
10 -301 308 
10 -309 310 
10 -309 311 
10 -309 312 
10 -309 313 
10 -309 314 
10 -309 315 
10 -309 316 
10 -317 318 
10 -317 319 
10 -317 320 
10 -317 321 
10 -317 322 
10 -317 323 
10 -317 324 
10 -325 326 
10 -325 327 
10 -325 328 
10 -325 329 
10 -325 330 
10 -325 331 
10 -325 332 
10 -325 333 
10 -334 335 
10 -334 336 
10 -334 337 
10 -334 338 
10 -334 339 
10 -334 340 
10 -334 341 
10 -334 342 
10 -343 344 
10 -343 345 
10 -343 346 
10 -343 347 
10 -343 348 
10 -343 349 
10 -343 350 
10 -343 351 
10 -352 353 
10 -352 354 
10 -352 355 
10 -352 356 
10 -352 357 
10 -352 358 
10 -352 359 
10 -352 360 
10 -361 362 
10 -361 363 
10 -361 364 
10 -361 365 
10 -361 366 
10 -361 367 
10 -361 368 
10 -361 369 
10 -370 371 
10 -370 372 
10 -370 373 
10 -370 374 
10 -370 375 
10 -370 376 
10 -370 377 
10 -370 378 
10 -379 380 
10 -379 381 
10 -379 382 
10 -379 383 
10 -379 384 
10 -379 385 
10 -379 386 
10 -379 387 
10 -388 389 
10 -388 390 
10 -388 391 
10 -388 392 
10 -388 393 
10 -388 394 
10 -388 395 
10 -388 396 
10 -397 398 
10 -397 399 
10 -397 400 
10 -397 401 
10 -397 402 
10 -397 403 
10 -397 404 
10 -397 405 
10 -406 407 
10 -406 408 
10 -406 409 
10 -406 410 
10 -406 411 
10 -406 412 
10 -406 413 
10 -406 414 
10 -406 415 
10 -416 417 
10 -416 418 
10 -416 419 
10 -416 420 
10 -416 421 
10 -416 422 
10 -416 423 
10 -416 424 
10 -416 425 
10 -426 427 
10 -426 428 
10 -426 429 
10 -426 430 
10 -426 431 
10 -426 432 
10 -426 433 
10 -426 434 
10 -426 435 
10 -436 437 
10 -436 438 
10 -436 439 
10 -436 440 
10 -436 441 
10 -436 442 
10 -436 443 
10 -436 444 
10 -436 445 
10 -446 447 
10 -446 448 
10 -446 449 
10 -446 450 
10 -446 451 
10 -446 452 
10 -446 453 
10 -446 454 
10 -446 455 
10 -456 457 
10 -456 458 
10 -456 459 
10 -456 460 
10 -456 461 
10 -456 462 
10 -456 463 
10 -456 464 
10 -456 465 
10 -466 467 
10 -466 468 
10 -466 469 
10 -466 470 
10 -466 471 
10 -466 472 
10 -466 473 
10 -466 474 
10 -466 475 
10 -476 477 
10 -476 478 
10 -476 479 
10 -476 480 
10 -476 481 
10 -476 482 
10 -476 483 
10 -476 484 
10 -476 485 
10 -486 487 
10 -486 488 
10 -486 489 
10 -486 490 
10 -486 491 
10 -486 492 
10 -486 493 
10 -486 494 
10 -486 495 
10 -486 496 
10 -497 498 
10 -497 499 
10 -497 500 
10 -497 501 
10 -497 502 
10 -497 503 
10 -497 504 
10 -497 505 
10 -497 506 
10 -497 507 
10 -508 509 
10 -508 510 
10 -508 511 
10 -508 512 
10 -508 513 
10 -508 514 
10 -508 515 
10 -508 516 
10 -508 517 
10 -508 518 
10 -519 520 
10 -519 521 
10 -519 522 
10 -519 523 
10 -519 524 
10 -519 525 
10 -519 526 
10 -519 527 
10 -519 528 
10 -519 529 
10 -530 531 
10 -530 532 
10 -530 533 
10 -530 534 
10 -530 535 
10 -530 536 
10 -530 537 
10 -530 538 
10 -530 539 
10 -530 540 
10 -541 542 
10 -541 543 
10 -541 544 
10 -541 545 
10 -541 546 
10 -541 547 
10 -541 548 
10 -541 549 
10 -541 550 
10 -541 551 
10 -552 553 
10 -552 554 
10 -552 555 
10 -552 556 
10 -552 557 
10 -552 558 
10 -552 559 
10 -552 560 
10 -552 561 
10 -552 562 
10 -563 564 
10 -563 565 
10 -563 566 
10 -563 567 
10 -563 568 
10 -563 569 
10 -563 570 
10 -563 571 
10 -563 572 
10 -563 573 
10 -574 575 
10 -574 576 
10 -574 577 
10 -574 578 
10 -574 579 
10 -574 580 
10 -574 581 
10 -574 582 
10 -574 583 
10 -574 584 
10 -574 585 
10 -586 587 
10 -586 588 
10 -586 589 
10 -586 590 
10 -586 591 
10 -586 592 
10 -586 593 
10 -586 594 
10 -586 595 
10 -586 596 
10 -586 597 
10 -598 599 
10 -598 600 
10 -598 601 
10 -598 602 
10 -598 603 
10 -598 604 
10 -598 605 
10 -598 606 
10 -598 607 
10 -598 608 
10 -598 609 
10 -610 611 
10 -610 612 
10 -610 613 
10 -610 614 
10 -610 615 
10 -610 616 
10 -610 617 
10 -610 618 
10 -610 619 
10 -610 620 
10 -610 621 
10 -622 623 
10 -622 624 
10 -622 625 
10 -622 626 
10 -622 627 
10 -622 628 
10 -622 629 
10 -622 630 
10 -622 631 
10 -622 632 
10 -622 633 
10 -634 635 
10 -634 636 
10 -634 637 
10 -634 638 
10 -634 639 
10 -634 640 
10 -634 641 
10 -634 642 
10 -634 643 
10 -634 644 
10 -634 645 
10 -646 647 
10 -646 648 
10 -646 649 
10 -646 650 
10 -646 651 
10 -646 652 
10 -646 653 
10 -646 654 
10 -646 655 
10 -646 656 
10 -646 657 
10 -658 659 
10 -658 660 
10 -658 661 
10 -658 662 
10 -658 663 
10 -658 664 
10 -658 665 
10 -658 666 
10 -658 667 
10 -658 668 
10 -658 669 
10 -670 671 
10 -670 672 
10 -670 673 
10 -670 674 
10 -670 675 
10 -670 676 
10 -670 677 
10 -670 678 
10 -670 679 
10 -670 680 
10 -670 681 
10 -670 682 
10 -683 684 
10 -683 685 
10 -683 686 
10 -683 687 
10 -683 688 
10 -683 689 
10 -683 690 
10 -683 691 
10 -683 692 
10 -683 693 
10 -683 694 
10 -683 695 
10 -696 697 
10 -696 698 
10 -696 699 
10 -696 700 
10 -696 701 
10 -696 702 
10 -696 703 
10 -696 704 
10 -696 705 
10 -696 706 
10 -696 707 
10 -696 708 
10 -709 710 
10 -709 711 
10 -709 712 
10 -709 713 
10 -709 714 
10 -709 715 
10 -709 716 
10 -709 717 
10 -709 718 
10 -709 719 
10 -709 720 
10 -709 721 
10 -722 723 
10 -722 724 
10 -722 725 
10 -722 726 
10 -722 727 
10 -722 728 
10 -722 729 
10 -722 730 
10 -722 731 
10 -722 732 
10 -722 733 
10 -722 734 
10 -735 736 
10 -735 737 
10 -735 738 
10 -735 739 
10 -735 740 
10 -735 741 
10 -735 742 
10 -735 743 
10 -735 744 
10 -735 745 
10 -735 746 
10 -735 747 
10 -748 749 
10 -748 750 
10 -748 751 
10 -748 752 
10 -748 753 
10 -748 754 
10 -748 755 
10 -748 756 
10 -748 757 
10 -748 758 
10 -748 759 
10 -748 760 
10 -761 762 
10 -761 763 
10 -761 764 
10 -761 765 
10 -761 766 
10 -761 767 
10 -761 768 
10 -761 769 
10 -761 770 
10 -761 771 
10 -761 772 
10 -761 773 
10 -774 775 
10 -774 776 
10 -774 777 
10 -774 778 
10 -774 779 
10 -774 780 
10 -774 781 
10 -774 782 
10 -774 783 
10 -774 784 
10 -774 785 
10 -774 786 
10 -774 787 
10 -788 789 
10 -788 790 
10 -788 791 
10 -788 792 
10 -788 793 
10 -788 794 
10 -788 795 
10 -788 796 
10 -788 797 
10 -788 798 
10 -788 799 
10 -788 800 
10 -788 801 
10 -802 803 
10 -802 804 
10 -802 805 
10 -802 806 
10 -802 807 
10 -802 808 
10 -802 809 
10 -802 810 
10 -802 811 
10 -802 812 
10 -802 813 
10 -802 814 
10 -802 815 
10 -816 817 
10 -816 818 
10 -816 819 
10 -816 820 
10 -816 821 
10 -816 822 
10 -816 823 
10 -816 824 
10 -816 825 
10 -816 826 
10 -816 827 
10 -816 828 
10 -816 829 
10 -830 831 
10 -830 832 
10 -830 833 
10 -830 834 
10 -830 835 
10 -830 836 
10 -830 837 
10 -830 838 
10 -830 839 
10 -830 840 
10 -830 841 
10 -830 842 
10 -830 843 
10 -844 845 
10 -844 846 
10 -844 847 
10 -844 848 
10 -844 849 
10 -844 850 
10 -844 851 
10 -844 852 
10 -844 853 
10 -844 854 
10 -844 855 
10 -844 856 
10 -844 857 
10 -858 859 
10 -858 860 
10 -858 861 
10 -858 862 
10 -858 863 
10 -858 864 
10 -858 865 
10 -858 866 
10 -858 867 
10 -858 868 
10 -858 869 
10 -858 870 
10 -858 871 
10 -872 873 
10 -872 874 
10 -872 875 
10 -872 876 
10 -872 877 
10 -872 878 
10 -872 879 
10 -872 880 
10 -872 881 
10 -872 882 
10 -872 883 
10 -872 884 
10 -872 885 
10 -886 887 
10 -886 888 
10 -886 889 
10 -886 890 
10 -886 891 
10 -886 892 
10 -886 893 
10 -886 894 
10 -886 895 
10 -886 896 
10 -886 897 
10 -886 898 
10 -886 899 
10 -886 900 
10 -901 902 
10 -901 903 
10 -901 904 
10 -901 905 
10 -901 906 
10 -901 907 
10 -901 908 
10 -901 909 
10 -901 910 
10 -901 911 
10 -901 912 
10 -901 913 
10 -901 914 
10 -901 915 
10 -916 917 
10 -916 918 
10 -916 919 
10 -916 920 
10 -916 921 
10 -916 922 
10 -916 923 
10 -916 924 
10 -916 925 
10 -916 926 
10 -916 927 
10 -916 928 
10 -916 929 
10 -916 930 
10 -931 932 
10 -931 933 
10 -931 934 
10 -931 935 
10 -931 936 
10 -931 937 
10 -931 938 
10 -931 939 
10 -931 940 
10 -931 941 
10 -931 942 
10 -931 943 
10 -931 944 
10 -931 945 
10 -946 947 
10 -946 948 
10 -946 949 
10 -946 950 
10 -946 951 
10 -946 952 
10 -946 953 
10 -946 954 
10 -946 955 
10 -946 956 
10 -946 957 
10 -946 958 
10 -946 959 
10 -946 960 
10 -961 962 
10 -961 963 
10 -961 964 
10 -961 965 
10 -961 966 
10 -961 967 
10 -961 968 
10 -961 969 
10 -961 970 
10 -961 971 
10 -961 972 
10 -961 973 
10 -961 974 
10 -961 975 
10 -976 977 
10 -976 978 
10 -976 979 
10 -976 980 
10 -976 981 
10 -976 982 
10 -976 983 
10 -976 984 
10 -976 985 
10 -976 986 
10 -976 987 
10 -976 988 
10 -976 989 
10 -976 990 
10 -991 992 
10 -991 993 
10 -991 994 
10 -991 995 
10 -991 996 
10 -991 997 
10 -991 998 
10 -991 999 
10 -991 1000 
10 -991 1001 
10 -991 1002 
10 -991 1003 
10 -991 1004 
10 -991 1005 
10 -1006 1007 
10 -1006 1008 
10 -1006 1009 
10 -1006 1010 
10 -1006 1011 
10 -1006 1012 
10 -1006 1013 
10 -1006 1014 
10 -1006 1015 
10 -1006 1016 
10 -1006 1017 
10 -1006 1018 
10 -1006 1019 
10 -1006 1020 
10 -1006 1021 
10 -1022 1023 
10 -1022 1024 
10 -1022 1025 
10 -1022 1026 
10 -1022 1027 
10 -1022 1028 
10 -1022 1029 
10 -1022 1030 
10 -1022 1031 
10 -1022 1032 
10 -1022 1033 
10 -1022 1034 
10 -1022 1035 
10 -1022 1036 
10 -1022 1037 
10 -1038 1039 
10 -1038 1040 
10 -1038 1041 
10 -1038 1042 
10 -1038 1043 
10 -1038 1044 
10 -1038 1045 
10 -1038 1046 
10 -1038 1047 
10 -1038 1048 
10 -1038 1049 
10 -1038 1050 
10 -1038 1051 
10 -1038 1052 
10 -1038 1053 
10 -1054 1055 
10 -1054 1056 
10 -1054 1057 
10 -1054 1058 
10 -1054 1059 
10 -1054 1060 
10 -1054 1061 
10 -1054 1062 
10 -1054 1063 
10 -1054 1064 
10 -1054 1065 
10 -1054 1066 
10 -1054 1067 
10 -1054 1068 
10 -1054 1069 
10 -1070 1071 
10 -1070 1072 
10 -1070 1073 
10 -1070 1074 
10 -1070 1075 
10 -1070 1076 
10 -1070 1077 
10 -1070 1078 
10 -1070 1079 
10 -1070 1080 
10 -1070 1081 
10 -1070 1082 
10 -1070 1083 
10 -1070 1084 
10 -1070 1085 
10 -1086 1087 
10 -1086 1088 
10 -1086 1089 
10 -1086 1090 
10 -1086 1091 
10 -1086 1092 
10 -1086 1093 
10 -1086 1094 
10 -1086 1095 
10 -1086 1096 
10 -1086 1097 
10 -1086 1098 
10 -1086 1099 
10 -1086 1100 
10 -1086 1101 
10 -1102 1103 
10 -1102 1104 
10 -1102 1105 
10 -1102 1106 
10 -1102 1107 
10 -1102 1108 
10 -1102 1109 
10 -1102 1110 
10 -1102 1111 
10 -1102 1112 
10 -1102 1113 
10 -1102 1114 
10 -1102 1115 
10 -1102 1116 
10 -1102 1117 
10 -1118 1119 
10 -1118 1120 
10 -1118 1121 
10 -1118 1122 
10 -1118 1123 
10 -1118 1124 
10 -1118 1125 
10 -1118 1126 
10 -1118 1127 
10 -1118 1128 
10 -1118 1129 
10 -1118 1130 
10 -1118 1131 
10 -1118 1132 
10 -1118 1133 
10 -1134 1135 
10 -1134 1136 
10 -1134 1137 
10 -1134 1138 
10 -1134 1139 
10 -1134 1140 
10 -1134 1141 
10 -1134 1142 
10 -1134 1143 
10 -1144 1145 
10 -1144 1146 
10 -1144 1147 
10 -1144 1148 
10 -1144 1149 
10 -1144 1150 
10 -1144 1151 
10 -1144 1152 
10 -1144 1153 
10 -1154 1155 
10 -1154 1156 
10 -1154 1157 
10 -1154 1158 
10 -1154 1159 
10 -1154 1160 
10 -1154 1161 
10 -1154 1162 
10 -1154 1163 
10 -1164 1165 
10 -1164 1166 
10 -1164 1167 
10 -1164 1168 
10 -1164 1169 
10 -1164 1170 
10 -1164 1171 
10 -1164 1172 
10 -1164 1173 
10 -1174 1175 
10 -1174 1176 
10 -1174 1177 
10 -1174 1178 
10 -1174 1179 
10 -1174 1180 
10 -1174 1181 
10 -1174 1182 
10 -1174 1183 
10 -1184 1185 
10 -1184 1186 
10 -1184 1187 
10 -1184 1188 
10 -1184 1189 
10 -1184 1190 
10 -1184 1191 
10 -1184 1192 
10 -1184 1193 
10 -1194 1195 
10 -1194 1196 
10 -1194 1197 
10 -1194 1198 
10 -1194 1199 
10 -1194 1200 
10 -1194 1201 
10 -1194 1202 
10 -1194 1203 
10 -1204 1205 
10 -1204 1206 
10 -1204 1207 
10 -1204 1208 
10 -1204 1209 
10 -1204 1210 
10 -1204 1211 
10 -1204 1212 
10 -1204 1213 
10 -1204 1214 
10 -1215 1216 
10 -1215 1217 
10 -1215 1218 
10 -1215 1219 
10 -1215 1220 
10 -1215 1221 
10 -1215 1222 
10 -1215 1223 
10 -1215 1224 
10 -1215 1225 
10 -1226 1227 
10 -1226 1228 
10 -1226 1229 
10 -1226 1230 
10 -1226 1231 
10 -1226 1232 
10 -1226 1233 
10 -1226 1234 
10 -1226 1235 
10 -1226 1236 
10 -1237 1238 
10 -1237 1239 
10 -1237 1240 
10 -1237 1241 
10 -1237 1242 
10 -1237 1243 
10 -1237 1244 
10 -1237 1245 
10 -1237 1246 
10 -1237 1247 
10 -1248 1249 
10 -1248 1250 
10 -1248 1251 
10 -1248 1252 
10 -1248 1253 
10 -1248 1254 
10 -1248 1255 
10 -1248 1256 
10 -1248 1257 
10 -1248 1258 
10 -1259 1260 
10 -1259 1261 
10 -1259 1262 
10 -1259 1263 
10 -1259 1264 
10 -1259 1265 
10 -1259 1266 
10 -1259 1267 
10 -1259 1268 
10 -1259 1269 
10 -1270 1271 
10 -1270 1272 
10 -1270 1273 
10 -1270 1274 
10 -1270 1275 
10 -1270 1276 
10 -1270 1277 
10 -1270 1278 
10 -1270 1279 
10 -1270 1280 
10 -1281 1282 
10 -1281 1283 
10 -1281 1284 
10 -1281 1285 
10 -1281 1286 
10 -1281 1287 
10 -1281 1288 
10 -1281 1289 
10 -1281 1290 
10 -1281 1291 
10 -1281 1292 
10 -1293 1294 
10 -1293 1295 
10 -1293 1296 
10 -1293 1297 
10 -1293 1298 
10 -1293 1299 
10 -1293 1300 
10 -1293 1301 
10 -1293 1302 
10 -1293 1303 
10 -1293 1304 
10 -1305 1306 
10 -1305 1307 
10 -1305 1308 
10 -1305 1309 
10 -1305 1310 
10 -1305 1311 
10 -1305 1312 
10 -1305 1313 
10 -1305 1314 
10 -1305 1315 
10 -1305 1316 
10 -1317 1318 
10 -1317 1319 
10 -1317 1320 
10 -1317 1321 
10 -1317 1322 
10 -1317 1323 
10 -1317 1324 
10 -1317 1325 
10 -1317 1326 
10 -1317 1327 
10 -1317 1328 
10 -1329 1330 
10 -1329 1331 
10 -1329 1332 
10 -1329 1333 
10 -1329 1334 
10 -1329 1335 
10 -1329 1336 
10 -1329 1337 
10 -1329 1338 
10 -1329 1339 
10 -1329 1340 
10 -1341 1342 
10 -1341 1343 
10 -1341 1344 
10 -1341 1345 
10 -1341 1346 
10 -1341 1347 
10 -1341 1348 
10 -1341 1349 
10 -1341 1350 
10 -1341 1351 
10 -1341 1352 
10 -1353 1354 
10 -1353 1355 
10 -1353 1356 
10 -1353 1357 
10 -1353 1358 
10 -1353 1359 
10 -1353 1360 
10 -1353 1361 
10 -1353 1362 
10 -1353 1363 
10 -1353 1364 
10 -1365 1366 
10 -1365 1367 
10 -1365 1368 
10 -1365 1369 
10 -1365 1370 
10 -1365 1371 
10 -1365 1372 
10 -1365 1373 
10 -1365 1374 
10 -1365 1375 
10 -1365 1376 
10 -1365 1377 
10 -1378 1379 
10 -1378 1380 
10 -1378 1381 
10 -1378 1382 
10 -1378 1383 
10 -1378 1384 
10 -1378 1385 
10 -1378 1386 
10 -1378 1387 
10 -1378 1388 
10 -1378 1389 
10 -1378 1390 
10 -1391 1392 
10 -1391 1393 
10 -1391 1394 
10 -1391 1395 
10 -1391 1396 
10 -1391 1397 
10 -1391 1398 
10 -1391 1399 
10 -1391 1400 
10 -1391 1401 
10 -1391 1402 
10 -1391 1403 
10 -1404 1405 
10 -1404 1406 
10 -1404 1407 
10 -1404 1408 
10 -1404 1409 
10 -1404 1410 
10 -1404 1411 
10 -1404 1412 
10 -1404 1413 
10 -1404 1414 
10 -1404 1415 
10 -1404 1416 
10 -1417 1418 
10 -1417 1419 
10 -1417 1420 
10 -1417 1421 
10 -1417 1422 
10 -1417 1423 
10 -1417 1424 
10 -1417 1425 
10 -1417 1426 
10 -1417 1427 
10 -1417 1428 
10 -1417 1429 
10 -1430 1431 
10 -1430 1432 
10 -1430 1433 
10 -1430 1434 
10 -1430 1435 
10 -1430 1436 
10 -1430 1437 
10 -1430 1438 
10 -1430 1439 
10 -1430 1440 
10 -1430 1441 
10 -1430 1442 
10 -1443 1444 
10 -1443 1445 
10 -1443 1446 
10 -1443 1447 
10 -1443 1448 
10 -1443 1449 
10 -1443 1450 
10 -1443 1451 
10 -1443 1452 
10 -1443 1453 
10 -1443 1454 
10 -1443 1455 
10 -1456 1457 
10 -1456 1458 
10 -1456 1459 
10 -1456 1460 
10 -1456 1461 
10 -1456 1462 
10 -1456 1463 
10 -1456 1464 
10 -1456 1465 
10 -1456 1466 
10 -1456 1467 
10 -1456 1468 
10 -1456 1469 
10 -1470 1471 
10 -1470 1472 
10 -1470 1473 
10 -1470 1474 
10 -1470 1475 
10 -1470 1476 
10 -1470 1477 
10 -1470 1478 
10 -1470 1479 
10 -1470 1480 
10 -1470 1481 
10 -1470 1482 
10 -1470 1483 
10 -1484 1485 
10 -1484 1486 
10 -1484 1487 
10 -1484 1488 
10 -1484 1489 
10 -1484 1490 
10 -1484 1491 
10 -1484 1492 
10 -1484 1493 
10 -1484 1494 
10 -1484 1495 
10 -1484 1496 
10 -1484 1497 
10 -1498 1499 
10 -1498 1500 
10 -1498 1501 
10 -1498 1502 
10 -1498 1503 
10 -1498 1504 
10 -1498 1505 
10 -1498 1506 
10 -1498 1507 
10 -1498 1508 
10 -1498 1509 
10 -1498 1510 
10 -1498 1511 
10 -1512 1513 
10 -1512 1514 
10 -1512 1515 
10 -1512 1516 
10 -1512 1517 
10 -1512 1518 
10 -1512 1519 
10 -1512 1520 
10 -1512 1521 
10 -1512 1522 
10 -1512 1523 
10 -1512 1524 
10 -1512 1525 
10 -1526 1527 
10 -1526 1528 
10 -1526 1529 
10 -1526 1530 
10 -1526 1531 
10 -1526 1532 
10 -1526 1533 
10 -1526 1534 
10 -1526 1535 
10 -1526 1536 
10 -1526 1537 
10 -1526 1538 
10 -1526 1539 
10 -1540 1541 
10 -1540 1542 
10 -1540 1543 
10 -1540 1544 
10 -1540 1545 
10 -1540 1546 
10 -1540 1547 
10 -1540 1548 
10 -1540 1549 
10 -1540 1550 
10 -1540 1551 
10 -1540 1552 
10 -1540 1553 
10 -1554 1555 
10 -1554 1556 
10 -1554 1557 
10 -1554 1558 
10 -1554 1559 
10 -1554 1560 
10 -1554 1561 
10 -1554 1562 
10 -1554 1563 
10 -1554 1564 
10 -1554 1565 
10 -1554 1566 
10 -1554 1567 
10 -1554 1568 
10 -1569 1570 
10 -1569 1571 
10 -1569 1572 
10 -1569 1573 
10 -1569 1574 
10 -1569 1575 
10 -1569 1576 
10 -1569 1577 
10 -1569 1578 
10 -1569 1579 
10 -1569 1580 
10 -1569 1581 
10 -1569 1582 
10 -1569 1583 
10 -1584 1585 
10 -1584 1586 
10 -1584 1587 
10 -1584 1588 
10 -1584 1589 
10 -1584 1590 
10 -1584 1591 
10 -1584 1592 
10 -1584 1593 
10 -1584 1594 
10 -1584 1595 
10 -1584 1596 
10 -1584 1597 
10 -1584 1598 
10 -1599 1600 
10 -1599 1601 
10 -1599 1602 
10 -1599 1603 
10 -1599 1604 
10 -1599 1605 
10 -1599 1606 
10 -1599 1607 
10 -1599 1608 
10 -1599 1609 
10 -1599 1610 
10 -1599 1611 
10 -1599 1612 
10 -1599 1613 
10 -1614 1615 
10 -1614 1616 
10 -1614 1617 
10 -1614 1618 
10 -1614 1619 
10 -1614 1620 
10 -1614 1621 
10 -1614 1622 
10 -1614 1623 
10 -1614 1624 
10 -1614 1625 
10 -1614 1626 
10 -1614 1627 
10 -1614 1628 
10 -1629 1630 
10 -1629 1631 
10 -1629 1632 
10 -1629 1633 
10 -1629 1634 
10 -1629 1635 
10 -1629 1636 
10 -1629 1637 
10 -1629 1638 
10 -1629 1639 
10 -1629 1640 
10 -1629 1641 
10 -1629 1642 
10 -1629 1643 
10 -1644 1645 
10 -1644 1646 
10 -1644 1647 
10 -1644 1648 
10 -1644 1649 
10 -1644 1650 
10 -1644 1651 
10 -1644 1652 
10 -1644 1653 
10 -1644 1654 
10 -1644 1655 
10 -1644 1656 
10 -1644 1657 
10 -1644 1658 
10 -1659 1660 
10 -1659 1661 
10 -1659 1662 
10 -1659 1663 
10 -1659 1664 
10 -1659 1665 
10 -1659 1666 
10 -1659 1667 
10 -1659 1668 
10 -1669 1670 
10 -1669 1671 
10 -1669 1672 
10 -1669 1673 
10 -1669 1674 
10 -1669 1675 
10 -1669 1676 
10 -1669 1677 
10 -1669 1678 
10 -1679 1680 
10 -1679 1681 
10 -1679 1682 
10 -1679 1683 
10 -1679 1684 
10 -1679 1685 
10 -1679 1686 
10 -1679 1687 
10 -1679 1688 
10 -1689 1690 
10 -1689 1691 
10 -1689 1692 
10 -1689 1693 
10 -1689 1694 
10 -1689 1695 
10 -1689 1696 
10 -1689 1697 
10 -1689 1698 
10 -1699 1700 
10 -1699 1701 
10 -1699 1702 
10 -1699 1703 
10 -1699 1704 
10 -1699 1705 
10 -1699 1706 
10 -1699 1707 
10 -1699 1708 
10 -1709 1710 
10 -1709 1711 
10 -1709 1712 
10 -1709 1713 
10 -1709 1714 
10 -1709 1715 
10 -1709 1716 
10 -1709 1717 
10 -1709 1718 
10 -1719 1720 
10 -1719 1721 
10 -1719 1722 
10 -1719 1723 
10 -1719 1724 
10 -1719 1725 
10 -1719 1726 
10 -1719 1727 
10 -1719 1728 
10 -1719 1729 
10 -1730 1731 
10 -1730 1732 
10 -1730 1733 
10 -1730 1734 
10 -1730 1735 
10 -1730 1736 
10 -1730 1737 
10 -1730 1738 
10 -1730 1739 
10 -1730 1740 
10 -1741 1742 
10 -1741 1743 
10 -1741 1744 
10 -1741 1745 
10 -1741 1746 
10 -1741 1747 
10 -1741 1748 
10 -1741 1749 
10 -1741 1750 
10 -1741 1751 
10 -1752 1753 
10 -1752 1754 
10 -1752 1755 
10 -1752 1756 
10 -1752 1757 
10 -1752 1758 
10 -1752 1759 
10 -1752 1760 
10 -1752 1761 
10 -1752 1762 
10 -1763 1764 
10 -1763 1765 
10 -1763 1766 
10 -1763 1767 
10 -1763 1768 
10 -1763 1769 
10 -1763 1770 
10 -1763 1771 
10 -1763 1772 
10 -1763 1773 
10 -1774 1775 
10 -1774 1776 
10 -1774 1777 
10 -1774 1778 
10 -1774 1779 
10 -1774 1780 
10 -1774 1781 
10 -1774 1782 
10 -1774 1783 
10 -1774 1784 
10 -1785 1786 
10 -1785 1787 
10 -1785 1788 
10 -1785 1789 
10 -1785 1790 
10 -1785 1791 
10 -1785 1792 
10 -1785 1793 
10 -1785 1794 
10 -1785 1795 
10 -1785 1796 
10 -1797 1798 
10 -1797 1799 
10 -1797 1800 
10 -1797 1801 
10 -1797 1802 
10 -1797 1803 
10 -1797 1804 
10 -1797 1805 
10 -1797 1806 
10 -1797 1807 
10 -1797 1808 
10 -1809 1810 
10 -1809 1811 
10 -1809 1812 
10 -1809 1813 
10 -1809 1814 
10 -1809 1815 
10 -1809 1816 
10 -1809 1817 
10 -1809 1818 
10 -1809 1819 
10 -1809 1820 
10 -1821 1822 
10 -1821 1823 
10 -1821 1824 
10 -1821 1825 
10 -1821 1826 
10 -1821 1827 
10 -1821 1828 
10 -1821 1829 
10 -1821 1830 
10 -1821 1831 
10 -1821 1832 
10 -1833 1834 
10 -1833 1835 
10 -1833 1836 
10 -1833 1837 
10 -1833 1838 
10 -1833 1839 
10 -1833 1840 
10 -1833 1841 
10 -1833 1842 
10 -1833 1843 
10 -1833 1844 
10 -1845 1846 
10 -1845 1847 
10 -1845 1848 
10 -1845 1849 
10 -1845 1850 
10 -1845 1851 
10 -1845 1852 
10 -1845 1853 
10 -1845 1854 
10 -1845 1855 
10 -1845 1856 
10 -1857 1858 
10 -1857 1859 
10 -1857 1860 
10 -1857 1861 
10 -1857 1862 
10 -1857 1863 
10 -1857 1864 
10 -1857 1865 
10 -1857 1866 
10 -1857 1867 
10 -1857 1868 
10 -1857 1869 
10 -1870 1871 
10 -1870 1872 
10 -1870 1873 
10 -1870 1874 
10 -1870 1875 
10 -1870 1876 
10 -1870 1877 
10 -1870 1878 
10 -1870 1879 
10 -1870 1880 
10 -1870 1881 
10 -1870 1882 
10 -1883 1884 
10 -1883 1885 
10 -1883 1886 
10 -1883 1887 
10 -1883 1888 
10 -1883 1889 
10 -1883 1890 
10 -1883 1891 
10 -1883 1892 
10 -1883 1893 
10 -1883 1894 
10 -1883 1895 
10 -1896 1897 
10 -1896 1898 
10 -1896 1899 
10 -1896 1900 
10 -1896 1901 
10 -1896 1902 
10 -1896 1903 
10 -1896 1904 
10 -1896 1905 
10 -1896 1906 
10 -1896 1907 
10 -1896 1908 
10 -1909 1910 
10 -1909 1911 
10 -1909 1912 
10 -1909 1913 
10 -1909 1914 
10 -1909 1915 
10 -1909 1916 
10 -1909 1917 
10 -1909 1918 
10 -1909 1919 
10 -1909 1920 
10 -1909 1921 
10 -1922 1923 
10 -1922 1924 
10 -1922 1925 
10 -1922 1926 
10 -1922 1927 
10 -1922 1928 
10 -1922 1929 
10 -1922 1930 
10 -1922 1931 
10 -1922 1932 
10 -1922 1933 
10 -1922 1934 
10 -1935 1936 
10 -1935 1937 
10 -1935 1938 
10 -1935 1939 
10 -1935 1940 
10 -1935 1941 
10 -1935 1942 
10 -1935 1943 
10 -1935 1944 
10 -1935 1945 
10 -1935 1946 
10 -1935 1947 
10 -1935 1948 
10 -1949 1950 
10 -1949 1951 
10 -1949 1952 
10 -1949 1953 
10 -1949 1954 
10 -1949 1955 
10 -1949 1956 
10 -1949 1957 
10 -1949 1958 
10 -1949 1959 
10 -1949 1960 
10 -1949 1961 
10 -1949 1962 
10 -1963 1964 
10 -1963 1965 
10 -1963 1966 
10 -1963 1967 
10 -1963 1968 
10 -1963 1969 
10 -1963 1970 
10 -1963 1971 
10 -1963 1972 
10 -1963 1973 
10 -1963 1974 
10 -1963 1975 
10 -1963 1976 
10 -1977 1978 
10 -1977 1979 
10 -1977 1980 
10 -1977 1981 
10 -1977 1982 
10 -1977 1983 
10 -1977 1984 
10 -1977 1985 
10 -1977 1986 
10 -1977 1987 
10 -1977 1988 
10 -1977 1989 
10 -1977 1990 
10 -1991 1992 
10 -1991 1993 
10 -1991 1994 
10 -1991 1995 
10 -1991 1996 
10 -1991 1997 
10 -1991 1998 
10 -1991 1999 
10 -1991 2000 
10 -1991 2001 
10 -1991 2002 
10 -1991 2003 
10 -1991 2004 
10 -2005 2006 
10 -2005 2007 
10 -2005 2008 
10 -2005 2009 
10 -2005 2010 
10 -2005 2011 
10 -2005 2012 
10 -2005 2013 
10 -2005 2014 
10 -2005 2015 
10 -2005 2016 
10 -2005 2017 
10 -2005 2018 
10 -2019 2020 
10 -2019 2021 
10 -2019 2022 
10 -2019 2023 
10 -2019 2024 
10 -2019 2025 
10 -2019 2026 
10 -2019 2027 
10 -2019 2028 
10 -2029 2030 
10 -2029 2031 
10 -2029 2032 
10 -2029 2033 
10 -2029 2034 
10 -2029 2035 
10 -2029 2036 
10 -2029 2037 
10 -2029 2038 
10 -2039 2040 
10 -2039 2041 
10 -2039 2042 
10 -2039 2043 
10 -2039 2044 
10 -2039 2045 
10 -2039 2046 
10 -2039 2047 
10 -2039 2048 
10 -2049 2050 
10 -2049 2051 
10 -2049 2052 
10 -2049 2053 
10 -2049 2054 
10 -2049 2055 
10 -2049 2056 
10 -2049 2057 
10 -2049 2058 
10 -2059 2060 
10 -2059 2061 
10 -2059 2062 
10 -2059 2063 
10 -2059 2064 
10 -2059 2065 
10 -2059 2066 
10 -2059 2067 
10 -2059 2068 
10 -2069 2070 
10 -2069 2071 
10 -2069 2072 
10 -2069 2073 
10 -2069 2074 
10 -2069 2075 
10 -2069 2076 
10 -2069 2077 
10 -2069 2078 
10 -2069 2079 
10 -2080 2081 
10 -2080 2082 
10 -2080 2083 
10 -2080 2084 
10 -2080 2085 
10 -2080 2086 
10 -2080 2087 
10 -2080 2088 
10 -2080 2089 
10 -2080 2090 
10 -2091 2092 
10 -2091 2093 
10 -2091 2094 
10 -2091 2095 
10 -2091 2096 
10 -2091 2097 
10 -2091 2098 
10 -2091 2099 
10 -2091 2100 
10 -2091 2101 
10 -2102 2103 
10 -2102 2104 
10 -2102 2105 
10 -2102 2106 
10 -2102 2107 
10 -2102 2108 
10 -2102 2109 
10 -2102 2110 
10 -2102 2111 
10 -2102 2112 
10 -2113 2114 
10 -2113 2115 
10 -2113 2116 
10 -2113 2117 
10 -2113 2118 
10 -2113 2119 
10 -2113 2120 
10 -2113 2121 
10 -2113 2122 
10 -2113 2123 
10 -2124 2125 
10 -2124 2126 
10 -2124 2127 
10 -2124 2128 
10 -2124 2129 
10 -2124 2130 
10 -2124 2131 
10 -2124 2132 
10 -2124 2133 
10 -2124 2134 
10 -2124 2135 
10 -2136 2137 
10 -2136 2138 
10 -2136 2139 
10 -2136 2140 
10 -2136 2141 
10 -2136 2142 
10 -2136 2143 
10 -2136 2144 
10 -2136 2145 
10 -2136 2146 
10 -2136 2147 
10 -2148 2149 
10 -2148 2150 
10 -2148 2151 
10 -2148 2152 
10 -2148 2153 
10 -2148 2154 
10 -2148 2155 
10 -2148 2156 
10 -2148 2157 
10 -2148 2158 
10 -2148 2159 
10 -2160 2161 
10 -2160 2162 
10 -2160 2163 
10 -2160 2164 
10 -2160 2165 
10 -2160 2166 
10 -2160 2167 
10 -2160 2168 
10 -2160 2169 
10 -2160 2170 
10 -2160 2171 
10 -2172 2173 
10 -2172 2174 
10 -2172 2175 
10 -2172 2176 
10 -2172 2177 
10 -2172 2178 
10 -2172 2179 
10 -2172 2180 
10 -2172 2181 
10 -2172 2182 
10 -2172 2183 
10 -2184 2185 
10 -2184 2186 
10 -2184 2187 
10 -2184 2188 
10 -2184 2189 
10 -2184 2190 
10 -2184 2191 
10 -2184 2192 
10 -2184 2193 
10 -2184 2194 
10 -2184 2195 
10 -2184 2196 
10 -2197 2198 
10 -2197 2199 
10 -2197 2200 
10 -2197 2201 
10 -2197 2202 
10 -2197 2203 
10 -2197 2204 
10 -2197 2205 
10 -2197 2206 
10 -2197 2207 
10 -2197 2208 
10 -2197 2209 
10 -2210 2211 
10 -2210 2212 
10 -2210 2213 
10 -2210 2214 
10 -2210 2215 
10 -2210 2216 
10 -2210 2217 
10 -2210 2218 
10 -2210 2219 
10 -2210 2220 
10 -2210 2221 
10 -2210 2222 
10 -2223 2224 
10 -2223 2225 
10 -2223 2226 
10 -2223 2227 
10 -2223 2228 
10 -2223 2229 
10 -2223 2230 
10 -2223 2231 
10 -2223 2232 
10 -2223 2233 
10 -2223 2234 
10 -2223 2235 
10 -2236 2237 
10 -2236 2238 
10 -2236 2239 
10 -2236 2240 
10 -2236 2241 
10 -2236 2242 
10 -2236 2243 
10 -2236 2244 
10 -2236 2245 
10 -2236 2246 
10 -2236 2247 
10 -2236 2248 
10 -2249 2250 
10 -2249 2251 
10 -2249 2252 
10 -2249 2253 
10 -2249 2254 
10 -2249 2255 
10 -2249 2256 
10 -2249 2257 
10 -2249 2258 
10 -2259 2260 
10 -2259 2261 
10 -2259 2262 
10 -2259 2263 
10 -2259 2264 
10 -2259 2265 
10 -2259 2266 
10 -2259 2267 
10 -2259 2268 
10 -2269 2270 
10 -2269 2271 
10 -2269 2272 
10 -2269 2273 
10 -2269 2274 
10 -2269 2275 
10 -2269 2276 
10 -2269 2277 
10 -2269 2278 
10 -2279 2280 
10 -2279 2281 
10 -2279 2282 
10 -2279 2283 
10 -2279 2284 
10 -2279 2285 
10 -2279 2286 
10 -2279 2287 
10 -2279 2288 
10 -2289 2290 
10 -2289 2291 
10 -2289 2292 
10 -2289 2293 
10 -2289 2294 
10 -2289 2295 
10 -2289 2296 
10 -2289 2297 
10 -2289 2298 
10 -2289 2299 
10 -2300 2301 
10 -2300 2302 
10 -2300 2303 
10 -2300 2304 
10 -2300 2305 
10 -2300 2306 
10 -2300 2307 
10 -2300 2308 
10 -2300 2309 
10 -2300 2310 
10 -2311 2312 
10 -2311 2313 
10 -2311 2314 
10 -2311 2315 
10 -2311 2316 
10 -2311 2317 
10 -2311 2318 
10 -2311 2319 
10 -2311 2320 
10 -2311 2321 
10 -2322 2323 
10 -2322 2324 
10 -2322 2325 
10 -2322 2326 
10 -2322 2327 
10 -2322 2328 
10 -2322 2329 
10 -2322 2330 
10 -2322 2331 
10 -2322 2332 
10 -2333 2334 
10 -2333 2335 
10 -2333 2336 
10 -2333 2337 
10 -2333 2338 
10 -2333 2339 
10 -2333 2340 
10 -2333 2341 
10 -2333 2342 
10 -2333 2343 
10 -2333 2344 
10 -2345 2346 
10 -2345 2347 
10 -2345 2348 
10 -2345 2349 
10 -2345 2350 
10 -2345 2351 
10 -2345 2352 
10 -2345 2353 
10 -2345 2354 
10 -2345 2355 
10 -2345 2356 
10 -2357 2358 
10 -2357 2359 
10 -2357 2360 
10 -2357 2361 
10 -2357 2362 
10 -2357 2363 
10 -2357 2364 
10 -2357 2365 
10 -2357 2366 
10 -2357 2367 
10 -2357 2368 
10 -2369 2370 
10 -2369 2371 
10 -2369 2372 
10 -2369 2373 
10 -2369 2374 
10 -2369 2375 
10 -2369 2376 
10 -2369 2377 
10 -2369 2378 
10 -2369 2379 
10 -2369 2380 
10 -2381 2382 
10 -2381 2383 
10 -2381 2384 
10 -2381 2385 
10 -2381 2386 
10 -2381 2387 
10 -2381 2388 
10 -2381 2389 
10 -2381 2390 
10 -2391 2392 
10 -2391 2393 
10 -2391 2394 
10 -2391 2395 
10 -2391 2396 
10 -2391 2397 
10 -2391 2398 
10 -2391 2399 
10 -2391 2400 
10 -2401 2402 
10 -2401 2403 
10 -2401 2404 
10 -2401 2405 
10 -2401 2406 
10 -2401 2407 
10 -2401 2408 
10 -2401 2409 
10 -2401 2410 
10 -2411 2412 
10 -2411 2413 
10 -2411 2414 
10 -2411 2415 
10 -2411 2416 
10 -2411 2417 
10 -2411 2418 
10 -2411 2419 
10 -2411 2420 
10 -2411 2421 
10 -2422 2423 
10 -2422 2424 
10 -2422 2425 
10 -2422 2426 
10 -2422 2427 
10 -2422 2428 
10 -2422 2429 
10 -2422 2430 
10 -2422 2431 
10 -2422 2432 
10 -2433 2434 
10 -2433 2435 
10 -2433 2436 
10 -2433 2437 
10 -2433 2438 
10 -2433 2439 
10 -2433 2440 
10 -2433 2441 
10 -2433 2442 
10 -2433 2443 
10 -2444 2445 
10 -2444 2446 
10 -2444 2447 
10 -2444 2448 
10 -2444 2449 
10 -2444 2450 
10 -2444 2451 
10 -2444 2452 
10 -2444 2453 
10 -2454 2455 
10 -2454 2456 
10 -2454 2457 
10 -2454 2458 
10 -2454 2459 
10 -2454 2460 
10 -2454 2461 
10 -2454 2462 
10 -2454 2463 
10 -2464 2465 
10 -2466 2467 
10 -2468 2469 
10 -2470 2471 
10 -2472 2473 
10 -2474 2475 
10 -2476 2477 
10 -2478 2479 
10 -2480 2481 
10 -2482 2483 
10 -2482 2484 
10 -2485 2486 
10 -2485 2487 
10 -2488 2489 
10 -2488 2490 
10 -2491 2492 
10 -2491 2493 
10 -2494 2495 
10 -2494 2496 
10 -2497 2498 
10 -2497 2499 
10 -2500 2501 
10 -2500 2502 
10 -2503 2504 
10 -2503 2505 
10 -2506 2507 
10 -2506 2508 
10 -2509 2510 
10 -2509 2511 
10 -2509 2512 
10 -2513 2514 
10 -2513 2515 
10 -2513 2516 
10 -2517 2518 
10 -2517 2519 
10 -2517 2520 
10 -2521 2522 
10 -2521 2523 
10 -2521 2524 
10 -2525 2526 
10 -2525 2527 
10 -2525 2528 
10 -2529 2530 
10 -2529 2531 
10 -2529 2532 
10 -2533 2534 
10 -2533 2535 
10 -2533 2536 
10 -2537 2538 
10 -2537 2539 
10 -2537 2540 
10 -2541 2542 
10 -2541 2543 
10 -2541 2544 
10 -2545 2546 
10 -2545 2547 
10 -2545 2548 
10 -2545 2549 
10 -2550 2551 
10 -2550 2552 
10 -2550 2553 
10 -2550 2554 
10 -2555 2556 
10 -2555 2557 
10 -2555 2558 
10 -2555 2559 
10 -2560 2561 
10 -2560 2562 
10 -2560 2563 
10 -2560 2564 
10 -2565 2566 
10 -2565 2567 
10 -2565 2568 
10 -2565 2569 
10 -2570 2571 
10 -2570 2572 
10 -2570 2573 
10 -2570 2574 
10 -2575 2576 
10 -2575 2577 
10 -2575 2578 
10 -2575 2579 
10 -2580 2581 
10 -2580 2582 
10 -2580 2583 
10 -2580 2584 
10 -2585 2586 
10 -2585 2587 
10 -2585 2588 
10 -2585 2589 
10 -2590 2591 
10 -2590 2592 
10 -2590 2593 
10 -2590 2594 
10 -2590 2595 
10 -2590 2596 
10 -2590 2597 
10 -2590 2598 
10 -2590 2599 
10 -2600 2601 
10 -2600 2602 
10 -2600 2603 
10 -2600 2604 
10 -2600 2605 
10 -2600 2606 
10 -2600 2607 
10 -2600 2608 
10 -2600 2609 
10 -2610 2611 
10 -2610 2612 
10 -2610 2613 
10 -2610 2614 
10 -2610 2615 
10 -2610 2616 
10 -2610 2617 
10 -2610 2618 
10 -2610 2619 
10 -2620 2621 
10 -2620 2622 
10 -2620 2623 
10 -2620 2624 
10 -2620 2625 
10 -2620 2626 
10 -2620 2627 
10 -2620 2628 
10 -2620 2629 
10 -2630 2631 
10 -2630 2632 
10 -2630 2633 
10 -2630 2634 
10 -2630 2635 
10 -2630 2636 
10 -2630 2637 
10 -2630 2638 
10 -2630 2639 
10 -2640 2641 
10 -2640 2642 
10 -2640 2643 
10 -2640 2644 
10 -2640 2645 
10 -2640 2646 
10 -2640 2647 
10 -2640 2648 
10 -2640 2649 
10 -2650 2651 
10 -2650 2652 
10 -2650 2653 
10 -2650 2654 
10 -2650 2655 
10 -2650 2656 
10 -2650 2657 
10 -2650 2658 
10 -2650 2659 
10 -2660 2661 
10 -2660 2662 
10 -2660 2663 
10 -2660 2664 
10 -2660 2665 
10 -2660 2666 
10 -2660 2667 
10 -2660 2668 
10 -2660 2669 
10 -2670 2671 
10 -2670 2672 
10 -2670 2673 
10 -2670 2674 
10 -2670 2675 
10 -2670 2676 
10 -2670 2677 
10 -2670 2678 
10 -2670 2679 
10 -2670 2680 
10 -2681 2682 
10 -2681 2683 
10 -2681 2684 
10 -2681 2685 
10 -2681 2686 
10 -2681 2687 
10 -2681 2688 
10 -2681 2689 
10 -2681 2690 
10 -2681 2691 
10 -2692 2693 
10 -2692 2694 
10 -2692 2695 
10 -2692 2696 
10 -2692 2697 
10 -2692 2698 
10 -2692 2699 
10 -2692 2700 
10 -2692 2701 
10 -2692 2702 
10 -2703 2704 
10 -2703 2705 
10 -2703 2706 
10 -2703 2707 
10 -2703 2708 
10 -2703 2709 
10 -2703 2710 
10 -2703 2711 
10 -2703 2712 
10 -2703 2713 
10 -2714 2715 
10 -2714 2716 
10 -2714 2717 
10 -2714 2718 
10 -2714 2719 
10 -2714 2720 
10 -2714 2721 
10 -2714 2722 
10 -2714 2723 
10 -2714 2724 
10 -2725 2726 
10 -2725 2727 
10 -2725 2728 
10 -2725 2729 
10 -2725 2730 
10 -2725 2731 
10 -2725 2732 
10 -2725 2733 
10 -2725 2734 
10 -2725 2735 
10 -2736 2737 
10 -2736 2738 
10 -2736 2739 
10 -2736 2740 
10 -2736 2741 
10 -2736 2742 
10 -2736 2743 
10 -2736 2744 
10 -2736 2745 
10 -2736 2746 
10 -2747 2748 
10 -2747 2749 
10 -2747 2750 
10 -2747 2751 
10 -2747 2752 
10 -2747 2753 
10 -2747 2754 
10 -2747 2755 
10 -2747 2756 
10 -2747 2757 
10 -2758 2759 
10 -2758 2760 
10 -2758 2761 
10 -2758 2762 
10 -2758 2763 
10 -2758 2764 
10 -2758 2765 
10 -2758 2766 
10 -2758 2767 
10 -2758 2768 
10 -2758 2769 
10 -2770 2771 
10 -2770 2772 
10 -2770 2773 
10 -2770 2774 
10 -2770 2775 
10 -2770 2776 
10 -2770 2777 
10 -2770 2778 
10 -2770 2779 
10 -2770 2780 
10 -2770 2781 
10 -2782 2783 
10 -2782 2784 
10 -2782 2785 
10 -2782 2786 
10 -2782 2787 
10 -2782 2788 
10 -2782 2789 
10 -2782 2790 
10 -2782 2791 
10 -2782 2792 
10 -2782 2793 
10 -2794 2795 
10 -2794 2796 
10 -2794 2797 
10 -2794 2798 
10 -2794 2799 
10 -2794 2800 
10 -2794 2801 
10 -2794 2802 
10 -2794 2803 
10 -2794 2804 
10 -2794 2805 
10 -2806 2807 
10 -2806 2808 
10 -2806 2809 
10 -2806 2810 
10 -2806 2811 
10 -2806 2812 
10 -2806 2813 
10 -2806 2814 
10 -2806 2815 
10 -2806 2816 
10 -2806 2817 
10 -2818 2819 
10 -2818 2820 
10 -2818 2821 
10 -2818 2822 
10 -2818 2823 
10 -2818 2824 
10 -2818 2825 
10 -2818 2826 
10 -2818 2827 
10 -2818 2828 
10 -2818 2829 
10 -2830 2831 
10 -2830 2832 
10 -2830 2833 
10 -2830 2834 
10 -2830 2835 
10 -2830 2836 
10 -2830 2837 
10 -2830 2838 
10 -2830 2839 
10 -2830 2840 
10 -2830 2841 
10 -2842 2843 
10 -2842 2844 
10 -2842 2845 
10 -2842 2846 
10 -2842 2847 
10 -2842 2848 
10 -2842 2849 
10 -2842 2850 
10 -2842 2851 
10 -2842 2852 
10 -2842 2853 
10 -2854 2855 
10 -2854 2856 
10 -2854 2857 
10 -2854 2858 
10 -2854 2859 
10 -2854 2860 
10 -2854 2861 
10 -2854 2862 
10 -2854 2863 
10 -2864 2865 
10 -2864 2866 
10 -2864 2867 
10 -2864 2868 
10 -2864 2869 
10 -2864 2870 
10 -2864 2871 
10 -2864 2872 
10 -2864 2873 
10 -2874 2875 
10 -2874 2876 
10 -2874 2877 
10 -2874 2878 
10 -2874 2879 
10 -2874 2880 
10 -2874 2881 
10 -2874 2882 
10 -2874 2883 
10 -2884 2885 
10 -2884 2886 
10 -2884 2887 
10 -2884 2888 
10 -2884 2889 
10 -2884 2890 
10 -2884 2891 
10 -2884 2892 
10 -2884 2893 
10 -2894 2895 
10 -2894 2896 
10 -2894 2897 
10 -2894 2898 
10 -2894 2899 
10 -2894 2900 
10 -2894 2901 
10 -2894 2902 
10 -2894 2903 
10 -2904 2905 
10 -2904 2906 
10 -2904 2907 
10 -2904 2908 
10 -2904 2909 
10 -2904 2910 
10 -2904 2911 
10 -2904 2912 
10 -2904 2913 
10 -2914 2915 
10 -2914 2916 
10 -2914 2917 
10 -2914 2918 
10 -2914 2919 
10 -2914 2920 
10 -2914 2921 
10 -2914 2922 
10 -2914 2923 
10 -2924 2925 
10 -2924 2926 
10 -2924 2927 
10 -2924 2928 
10 -2924 2929 
10 -2924 2930 
10 -2924 2931 
10 -2924 2932 
10 -2924 2933 
10 -2924 2934 
10 -2935 2936 
10 -2935 2937 
10 -2935 2938 
10 -2935 2939 
10 -2935 2940 
10 -2935 2941 
10 -2935 2942 
10 -2935 2943 
10 -2935 2944 
10 -2935 2945 
10 -2946 2947 
10 -2946 2948 
10 -2946 2949 
10 -2946 2950 
10 -2946 2951 
10 -2946 2952 
10 -2946 2953 
10 -2946 2954 
10 -2946 2955 
10 -2946 2956 
10 -2957 2958 
10 -2957 2959 
10 -2957 2960 
10 -2957 2961 
10 -2957 2962 
10 -2957 2963 
10 -2957 2964 
10 -2957 2965 
10 -2957 2966 
10 -2957 2967 
10 -2968 2969 
10 -2968 2970 
10 -2968 2971 
10 -2968 2972 
10 -2968 2973 
10 -2968 2974 
10 -2968 2975 
10 -2968 2976 
10 -2968 2977 
10 -2968 2978 
10 -2979 2980 
10 -2979 2981 
10 -2979 2982 
10 -2979 2983 
10 -2979 2984 
10 -2979 2985 
10 -2979 2986 
10 -2979 2987 
10 -2979 2988 
10 -2979 2989 
10 -2990 2991 
10 -2990 2992 
10 -2990 2993 
10 -2990 2994 
10 -2990 2995 
10 -2990 2996 
10 -2990 2997 
10 -2990 2998 
10 -2990 2999 
10 -2990 3000 
10 -3001 3002 
10 -3001 3003 
10 -3001 3004 
10 -3001 3005 
10 -3001 3006 
10 -3001 3007 
10 -3001 3008 
10 -3001 3009 
10 -3001 3010 
10 -3011 3012 
10 -3011 3013 
10 -3011 3014 
10 -3011 3015 
10 -3011 3016 
10 -3011 3017 
10 -3011 3018 
10 -3011 3019 
10 -3011 3020 
10 -3021 3022 
10 -3021 3023 
10 -3021 3024 
10 -3021 3025 
10 -3021 3026 
10 -3021 3027 
10 -3021 3028 
10 -3021 3029 
10 -3021 3030 
10 -3031 3032 
10 -3031 3033 
10 -3031 3034 
10 -3031 3035 
10 -3031 3036 
10 -3031 3037 
10 -3031 3038 
10 -3031 3039 
10 -3031 3040 
10 -3041 3042 
10 -3041 3043 
10 -3041 3044 
10 -3041 3045 
10 -3041 3046 
10 -3041 3047 
10 -3041 3048 
10 -3041 3049 
10 -3041 3050 
10 -3051 3052 
10 -3051 3053 
10 -3051 3054 
10 -3051 3055 
10 -3051 3056 
10 -3051 3057 
10 -3051 3058 
10 -3051 3059 
10 -3051 3060 
