p wcnf 3082 3079 5
5 -19 1 
5 -21 1 
5 -23 1 
5 -25 1 
5 -27 1 
5 -29 1 
5 -31 1 
5 -33 1 
5 -35 1 
5 -37 1 
5 -40 1 
5 -43 1 
5 -46 1 
5 -49 1 
5 -52 1 
5 -55 1 
5 -58 1 
5 -61 1 
5 -64 1 
5 -68 1 
5 -72 1 
5 -76 1 
5 -80 1 
5 -84 1 
5 -88 1 
5 -92 1 
5 -96 1 
5 -100 1 
5 -105 1 
5 -110 1 
5 -115 1 
5 -120 1 
5 -125 1 
5 -130 1 
5 -135 1 
5 -140 1 
5 -145 1 
5 -151 1 
5 -157 1 
5 -163 1 
5 -169 1 
5 -175 1 
5 -181 1 
5 -187 1 
5 -193 1 
5 -199 1 
5 -206 1 
5 -213 1 
5 -220 1 
5 -227 1 
5 -234 1 
5 -241 1 
5 -248 1 
5 -255 1 
5 -262 1 
5 -270 1 
5 -278 1 
5 -286 1 
5 -294 1 
5 -302 1 
5 -310 1 
5 -318 1 
5 -326 1 
5 -334 1 
5 -343 1 
5 -352 1 
5 -361 1 
5 -370 1 
5 -379 1 
5 -388 1 
5 -397 1 
5 -406 1 
5 -415 19 
5 -425 19 
5 -435 19 
5 -445 19 
5 -455 19 
5 -465 19 
5 -475 19 
5 -485 19 
5 -495 19 
5 -506 19 
5 -517 19 
5 -528 19 
5 -539 19 
5 -550 19 
5 -561 19 
5 -572 19 
5 -583 19 
5 -595 19 
5 -607 19 
5 -619 19 
5 -631 19 
5 -643 19 
5 -655 19 
5 -667 19 
5 -679 19 
5 -692 19 
5 -705 19 
5 -718 19 
5 -731 19 
5 -744 19 
5 -757 19 
5 -770 19 
5 -783 19 
5 -797 19 
5 -811 19 
5 -825 19 
5 -839 19 
5 -853 19 
5 -867 19 
5 -881 19 
5 -895 19 
5 -910 19 
5 -925 19 
5 -940 19 
5 -955 19 
5 -970 19 
5 -985 19 
5 -1000 19 
5 -1015 19 
5 -1031 19 
5 -1047 19 
5 -1063 19 
5 -1079 19 
5 -1095 19 
5 -1111 19 
5 -1127 19 
5 -1143 37 415 425 435 445 455 465 475 485 
5 -1153 37 415 425 435 445 455 465 475 485 
5 -1163 37 415 425 435 445 455 465 475 485 
5 -1173 37 415 425 435 445 455 465 475 485 
5 -1183 37 415 425 435 445 455 465 475 485 
5 -1193 37 415 425 435 445 455 465 475 485 
5 -1203 37 415 425 435 445 455 465 475 485 
5 -1213 37 415 425 435 445 455 465 475 485 
5 -1224 37 415 425 435 445 455 465 475 485 
5 -1235 37 415 425 435 445 455 465 475 485 
5 -1246 37 415 425 435 445 455 465 475 485 
5 -1257 37 415 425 435 445 455 465 475 485 
5 -1268 37 415 425 435 445 455 465 475 485 
5 -1279 37 415 425 435 445 455 465 475 485 
5 -1290 37 415 425 435 445 455 465 475 485 
5 -1302 37 415 425 435 445 455 465 475 485 
5 -1314 37 415 425 435 445 455 465 475 485 
5 -1326 37 415 425 435 445 455 465 475 485 
5 -1338 37 415 425 435 445 455 465 475 485 
5 -1350 37 415 425 435 445 455 465 475 485 
5 -1362 37 415 425 435 445 455 465 475 485 
5 -1374 37 415 425 435 445 455 465 475 485 
5 -1387 37 415 425 435 445 455 465 475 485 
5 -1400 37 415 425 435 445 455 465 475 485 
5 -1413 37 415 425 435 445 455 465 475 485 
5 -1426 37 415 425 435 445 455 465 475 485 
5 -1439 37 415 425 435 445 455 465 475 485 
5 -1452 37 415 425 435 445 455 465 475 485 
5 -1465 37 415 425 435 445 455 465 475 485 
5 -1479 37 415 425 435 445 455 465 475 485 
5 -1493 37 415 425 435 445 455 465 475 485 
5 -1507 37 415 425 435 445 455 465 475 485 
5 -1521 37 415 425 435 445 455 465 475 485 
5 -1535 37 415 425 435 445 455 465 475 485 
5 -1549 37 415 425 435 445 455 465 475 485 
5 -1563 37 415 425 435 445 455 465 475 485 
5 -1578 37 415 425 435 445 455 465 475 485 
5 -1593 37 415 425 435 445 455 465 475 485 
5 -1608 37 415 425 435 445 455 465 475 485 
5 -1623 37 415 425 435 445 455 465 475 485 
5 -1638 37 415 425 435 445 455 465 475 485 
5 -1653 37 415 425 435 445 455 465 475 485 
5 -1668 64 495 506 517 528 539 550 561 572 1143 1153 1163 1173 1183 1193 1203 
5 -1678 64 495 506 517 528 539 550 561 572 1143 1153 1163 1173 1183 1193 1203 
5 -1688 64 495 506 517 528 539 550 561 572 1143 1153 1163 1173 1183 1193 1203 
5 -1698 64 495 506 517 528 539 550 561 572 1143 1153 1163 1173 1183 1193 1203 
5 -1708 64 495 506 517 528 539 550 561 572 1143 1153 1163 1173 1183 1193 1203 
5 -1718 64 495 506 517 528 539 550 561 572 1143 1153 1163 1173 1183 1193 1203 
5 -1728 64 495 506 517 528 539 550 561 572 1143 1153 1163 1173 1183 1193 1203 
5 -1739 64 495 506 517 528 539 550 561 572 1143 1153 1163 1173 1183 1193 1203 
5 -1750 64 495 506 517 528 539 550 561 572 1143 1153 1163 1173 1183 1193 1203 
5 -1761 64 495 506 517 528 539 550 561 572 1143 1153 1163 1173 1183 1193 1203 
5 -1772 64 495 506 517 528 539 550 561 572 1143 1153 1163 1173 1183 1193 1203 
5 -1783 64 495 506 517 528 539 550 561 572 1143 1153 1163 1173 1183 1193 1203 
5 -1794 64 495 506 517 528 539 550 561 572 1143 1153 1163 1173 1183 1193 1203 
5 -1806 64 495 506 517 528 539 550 561 572 1143 1153 1163 1173 1183 1193 1203 
5 -1818 64 495 506 517 528 539 550 561 572 1143 1153 1163 1173 1183 1193 1203 
5 -1830 64 495 506 517 528 539 550 561 572 1143 1153 1163 1173 1183 1193 1203 
5 -1842 64 495 506 517 528 539 550 561 572 1143 1153 1163 1173 1183 1193 1203 
5 -1854 64 495 506 517 528 539 550 561 572 1143 1153 1163 1173 1183 1193 1203 
5 -1866 64 495 506 517 528 539 550 561 572 1143 1153 1163 1173 1183 1193 1203 
5 -1879 64 495 506 517 528 539 550 561 572 1143 1153 1163 1173 1183 1193 1203 
5 -1892 64 495 506 517 528 539 550 561 572 1143 1153 1163 1173 1183 1193 1203 
5 -1905 64 495 506 517 528 539 550 561 572 1143 1153 1163 1173 1183 1193 1203 
5 -1918 64 495 506 517 528 539 550 561 572 1143 1153 1163 1173 1183 1193 1203 
5 -1931 64 495 506 517 528 539 550 561 572 1143 1153 1163 1173 1183 1193 1203 
5 -1944 64 495 506 517 528 539 550 561 572 1143 1153 1163 1173 1183 1193 1203 
5 -1958 64 495 506 517 528 539 550 561 572 1143 1153 1163 1173 1183 1193 1203 
5 -1972 64 495 506 517 528 539 550 561 572 1143 1153 1163 1173 1183 1193 1203 
5 -1986 64 495 506 517 528 539 550 561 572 1143 1153 1163 1173 1183 1193 1203 
5 -2000 64 495 506 517 528 539 550 561 572 1143 1153 1163 1173 1183 1193 1203 
5 -2014 64 495 506 517 528 539 550 561 572 1143 1153 1163 1173 1183 1193 1203 
5 -2028 100 583 595 607 619 631 643 655 667 1213 1224 1235 1246 1257 1268 1279 1668 1678 1688 1698 1708 1718 
5 -2038 100 583 595 607 619 631 643 655 667 1213 1224 1235 1246 1257 1268 1279 1668 1678 1688 1698 1708 1718 
5 -2048 100 583 595 607 619 631 643 655 667 1213 1224 1235 1246 1257 1268 1279 1668 1678 1688 1698 1708 1718 
5 -2058 100 583 595 607 619 631 643 655 667 1213 1224 1235 1246 1257 1268 1279 1668 1678 1688 1698 1708 1718 
5 -2068 100 583 595 607 619 631 643 655 667 1213 1224 1235 1246 1257 1268 1279 1668 1678 1688 1698 1708 1718 
5 -2078 100 583 595 607 619 631 643 655 667 1213 1224 1235 1246 1257 1268 1279 1668 1678 1688 1698 1708 1718 
5 -2089 100 583 595 607 619 631 643 655 667 1213 1224 1235 1246 1257 1268 1279 1668 1678 1688 1698 1708 1718 
5 -2100 100 583 595 607 619 631 643 655 667 1213 1224 1235 1246 1257 1268 1279 1668 1678 1688 1698 1708 1718 
5 -2111 100 583 595 607 619 631 643 655 667 1213 1224 1235 1246 1257 1268 1279 1668 1678 1688 1698 1708 1718 
5 -2122 100 583 595 607 619 631 643 655 667 1213 1224 1235 1246 1257 1268 1279 1668 1678 1688 1698 1708 1718 
5 -2133 100 583 595 607 619 631 643 655 667 1213 1224 1235 1246 1257 1268 1279 1668 1678 1688 1698 1708 1718 
5 -2145 100 583 595 607 619 631 643 655 667 1213 1224 1235 1246 1257 1268 1279 1668 1678 1688 1698 1708 1718 
5 -2157 100 583 595 607 619 631 643 655 667 1213 1224 1235 1246 1257 1268 1279 1668 1678 1688 1698 1708 1718 
5 -2169 100 583 595 607 619 631 643 655 667 1213 1224 1235 1246 1257 1268 1279 1668 1678 1688 1698 1708 1718 
5 -2181 100 583 595 607 619 631 643 655 667 1213 1224 1235 1246 1257 1268 1279 1668 1678 1688 1698 1708 1718 
5 -2193 100 583 595 607 619 631 643 655 667 1213 1224 1235 1246 1257 1268 1279 1668 1678 1688 1698 1708 1718 
5 -2206 100 583 595 607 619 631 643 655 667 1213 1224 1235 1246 1257 1268 1279 1668 1678 1688 1698 1708 1718 
5 -2219 100 583 595 607 619 631 643 655 667 1213 1224 1235 1246 1257 1268 1279 1668 1678 1688 1698 1708 1718 
5 -2232 100 583 595 607 619 631 643 655 667 1213 1224 1235 1246 1257 1268 1279 1668 1678 1688 1698 1708 1718 
5 -2245 100 583 595 607 619 631 643 655 667 1213 1224 1235 1246 1257 1268 1279 1668 1678 1688 1698 1708 1718 
5 -2258 145 679 692 705 718 731 744 757 770 1290 1302 1314 1326 1338 1350 1362 1728 1739 1750 1761 1772 1783 2028 2038 2048 2058 2068 
5 -2268 145 679 692 705 718 731 744 757 770 1290 1302 1314 1326 1338 1350 1362 1728 1739 1750 1761 1772 1783 2028 2038 2048 2058 2068 
5 -2278 145 679 692 705 718 731 744 757 770 1290 1302 1314 1326 1338 1350 1362 1728 1739 1750 1761 1772 1783 2028 2038 2048 2058 2068 
5 -2288 145 679 692 705 718 731 744 757 770 1290 1302 1314 1326 1338 1350 1362 1728 1739 1750 1761 1772 1783 2028 2038 2048 2058 2068 
5 -2298 145 679 692 705 718 731 744 757 770 1290 1302 1314 1326 1338 1350 1362 1728 1739 1750 1761 1772 1783 2028 2038 2048 2058 2068 
5 -2309 145 679 692 705 718 731 744 757 770 1290 1302 1314 1326 1338 1350 1362 1728 1739 1750 1761 1772 1783 2028 2038 2048 2058 2068 
5 -2320 145 679 692 705 718 731 744 757 770 1290 1302 1314 1326 1338 1350 1362 1728 1739 1750 1761 1772 1783 2028 2038 2048 2058 2068 
5 -2331 145 679 692 705 718 731 744 757 770 1290 1302 1314 1326 1338 1350 1362 1728 1739 1750 1761 1772 1783 2028 2038 2048 2058 2068 
5 -2342 145 679 692 705 718 731 744 757 770 1290 1302 1314 1326 1338 1350 1362 1728 1739 1750 1761 1772 1783 2028 2038 2048 2058 2068 
5 -2354 145 679 692 705 718 731 744 757 770 1290 1302 1314 1326 1338 1350 1362 1728 1739 1750 1761 1772 1783 2028 2038 2048 2058 2068 
5 -2366 145 679 692 705 718 731 744 757 770 1290 1302 1314 1326 1338 1350 1362 1728 1739 1750 1761 1772 1783 2028 2038 2048 2058 2068 
5 -2378 145 679 692 705 718 731 744 757 770 1290 1302 1314 1326 1338 1350 1362 1728 1739 1750 1761 1772 1783 2028 2038 2048 2058 2068 
5 -2390 199 783 797 811 825 839 853 867 881 1374 1387 1400 1413 1426 1439 1452 1794 1806 1818 1830 1842 1854 2078 2089 2100 2111 2122 2258 2268 2278 2288 
5 -2400 199 783 797 811 825 839 853 867 881 1374 1387 1400 1413 1426 1439 1452 1794 1806 1818 1830 1842 1854 2078 2089 2100 2111 2122 2258 2268 2278 2288 
5 -2410 199 783 797 811 825 839 853 867 881 1374 1387 1400 1413 1426 1439 1452 1794 1806 1818 1830 1842 1854 2078 2089 2100 2111 2122 2258 2268 2278 2288 
5 -2420 199 783 797 811 825 839 853 867 881 1374 1387 1400 1413 1426 1439 1452 1794 1806 1818 1830 1842 1854 2078 2089 2100 2111 2122 2258 2268 2278 2288 
5 -2431 199 783 797 811 825 839 853 867 881 1374 1387 1400 1413 1426 1439 1452 1794 1806 1818 1830 1842 1854 2078 2089 2100 2111 2122 2258 2268 2278 2288 
5 -2442 199 783 797 811 825 839 853 867 881 1374 1387 1400 1413 1426 1439 1452 1794 1806 1818 1830 1842 1854 2078 2089 2100 2111 2122 2258 2268 2278 2288 
5 -2453 262 895 910 925 940 955 970 985 1000 1465 1479 1493 1507 1521 1535 1549 1866 1879 1892 1905 1918 1931 2133 2145 2157 2169 2181 2298 2309 2320 2331 2390 2400 2410 
5 -2463 262 895 910 925 940 955 970 985 1000 1465 1479 1493 1507 1521 1535 1549 1866 1879 1892 1905 1918 1931 2133 2145 2157 2169 2181 2298 2309 2320 2331 2390 2400 2410 
5 -2473 1 
5 -2475 1 
5 -2477 1 
5 -2479 1 
5 -2481 1 
5 -2483 1 
5 -2485 1 
5 -2487 1 
5 -2489 1 
5 -2491 1 
5 -2494 1 
5 -2497 1 
5 -2500 1 
5 -2503 1 
5 -2506 1 
5 -2509 1 
5 -2512 1 
5 -2515 1 
5 -2518 1 
5 -2522 1 
5 -2526 1 
5 -2530 1 
5 -2534 1 
5 -2538 1 
5 -2542 1 
5 -2546 1 
5 -2550 1 
5 -2554 1 
5 -2559 1 
5 -2564 1 
5 -2569 1 
5 -2574 1 
5 -2579 1 
5 -2584 1 
5 -2589 1 
5 -2594 1 
5 -2599 2473 
5 -2609 2473 
5 -2619 2473 
5 -2629 2473 
5 -2639 2473 
5 -2649 2473 
5 -2659 2473 
5 -2669 2473 
5 -2679 2473 
5 -2690 2473 
5 -2701 2473 
5 -2712 2473 
5 -2723 2473 
5 -2734 2473 
5 -2745 2473 
5 -2756 2473 
5 -2767 2473 
5 -2779 2473 
5 -2791 2473 
5 -2803 2473 
5 -2815 2473 
5 -2827 2473 
5 -2839 2473 
5 -2851 2473 
5 -2863 2491 2599 2609 2619 2629 2639 2649 2659 2669 
5 -2873 2491 2599 2609 2619 2629 2639 2649 2659 2669 
5 -2883 2491 2599 2609 2619 2629 2639 2649 2659 2669 
5 -2893 2491 2599 2609 2619 2629 2639 2649 2659 2669 
5 -2903 2491 2599 2609 2619 2629 2639 2649 2659 2669 
5 -2913 2491 2599 2609 2619 2629 2639 2649 2659 2669 
5 -2923 2491 2599 2609 2619 2629 2639 2649 2659 2669 
5 -2933 2491 2599 2609 2619 2629 2639 2649 2659 2669 
5 -2944 2491 2599 2609 2619 2629 2639 2649 2659 2669 
5 -2955 2491 2599 2609 2619 2629 2639 2649 2659 2669 
5 -2966 2491 2599 2609 2619 2629 2639 2649 2659 2669 
5 -2977 2491 2599 2609 2619 2629 2639 2649 2659 2669 
5 -2988 2491 2599 2609 2619 2629 2639 2649 2659 2669 
5 -2999 2491 2599 2609 2619 2629 2639 2649 2659 2669 
5 -3010 2518 2679 2690 2701 2712 2723 2734 2745 2756 2863 2873 2883 2893 2903 2913 2923 
5 -3020 2518 2679 2690 2701 2712 2723 2734 2745 2756 2863 2873 2883 2893 2903 2913 2923 
5 -3030 2518 2679 2690 2701 2712 2723 2734 2745 2756 2863 2873 2883 2893 2903 2913 2923 
5 -3040 2518 2679 2690 2701 2712 2723 2734 2745 2756 2863 2873 2883 2893 2903 2913 2923 
5 -3050 2518 2679 2690 2701 2712 2723 2734 2745 2756 2863 2873 2883 2893 2903 2913 2923 
5 -3060 2518 2679 2690 2701 2712 2723 2734 2745 2756 2863 2873 2883 2893 2903 2913 2923 
5 -3070 334 343 352 361 370 379 388 397 406 1015 1031 1047 1063 1079 1095 1111 1127 1563 1578 1593 1608 1623 1638 1653 1944 1958 1972 1986 2000 2014 2193 2206 2219 2232 2245 2342 2354 2366 2378 2420 2431 2442 2453 2463 2554 2767 2779 2791 2803 2815 2827 2839 2851 2933 2944 2955 2966 2977 2988 2999 3010 3020 3030 3040 3050 3060 
5 -3072 334 343 352 361 370 379 388 397 406 1015 1031 1047 1063 1079 1095 1111 1127 1563 1578 1593 1608 1623 1638 1653 1944 1958 1972 1986 2000 2014 2193 2206 2219 2232 2245 2342 2354 2366 2378 2420 2431 2442 2453 2463 2554 2767 2779 2791 2803 2815 2827 2839 2851 2933 2944 2955 2966 2977 2988 2999 3010 3020 3030 3040 3050 3060 
5 -3074 334 343 352 361 370 379 388 397 406 1015 1031 1047 1063 1079 1095 1111 1127 1563 1578 1593 1608 1623 1638 1653 1944 1958 1972 1986 2000 2014 2193 2206 2219 2232 2245 2342 2354 2366 2378 2420 2431 2442 2453 2463 2554 2767 2779 2791 2803 2815 2827 2839 2851 2933 2944 2955 2966 2977 2988 2999 3010 3020 3030 3040 3050 3060 
5 -3076 334 343 352 361 370 379 388 397 406 1015 1031 1047 1063 1079 1095 1111 1127 1563 1578 1593 1608 1623 1638 1653 1944 1958 1972 1986 2000 2014 2193 2206 2219 2232 2245 2342 2354 2366 2378 2420 2431 2442 2453 2463 2554 2767 2779 2791 2803 2815 2827 2839 2851 2933 2944 2955 2966 2977 2988 2999 3010 3020 3030 3040 3050 3060 
5 -3078 334 343 352 361 370 379 388 397 406 1015 1031 1047 1063 1079 1095 1111 1127 1563 1578 1593 1608 1623 1638 1653 1944 1958 1972 1986 2000 2014 2193 2206 2219 2232 2245 2342 2354 2366 2378 2420 2431 2442 2453 2463 2554 2767 2779 2791 2803 2815 2827 2839 2851 2933 2944 2955 2966 2977 2988 2999 3010 3020 3030 3040 3050 3060 
5 19 21 23 25 27 29 31 33 35 37 40 43 46 49 52 55 58 61 64 68 72 76 80 84 88 92 96 100 105 110 115 120 125 130 135 140 145 151 157 163 169 175 181 187 193 199 206 213 220 227 234 241 248 255 262 270 278 286 294 302 310 318 326 334 343 352 361 370 379 388 397 406 
5 19 21 23 25 27 29 31 33 35 37 40 43 46 49 52 55 58 61 64 68 72 76 80 84 88 92 96 100 105 110 115 120 125 130 135 140 145 151 157 163 169 175 181 187 193 199 206 213 220 227 234 241 248 255 262 270 278 286 294 302 310 318 326 334 343 352 361 370 379 388 397 406 415 425 435 445 455 465 475 485 495 506 517 528 539 550 561 572 583 595 607 619 631 643 655 667 679 692 705 718 731 744 757 770 783 797 811 825 839 853 867 881 895 910 925 940 955 970 985 1000 1015 1031 1047 1063 1079 1095 1111 1127 
5 37 40 43 46 49 52 55 58 61 64 68 72 76 80 84 88 92 96 100 105 110 115 120 125 130 135 140 145 151 157 163 169 175 181 187 193 199 206 213 220 227 234 241 248 255 262 270 278 286 294 302 310 318 326 334 343 352 361 370 379 388 397 406 415 425 435 445 455 465 475 485 495 506 517 528 539 550 561 572 583 595 607 619 631 643 655 667 679 692 705 718 731 744 757 770 783 797 811 825 839 853 867 881 895 910 925 940 955 970 985 1000 1015 1031 1047 1063 1079 1095 1111 1127 1143 1153 1163 1173 1183 1193 1203 1213 1224 1235 1246 1257 1268 1279 1290 1302 1314 1326 1338 1350 1362 1374 1387 1400 1413 1426 1439 1452 1465 1479 1493 1507 1521 1535 1549 1563 1578 1593 1608 1623 1638 1653 
5 64 68 72 76 80 84 88 92 96 100 105 110 115 120 125 130 135 140 145 151 157 163 169 175 181 187 193 199 206 213 220 227 234 241 248 255 262 270 278 286 294 302 310 318 326 334 343 352 361 370 379 388 397 406 415 425 435 445 455 465 475 485 495 506 517 528 539 550 561 572 583 595 607 619 631 643 655 667 679 692 705 718 731 744 757 770 783 797 811 825 839 853 867 881 895 910 925 940 955 970 985 1000 1015 1031 1047 1063 1079 1095 1111 1127 1143 1153 1163 1173 1183 1193 1203 1213 1224 1235 1246 1257 1268 1279 1290 1302 1314 1326 1338 1350 1362 1374 1387 1400 1413 1426 1439 1452 1465 1479 1493 1507 1521 1535 1549 1563 1578 1593 1608 1623 1638 1653 1668 1678 1688 1698 1708 1718 1728 1739 1750 1761 1772 1783 1794 1806 1818 1830 1842 1854 1866 1879 1892 1905 1918 1931 1944 1958 1972 1986 2000 2014 
5 100 105 110 115 120 125 130 135 140 145 151 157 163 169 175 181 187 193 199 206 213 220 227 234 241 248 255 262 270 278 286 294 302 310 318 326 334 343 352 361 370 379 388 397 406 415 425 435 445 455 465 475 485 495 506 517 528 539 550 561 572 583 595 607 619 631 643 655 667 679 692 705 718 731 744 757 770 783 797 811 825 839 853 867 881 895 910 925 940 955 970 985 1000 1015 1031 1047 1063 1079 1095 1111 1127 1143 1153 1163 1173 1183 1193 1203 1213 1224 1235 1246 1257 1268 1279 1290 1302 1314 1326 1338 1350 1362 1374 1387 1400 1413 1426 1439 1452 1465 1479 1493 1507 1521 1535 1549 1563 1578 1593 1608 1623 1638 1653 1668 1678 1688 1698 1708 1718 1728 1739 1750 1761 1772 1783 1794 1806 1818 1830 1842 1854 1866 1879 1892 1905 1918 1931 1944 1958 1972 1986 2000 2014 2028 2038 2048 2058 2068 2078 2089 2100 2111 2122 2133 2145 2157 2169 2181 2193 2206 2219 2232 2245 
5 145 151 157 163 169 175 181 187 193 199 206 213 220 227 234 241 248 255 262 270 278 286 294 302 310 318 326 334 343 352 361 370 379 388 397 406 415 425 435 445 455 465 475 485 495 506 517 528 539 550 561 572 583 595 607 619 631 643 655 667 679 692 705 718 731 744 757 770 783 797 811 825 839 853 867 881 895 910 925 940 955 970 985 1000 1015 1031 1047 1063 1079 1095 1111 1127 1143 1153 1163 1173 1183 1193 1203 1213 1224 1235 1246 1257 1268 1279 1290 1302 1314 1326 1338 1350 1362 1374 1387 1400 1413 1426 1439 1452 1465 1479 1493 1507 1521 1535 1549 1563 1578 1593 1608 1623 1638 1653 1668 1678 1688 1698 1708 1718 1728 1739 1750 1761 1772 1783 1794 1806 1818 1830 1842 1854 1866 1879 1892 1905 1918 1931 1944 1958 1972 1986 2000 2014 2028 2038 2048 2058 2068 2078 2089 2100 2111 2122 2133 2145 2157 2169 2181 2193 2206 2219 2232 2245 2258 2268 2278 2288 2298 2309 2320 2331 2342 2354 2366 2378 
5 199 206 213 220 227 234 241 248 255 262 270 278 286 294 302 310 318 326 334 343 352 361 370 379 388 397 406 415 425 435 445 455 465 475 485 495 506 517 528 539 550 561 572 583 595 607 619 631 643 655 667 679 692 705 718 731 744 757 770 783 797 811 825 839 853 867 881 895 910 925 940 955 970 985 1000 1015 1031 1047 1063 1079 1095 1111 1127 1143 1153 1163 1173 1183 1193 1203 1213 1224 1235 1246 1257 1268 1279 1290 1302 1314 1326 1338 1350 1362 1374 1387 1400 1413 1426 1439 1452 1465 1479 1493 1507 1521 1535 1549 1563 1578 1593 1608 1623 1638 1653 1668 1678 1688 1698 1708 1718 1728 1739 1750 1761 1772 1783 1794 1806 1818 1830 1842 1854 1866 1879 1892 1905 1918 1931 1944 1958 1972 1986 2000 2014 2028 2038 2048 2058 2068 2078 2089 2100 2111 2122 2133 2145 2157 2169 2181 2193 2206 2219 2232 2245 2258 2268 2278 2288 2298 2309 2320 2331 2342 2354 2366 2378 2390 2400 2410 2420 2431 2442 
5 262 270 278 286 294 302 310 318 326 334 343 352 361 370 379 388 397 406 415 425 435 445 455 465 475 485 495 506 517 528 539 550 561 572 583 595 607 619 631 643 655 667 679 692 705 718 731 744 757 770 783 797 811 825 839 853 867 881 895 910 925 940 955 970 985 1000 1015 1031 1047 1063 1079 1095 1111 1127 1143 1153 1163 1173 1183 1193 1203 1213 1224 1235 1246 1257 1268 1279 1290 1302 1314 1326 1338 1350 1362 1374 1387 1400 1413 1426 1439 1452 1465 1479 1493 1507 1521 1535 1549 1563 1578 1593 1608 1623 1638 1653 1668 1678 1688 1698 1708 1718 1728 1739 1750 1761 1772 1783 1794 1806 1818 1830 1842 1854 1866 1879 1892 1905 1918 1931 1944 1958 1972 1986 2000 2014 2028 2038 2048 2058 2068 2078 2089 2100 2111 2122 2133 2145 2157 2169 2181 2193 2206 2219 2232 2245 2258 2268 2278 2288 2298 2309 2320 2331 2342 2354 2366 2378 2390 2400 2410 2420 2431 2442 2453 2463 
5 2473 2475 2477 2479 2481 2483 2485 2487 2489 2491 2494 2497 2500 2503 2506 2509 2512 2515 2518 2522 2526 2530 2534 2538 2542 2546 2550 2554 2559 2564 2569 2574 2579 2584 2589 2594 
5 2473 2475 2477 2479 2481 2483 2485 2487 2489 2491 2494 2497 2500 2503 2506 2509 2512 2515 2518 2522 2526 2530 2534 2538 2542 2546 2550 2554 2559 2564 2569 2574 2579 2584 2589 2594 2599 2609 2619 2629 2639 2649 2659 2669 2679 2690 2701 2712 2723 2734 2745 2756 2767 2779 2791 2803 2815 2827 2839 2851 
5 2491 2494 2497 2500 2503 2506 2509 2512 2515 2518 2522 2526 2530 2534 2538 2542 2546 2550 2554 2559 2564 2569 2574 2579 2584 2589 2594 2599 2609 2619 2629 2639 2649 2659 2669 2679 2690 2701 2712 2723 2734 2745 2756 2767 2779 2791 2803 2815 2827 2839 2851 2863 2873 2883 2893 2903 2913 2923 2933 2944 2955 2966 2977 2988 2999 
5 2518 2522 2526 2530 2534 2538 2542 2546 2550 2554 2559 2564 2569 2574 2579 2584 2589 2594 2599 2609 2619 2629 2639 2649 2659 2669 2679 2690 2701 2712 2723 2734 2745 2756 2767 2779 2791 2803 2815 2827 2839 2851 2863 2873 2883 2893 2903 2913 2923 2933 2944 2955 2966 2977 2988 2999 3010 3020 3030 3040 3050 3060 
5 -1 2 
5 -3 4 
5 -5 6 
5 -7 8 
5 -9 10 
5 -11 12 
5 -13 14 
5 -15 16 
5 -17 18 
5 -19 20 
5 -21 22 
5 -23 24 
5 -25 26 
5 -27 28 
5 -29 30 
5 -31 32 
5 -33 34 
5 -35 36 
5 -37 38 
5 -37 39 
5 -40 41 
5 -40 42 
5 -43 44 
5 -43 45 
5 -46 47 
5 -46 48 
5 -49 50 
5 -49 51 
5 -52 53 
5 -52 54 
5 -55 56 
5 -55 57 
5 -58 59 
5 -58 60 
5 -61 62 
5 -61 63 
5 -64 65 
5 -64 66 
5 -64 67 
5 -68 69 
5 -68 70 
5 -68 71 
5 -72 73 
5 -72 74 
5 -72 75 
5 -76 77 
5 -76 78 
5 -76 79 
5 -80 81 
5 -80 82 
5 -80 83 
5 -84 85 
5 -84 86 
5 -84 87 
5 -88 89 
5 -88 90 
5 -88 91 
5 -92 93 
5 -92 94 
5 -92 95 
5 -96 97 
5 -96 98 
5 -96 99 
5 -100 101 
5 -100 102 
5 -100 103 
5 -100 104 
5 -105 106 
5 -105 107 
5 -105 108 
5 -105 109 
5 -110 111 
5 -110 112 
5 -110 113 
5 -110 114 
5 -115 116 
5 -115 117 
5 -115 118 
5 -115 119 
5 -120 121 
5 -120 122 
5 -120 123 
5 -120 124 
5 -125 126 
5 -125 127 
5 -125 128 
5 -125 129 
5 -130 131 
5 -130 132 
5 -130 133 
5 -130 134 
5 -135 136 
5 -135 137 
5 -135 138 
5 -135 139 
5 -140 141 
5 -140 142 
5 -140 143 
5 -140 144 
5 -145 146 
5 -145 147 
5 -145 148 
5 -145 149 
5 -145 150 
5 -151 152 
5 -151 153 
5 -151 154 
5 -151 155 
5 -151 156 
5 -157 158 
5 -157 159 
5 -157 160 
5 -157 161 
5 -157 162 
5 -163 164 
5 -163 165 
5 -163 166 
5 -163 167 
5 -163 168 
5 -169 170 
5 -169 171 
5 -169 172 
5 -169 173 
5 -169 174 
5 -175 176 
5 -175 177 
5 -175 178 
5 -175 179 
5 -175 180 
5 -181 182 
5 -181 183 
5 -181 184 
5 -181 185 
5 -181 186 
5 -187 188 
5 -187 189 
5 -187 190 
5 -187 191 
5 -187 192 
5 -193 194 
5 -193 195 
5 -193 196 
5 -193 197 
5 -193 198 
5 -199 200 
5 -199 201 
5 -199 202 
5 -199 203 
5 -199 204 
5 -199 205 
5 -206 207 
5 -206 208 
5 -206 209 
5 -206 210 
5 -206 211 
5 -206 212 
5 -213 214 
5 -213 215 
5 -213 216 
5 -213 217 
5 -213 218 
5 -213 219 
5 -220 221 
5 -220 222 
5 -220 223 
5 -220 224 
5 -220 225 
5 -220 226 
5 -227 228 
5 -227 229 
5 -227 230 
5 -227 231 
5 -227 232 
5 -227 233 
5 -234 235 
5 -234 236 
5 -234 237 
5 -234 238 
5 -234 239 
5 -234 240 
5 -241 242 
5 -241 243 
5 -241 244 
5 -241 245 
5 -241 246 
5 -241 247 
5 -248 249 
5 -248 250 
5 -248 251 
5 -248 252 
5 -248 253 
5 -248 254 
5 -255 256 
5 -255 257 
5 -255 258 
5 -255 259 
5 -255 260 
5 -255 261 
5 -262 263 
5 -262 264 
5 -262 265 
5 -262 266 
5 -262 267 
5 -262 268 
5 -262 269 
5 -270 271 
5 -270 272 
5 -270 273 
5 -270 274 
5 -270 275 
5 -270 276 
5 -270 277 
5 -278 279 
5 -278 280 
5 -278 281 
5 -278 282 
5 -278 283 
5 -278 284 
5 -278 285 
5 -286 287 
5 -286 288 
5 -286 289 
5 -286 290 
5 -286 291 
5 -286 292 
5 -286 293 
5 -294 295 
5 -294 296 
5 -294 297 
5 -294 298 
5 -294 299 
5 -294 300 
5 -294 301 
5 -302 303 
5 -302 304 
5 -302 305 
5 -302 306 
5 -302 307 
5 -302 308 
5 -302 309 
5 -310 311 
5 -310 312 
5 -310 313 
5 -310 314 
5 -310 315 
5 -310 316 
5 -310 317 
5 -318 319 
5 -318 320 
5 -318 321 
5 -318 322 
5 -318 323 
5 -318 324 
5 -318 325 
5 -326 327 
5 -326 328 
5 -326 329 
5 -326 330 
5 -326 331 
5 -326 332 
5 -326 333 
5 -334 335 
5 -334 336 
5 -334 337 
5 -334 338 
5 -334 339 
5 -334 340 
5 -334 341 
5 -334 342 
5 -343 344 
5 -343 345 
5 -343 346 
5 -343 347 
5 -343 348 
5 -343 349 
5 -343 350 
5 -343 351 
5 -352 353 
5 -352 354 
5 -352 355 
5 -352 356 
5 -352 357 
5 -352 358 
5 -352 359 
5 -352 360 
5 -361 362 
5 -361 363 
5 -361 364 
5 -361 365 
5 -361 366 
5 -361 367 
5 -361 368 
5 -361 369 
5 -370 371 
5 -370 372 
5 -370 373 
5 -370 374 
5 -370 375 
5 -370 376 
5 -370 377 
5 -370 378 
5 -379 380 
5 -379 381 
5 -379 382 
5 -379 383 
5 -379 384 
5 -379 385 
5 -379 386 
5 -379 387 
5 -388 389 
5 -388 390 
5 -388 391 
5 -388 392 
5 -388 393 
5 -388 394 
5 -388 395 
5 -388 396 
5 -397 398 
5 -397 399 
5 -397 400 
5 -397 401 
5 -397 402 
5 -397 403 
5 -397 404 
5 -397 405 
5 -406 407 
5 -406 408 
5 -406 409 
5 -406 410 
5 -406 411 
5 -406 412 
5 -406 413 
5 -406 414 
5 -415 416 
5 -415 417 
5 -415 418 
5 -415 419 
5 -415 420 
5 -415 421 
5 -415 422 
5 -415 423 
5 -415 424 
5 -425 426 
5 -425 427 
5 -425 428 
5 -425 429 
5 -425 430 
5 -425 431 
5 -425 432 
5 -425 433 
5 -425 434 
5 -435 436 
5 -435 437 
5 -435 438 
5 -435 439 
5 -435 440 
5 -435 441 
5 -435 442 
5 -435 443 
5 -435 444 
5 -445 446 
5 -445 447 
5 -445 448 
5 -445 449 
5 -445 450 
5 -445 451 
5 -445 452 
5 -445 453 
5 -445 454 
5 -455 456 
5 -455 457 
5 -455 458 
5 -455 459 
5 -455 460 
5 -455 461 
5 -455 462 
5 -455 463 
5 -455 464 
5 -465 466 
5 -465 467 
5 -465 468 
5 -465 469 
5 -465 470 
5 -465 471 
5 -465 472 
5 -465 473 
5 -465 474 
5 -475 476 
5 -475 477 
5 -475 478 
5 -475 479 
5 -475 480 
5 -475 481 
5 -475 482 
5 -475 483 
5 -475 484 
5 -485 486 
5 -485 487 
5 -485 488 
5 -485 489 
5 -485 490 
5 -485 491 
5 -485 492 
5 -485 493 
5 -485 494 
5 -495 496 
5 -495 497 
5 -495 498 
5 -495 499 
5 -495 500 
5 -495 501 
5 -495 502 
5 -495 503 
5 -495 504 
5 -495 505 
5 -506 507 
5 -506 508 
5 -506 509 
5 -506 510 
5 -506 511 
5 -506 512 
5 -506 513 
5 -506 514 
5 -506 515 
5 -506 516 
5 -517 518 
5 -517 519 
5 -517 520 
5 -517 521 
5 -517 522 
5 -517 523 
5 -517 524 
5 -517 525 
5 -517 526 
5 -517 527 
5 -528 529 
5 -528 530 
5 -528 531 
5 -528 532 
5 -528 533 
5 -528 534 
5 -528 535 
5 -528 536 
5 -528 537 
5 -528 538 
5 -539 540 
5 -539 541 
5 -539 542 
5 -539 543 
5 -539 544 
5 -539 545 
5 -539 546 
5 -539 547 
5 -539 548 
5 -539 549 
5 -550 551 
5 -550 552 
5 -550 553 
5 -550 554 
5 -550 555 
5 -550 556 
5 -550 557 
5 -550 558 
5 -550 559 
5 -550 560 
5 -561 562 
5 -561 563 
5 -561 564 
5 -561 565 
5 -561 566 
5 -561 567 
5 -561 568 
5 -561 569 
5 -561 570 
5 -561 571 
5 -572 573 
5 -572 574 
5 -572 575 
5 -572 576 
5 -572 577 
5 -572 578 
5 -572 579 
5 -572 580 
5 -572 581 
5 -572 582 
5 -583 584 
5 -583 585 
5 -583 586 
5 -583 587 
5 -583 588 
5 -583 589 
5 -583 590 
5 -583 591 
5 -583 592 
5 -583 593 
5 -583 594 
5 -595 596 
5 -595 597 
5 -595 598 
5 -595 599 
5 -595 600 
5 -595 601 
5 -595 602 
5 -595 603 
5 -595 604 
5 -595 605 
5 -595 606 
5 -607 608 
5 -607 609 
5 -607 610 
5 -607 611 
5 -607 612 
5 -607 613 
5 -607 614 
5 -607 615 
5 -607 616 
5 -607 617 
5 -607 618 
5 -619 620 
5 -619 621 
5 -619 622 
5 -619 623 
5 -619 624 
5 -619 625 
5 -619 626 
5 -619 627 
5 -619 628 
5 -619 629 
5 -619 630 
5 -631 632 
5 -631 633 
5 -631 634 
5 -631 635 
5 -631 636 
5 -631 637 
5 -631 638 
5 -631 639 
5 -631 640 
5 -631 641 
5 -631 642 
5 -643 644 
5 -643 645 
5 -643 646 
5 -643 647 
5 -643 648 
5 -643 649 
5 -643 650 
5 -643 651 
5 -643 652 
5 -643 653 
5 -643 654 
5 -655 656 
5 -655 657 
5 -655 658 
5 -655 659 
5 -655 660 
5 -655 661 
5 -655 662 
5 -655 663 
5 -655 664 
5 -655 665 
5 -655 666 
5 -667 668 
5 -667 669 
5 -667 670 
5 -667 671 
5 -667 672 
5 -667 673 
5 -667 674 
5 -667 675 
5 -667 676 
5 -667 677 
5 -667 678 
5 -679 680 
5 -679 681 
5 -679 682 
5 -679 683 
5 -679 684 
5 -679 685 
5 -679 686 
5 -679 687 
5 -679 688 
5 -679 689 
5 -679 690 
5 -679 691 
5 -692 693 
5 -692 694 
5 -692 695 
5 -692 696 
5 -692 697 
5 -692 698 
5 -692 699 
5 -692 700 
5 -692 701 
5 -692 702 
5 -692 703 
5 -692 704 
5 -705 706 
5 -705 707 
5 -705 708 
5 -705 709 
5 -705 710 
5 -705 711 
5 -705 712 
5 -705 713 
5 -705 714 
5 -705 715 
5 -705 716 
5 -705 717 
5 -718 719 
5 -718 720 
5 -718 721 
5 -718 722 
5 -718 723 
5 -718 724 
5 -718 725 
5 -718 726 
5 -718 727 
5 -718 728 
5 -718 729 
5 -718 730 
5 -731 732 
5 -731 733 
5 -731 734 
5 -731 735 
5 -731 736 
5 -731 737 
5 -731 738 
5 -731 739 
5 -731 740 
5 -731 741 
5 -731 742 
5 -731 743 
5 -744 745 
5 -744 746 
5 -744 747 
5 -744 748 
5 -744 749 
5 -744 750 
5 -744 751 
5 -744 752 
5 -744 753 
5 -744 754 
5 -744 755 
5 -744 756 
5 -757 758 
5 -757 759 
5 -757 760 
5 -757 761 
5 -757 762 
5 -757 763 
5 -757 764 
5 -757 765 
5 -757 766 
5 -757 767 
5 -757 768 
5 -757 769 
5 -770 771 
5 -770 772 
5 -770 773 
5 -770 774 
5 -770 775 
5 -770 776 
5 -770 777 
5 -770 778 
5 -770 779 
5 -770 780 
5 -770 781 
5 -770 782 
5 -783 784 
5 -783 785 
5 -783 786 
5 -783 787 
5 -783 788 
5 -783 789 
5 -783 790 
5 -783 791 
5 -783 792 
5 -783 793 
5 -783 794 
5 -783 795 
5 -783 796 
5 -797 798 
5 -797 799 
5 -797 800 
5 -797 801 
5 -797 802 
5 -797 803 
5 -797 804 
5 -797 805 
5 -797 806 
5 -797 807 
5 -797 808 
5 -797 809 
5 -797 810 
5 -811 812 
5 -811 813 
5 -811 814 
5 -811 815 
5 -811 816 
5 -811 817 
5 -811 818 
5 -811 819 
5 -811 820 
5 -811 821 
5 -811 822 
5 -811 823 
5 -811 824 
5 -825 826 
5 -825 827 
5 -825 828 
5 -825 829 
5 -825 830 
5 -825 831 
5 -825 832 
5 -825 833 
5 -825 834 
5 -825 835 
5 -825 836 
5 -825 837 
5 -825 838 
5 -839 840 
5 -839 841 
5 -839 842 
5 -839 843 
5 -839 844 
5 -839 845 
5 -839 846 
5 -839 847 
5 -839 848 
5 -839 849 
5 -839 850 
5 -839 851 
5 -839 852 
5 -853 854 
5 -853 855 
5 -853 856 
5 -853 857 
5 -853 858 
5 -853 859 
5 -853 860 
5 -853 861 
5 -853 862 
5 -853 863 
5 -853 864 
5 -853 865 
5 -853 866 
5 -867 868 
5 -867 869 
5 -867 870 
5 -867 871 
5 -867 872 
5 -867 873 
5 -867 874 
5 -867 875 
5 -867 876 
5 -867 877 
5 -867 878 
5 -867 879 
5 -867 880 
5 -881 882 
5 -881 883 
5 -881 884 
5 -881 885 
5 -881 886 
5 -881 887 
5 -881 888 
5 -881 889 
5 -881 890 
5 -881 891 
5 -881 892 
5 -881 893 
5 -881 894 
5 -895 896 
5 -895 897 
5 -895 898 
5 -895 899 
5 -895 900 
5 -895 901 
5 -895 902 
5 -895 903 
5 -895 904 
5 -895 905 
5 -895 906 
5 -895 907 
5 -895 908 
5 -895 909 
5 -910 911 
5 -910 912 
5 -910 913 
5 -910 914 
5 -910 915 
5 -910 916 
5 -910 917 
5 -910 918 
5 -910 919 
5 -910 920 
5 -910 921 
5 -910 922 
5 -910 923 
5 -910 924 
5 -925 926 
5 -925 927 
5 -925 928 
5 -925 929 
5 -925 930 
5 -925 931 
5 -925 932 
5 -925 933 
5 -925 934 
5 -925 935 
5 -925 936 
5 -925 937 
5 -925 938 
5 -925 939 
5 -940 941 
5 -940 942 
5 -940 943 
5 -940 944 
5 -940 945 
5 -940 946 
5 -940 947 
5 -940 948 
5 -940 949 
5 -940 950 
5 -940 951 
5 -940 952 
5 -940 953 
5 -940 954 
5 -955 956 
5 -955 957 
5 -955 958 
5 -955 959 
5 -955 960 
5 -955 961 
5 -955 962 
5 -955 963 
5 -955 964 
5 -955 965 
5 -955 966 
5 -955 967 
5 -955 968 
5 -955 969 
5 -970 971 
5 -970 972 
5 -970 973 
5 -970 974 
5 -970 975 
5 -970 976 
5 -970 977 
5 -970 978 
5 -970 979 
5 -970 980 
5 -970 981 
5 -970 982 
5 -970 983 
5 -970 984 
5 -985 986 
5 -985 987 
5 -985 988 
5 -985 989 
5 -985 990 
5 -985 991 
5 -985 992 
5 -985 993 
5 -985 994 
5 -985 995 
5 -985 996 
5 -985 997 
5 -985 998 
5 -985 999 
5 -1000 1001 
5 -1000 1002 
5 -1000 1003 
5 -1000 1004 
5 -1000 1005 
5 -1000 1006 
5 -1000 1007 
5 -1000 1008 
5 -1000 1009 
5 -1000 1010 
5 -1000 1011 
5 -1000 1012 
5 -1000 1013 
5 -1000 1014 
5 -1015 1016 
5 -1015 1017 
5 -1015 1018 
5 -1015 1019 
5 -1015 1020 
5 -1015 1021 
5 -1015 1022 
5 -1015 1023 
5 -1015 1024 
5 -1015 1025 
5 -1015 1026 
5 -1015 1027 
5 -1015 1028 
5 -1015 1029 
5 -1015 1030 
5 -1031 1032 
5 -1031 1033 
5 -1031 1034 
5 -1031 1035 
5 -1031 1036 
5 -1031 1037 
5 -1031 1038 
5 -1031 1039 
5 -1031 1040 
5 -1031 1041 
5 -1031 1042 
5 -1031 1043 
5 -1031 1044 
5 -1031 1045 
5 -1031 1046 
5 -1047 1048 
5 -1047 1049 
5 -1047 1050 
5 -1047 1051 
5 -1047 1052 
5 -1047 1053 
5 -1047 1054 
5 -1047 1055 
5 -1047 1056 
5 -1047 1057 
5 -1047 1058 
5 -1047 1059 
5 -1047 1060 
5 -1047 1061 
5 -1047 1062 
5 -1063 1064 
5 -1063 1065 
5 -1063 1066 
5 -1063 1067 
5 -1063 1068 
5 -1063 1069 
5 -1063 1070 
5 -1063 1071 
5 -1063 1072 
5 -1063 1073 
5 -1063 1074 
5 -1063 1075 
5 -1063 1076 
5 -1063 1077 
5 -1063 1078 
5 -1079 1080 
5 -1079 1081 
5 -1079 1082 
5 -1079 1083 
5 -1079 1084 
5 -1079 1085 
5 -1079 1086 
5 -1079 1087 
5 -1079 1088 
5 -1079 1089 
5 -1079 1090 
5 -1079 1091 
5 -1079 1092 
5 -1079 1093 
5 -1079 1094 
5 -1095 1096 
5 -1095 1097 
5 -1095 1098 
5 -1095 1099 
5 -1095 1100 
5 -1095 1101 
5 -1095 1102 
5 -1095 1103 
5 -1095 1104 
5 -1095 1105 
5 -1095 1106 
5 -1095 1107 
5 -1095 1108 
5 -1095 1109 
5 -1095 1110 
5 -1111 1112 
5 -1111 1113 
5 -1111 1114 
5 -1111 1115 
5 -1111 1116 
5 -1111 1117 
5 -1111 1118 
5 -1111 1119 
5 -1111 1120 
5 -1111 1121 
5 -1111 1122 
5 -1111 1123 
5 -1111 1124 
5 -1111 1125 
5 -1111 1126 
5 -1127 1128 
5 -1127 1129 
5 -1127 1130 
5 -1127 1131 
5 -1127 1132 
5 -1127 1133 
5 -1127 1134 
5 -1127 1135 
5 -1127 1136 
5 -1127 1137 
5 -1127 1138 
5 -1127 1139 
5 -1127 1140 
5 -1127 1141 
5 -1127 1142 
5 -1143 1144 
5 -1143 1145 
5 -1143 1146 
5 -1143 1147 
5 -1143 1148 
5 -1143 1149 
5 -1143 1150 
5 -1143 1151 
5 -1143 1152 
5 -1153 1154 
5 -1153 1155 
5 -1153 1156 
5 -1153 1157 
5 -1153 1158 
5 -1153 1159 
5 -1153 1160 
5 -1153 1161 
5 -1153 1162 
5 -1163 1164 
5 -1163 1165 
5 -1163 1166 
5 -1163 1167 
5 -1163 1168 
5 -1163 1169 
5 -1163 1170 
5 -1163 1171 
5 -1163 1172 
5 -1173 1174 
5 -1173 1175 
5 -1173 1176 
5 -1173 1177 
5 -1173 1178 
5 -1173 1179 
5 -1173 1180 
5 -1173 1181 
5 -1173 1182 
5 -1183 1184 
5 -1183 1185 
5 -1183 1186 
5 -1183 1187 
5 -1183 1188 
5 -1183 1189 
5 -1183 1190 
5 -1183 1191 
5 -1183 1192 
5 -1193 1194 
5 -1193 1195 
5 -1193 1196 
5 -1193 1197 
5 -1193 1198 
5 -1193 1199 
5 -1193 1200 
5 -1193 1201 
5 -1193 1202 
5 -1203 1204 
5 -1203 1205 
5 -1203 1206 
5 -1203 1207 
5 -1203 1208 
5 -1203 1209 
5 -1203 1210 
5 -1203 1211 
5 -1203 1212 
5 -1213 1214 
5 -1213 1215 
5 -1213 1216 
5 -1213 1217 
5 -1213 1218 
5 -1213 1219 
5 -1213 1220 
5 -1213 1221 
5 -1213 1222 
5 -1213 1223 
5 -1224 1225 
5 -1224 1226 
5 -1224 1227 
5 -1224 1228 
5 -1224 1229 
5 -1224 1230 
5 -1224 1231 
5 -1224 1232 
5 -1224 1233 
5 -1224 1234 
5 -1235 1236 
5 -1235 1237 
5 -1235 1238 
5 -1235 1239 
5 -1235 1240 
5 -1235 1241 
5 -1235 1242 
5 -1235 1243 
5 -1235 1244 
5 -1235 1245 
5 -1246 1247 
5 -1246 1248 
5 -1246 1249 
5 -1246 1250 
5 -1246 1251 
5 -1246 1252 
5 -1246 1253 
5 -1246 1254 
5 -1246 1255 
5 -1246 1256 
5 -1257 1258 
5 -1257 1259 
5 -1257 1260 
5 -1257 1261 
5 -1257 1262 
5 -1257 1263 
5 -1257 1264 
5 -1257 1265 
5 -1257 1266 
5 -1257 1267 
5 -1268 1269 
5 -1268 1270 
5 -1268 1271 
5 -1268 1272 
5 -1268 1273 
5 -1268 1274 
5 -1268 1275 
5 -1268 1276 
5 -1268 1277 
5 -1268 1278 
5 -1279 1280 
5 -1279 1281 
5 -1279 1282 
5 -1279 1283 
5 -1279 1284 
5 -1279 1285 
5 -1279 1286 
5 -1279 1287 
5 -1279 1288 
5 -1279 1289 
5 -1290 1291 
5 -1290 1292 
5 -1290 1293 
5 -1290 1294 
5 -1290 1295 
5 -1290 1296 
5 -1290 1297 
5 -1290 1298 
5 -1290 1299 
5 -1290 1300 
5 -1290 1301 
5 -1302 1303 
5 -1302 1304 
5 -1302 1305 
5 -1302 1306 
5 -1302 1307 
5 -1302 1308 
5 -1302 1309 
5 -1302 1310 
5 -1302 1311 
5 -1302 1312 
5 -1302 1313 
5 -1314 1315 
5 -1314 1316 
5 -1314 1317 
5 -1314 1318 
5 -1314 1319 
5 -1314 1320 
5 -1314 1321 
5 -1314 1322 
5 -1314 1323 
5 -1314 1324 
5 -1314 1325 
5 -1326 1327 
5 -1326 1328 
5 -1326 1329 
5 -1326 1330 
5 -1326 1331 
5 -1326 1332 
5 -1326 1333 
5 -1326 1334 
5 -1326 1335 
5 -1326 1336 
5 -1326 1337 
5 -1338 1339 
5 -1338 1340 
5 -1338 1341 
5 -1338 1342 
5 -1338 1343 
5 -1338 1344 
5 -1338 1345 
5 -1338 1346 
5 -1338 1347 
5 -1338 1348 
5 -1338 1349 
5 -1350 1351 
5 -1350 1352 
5 -1350 1353 
5 -1350 1354 
5 -1350 1355 
5 -1350 1356 
5 -1350 1357 
5 -1350 1358 
5 -1350 1359 
5 -1350 1360 
5 -1350 1361 
5 -1362 1363 
5 -1362 1364 
5 -1362 1365 
5 -1362 1366 
5 -1362 1367 
5 -1362 1368 
5 -1362 1369 
5 -1362 1370 
5 -1362 1371 
5 -1362 1372 
5 -1362 1373 
5 -1374 1375 
5 -1374 1376 
5 -1374 1377 
5 -1374 1378 
5 -1374 1379 
5 -1374 1380 
5 -1374 1381 
5 -1374 1382 
5 -1374 1383 
5 -1374 1384 
5 -1374 1385 
5 -1374 1386 
5 -1387 1388 
5 -1387 1389 
5 -1387 1390 
5 -1387 1391 
5 -1387 1392 
5 -1387 1393 
5 -1387 1394 
5 -1387 1395 
5 -1387 1396 
5 -1387 1397 
5 -1387 1398 
5 -1387 1399 
5 -1400 1401 
5 -1400 1402 
5 -1400 1403 
5 -1400 1404 
5 -1400 1405 
5 -1400 1406 
5 -1400 1407 
5 -1400 1408 
5 -1400 1409 
5 -1400 1410 
5 -1400 1411 
5 -1400 1412 
5 -1413 1414 
5 -1413 1415 
5 -1413 1416 
5 -1413 1417 
5 -1413 1418 
5 -1413 1419 
5 -1413 1420 
5 -1413 1421 
5 -1413 1422 
5 -1413 1423 
5 -1413 1424 
5 -1413 1425 
5 -1426 1427 
5 -1426 1428 
5 -1426 1429 
5 -1426 1430 
5 -1426 1431 
5 -1426 1432 
5 -1426 1433 
5 -1426 1434 
5 -1426 1435 
5 -1426 1436 
5 -1426 1437 
5 -1426 1438 
5 -1439 1440 
5 -1439 1441 
5 -1439 1442 
5 -1439 1443 
5 -1439 1444 
5 -1439 1445 
5 -1439 1446 
5 -1439 1447 
5 -1439 1448 
5 -1439 1449 
5 -1439 1450 
5 -1439 1451 
5 -1452 1453 
5 -1452 1454 
5 -1452 1455 
5 -1452 1456 
5 -1452 1457 
5 -1452 1458 
5 -1452 1459 
5 -1452 1460 
5 -1452 1461 
5 -1452 1462 
5 -1452 1463 
5 -1452 1464 
5 -1465 1466 
5 -1465 1467 
5 -1465 1468 
5 -1465 1469 
5 -1465 1470 
5 -1465 1471 
5 -1465 1472 
5 -1465 1473 
5 -1465 1474 
5 -1465 1475 
5 -1465 1476 
5 -1465 1477 
5 -1465 1478 
5 -1479 1480 
5 -1479 1481 
5 -1479 1482 
5 -1479 1483 
5 -1479 1484 
5 -1479 1485 
5 -1479 1486 
5 -1479 1487 
5 -1479 1488 
5 -1479 1489 
5 -1479 1490 
5 -1479 1491 
5 -1479 1492 
5 -1493 1494 
5 -1493 1495 
5 -1493 1496 
5 -1493 1497 
5 -1493 1498 
5 -1493 1499 
5 -1493 1500 
5 -1493 1501 
5 -1493 1502 
5 -1493 1503 
5 -1493 1504 
5 -1493 1505 
5 -1493 1506 
5 -1507 1508 
5 -1507 1509 
5 -1507 1510 
5 -1507 1511 
5 -1507 1512 
5 -1507 1513 
5 -1507 1514 
5 -1507 1515 
5 -1507 1516 
5 -1507 1517 
5 -1507 1518 
5 -1507 1519 
5 -1507 1520 
5 -1521 1522 
5 -1521 1523 
5 -1521 1524 
5 -1521 1525 
5 -1521 1526 
5 -1521 1527 
5 -1521 1528 
5 -1521 1529 
5 -1521 1530 
5 -1521 1531 
5 -1521 1532 
5 -1521 1533 
5 -1521 1534 
5 -1535 1536 
5 -1535 1537 
5 -1535 1538 
5 -1535 1539 
5 -1535 1540 
5 -1535 1541 
5 -1535 1542 
5 -1535 1543 
5 -1535 1544 
5 -1535 1545 
5 -1535 1546 
5 -1535 1547 
5 -1535 1548 
5 -1549 1550 
5 -1549 1551 
5 -1549 1552 
5 -1549 1553 
5 -1549 1554 
5 -1549 1555 
5 -1549 1556 
5 -1549 1557 
5 -1549 1558 
5 -1549 1559 
5 -1549 1560 
5 -1549 1561 
5 -1549 1562 
5 -1563 1564 
5 -1563 1565 
5 -1563 1566 
5 -1563 1567 
5 -1563 1568 
5 -1563 1569 
5 -1563 1570 
5 -1563 1571 
5 -1563 1572 
5 -1563 1573 
5 -1563 1574 
5 -1563 1575 
5 -1563 1576 
5 -1563 1577 
5 -1578 1579 
5 -1578 1580 
5 -1578 1581 
5 -1578 1582 
5 -1578 1583 
5 -1578 1584 
5 -1578 1585 
5 -1578 1586 
5 -1578 1587 
5 -1578 1588 
5 -1578 1589 
5 -1578 1590 
5 -1578 1591 
5 -1578 1592 
5 -1593 1594 
5 -1593 1595 
5 -1593 1596 
5 -1593 1597 
5 -1593 1598 
5 -1593 1599 
5 -1593 1600 
5 -1593 1601 
5 -1593 1602 
5 -1593 1603 
5 -1593 1604 
5 -1593 1605 
5 -1593 1606 
5 -1593 1607 
5 -1608 1609 
5 -1608 1610 
5 -1608 1611 
5 -1608 1612 
5 -1608 1613 
5 -1608 1614 
5 -1608 1615 
5 -1608 1616 
5 -1608 1617 
5 -1608 1618 
5 -1608 1619 
5 -1608 1620 
5 -1608 1621 
5 -1608 1622 
5 -1623 1624 
5 -1623 1625 
5 -1623 1626 
5 -1623 1627 
5 -1623 1628 
5 -1623 1629 
5 -1623 1630 
5 -1623 1631 
5 -1623 1632 
5 -1623 1633 
5 -1623 1634 
5 -1623 1635 
5 -1623 1636 
5 -1623 1637 
5 -1638 1639 
5 -1638 1640 
5 -1638 1641 
5 -1638 1642 
5 -1638 1643 
5 -1638 1644 
5 -1638 1645 
5 -1638 1646 
5 -1638 1647 
5 -1638 1648 
5 -1638 1649 
5 -1638 1650 
5 -1638 1651 
5 -1638 1652 
5 -1653 1654 
5 -1653 1655 
5 -1653 1656 
5 -1653 1657 
5 -1653 1658 
5 -1653 1659 
5 -1653 1660 
5 -1653 1661 
5 -1653 1662 
5 -1653 1663 
5 -1653 1664 
5 -1653 1665 
5 -1653 1666 
5 -1653 1667 
5 -1668 1669 
5 -1668 1670 
5 -1668 1671 
5 -1668 1672 
5 -1668 1673 
5 -1668 1674 
5 -1668 1675 
5 -1668 1676 
5 -1668 1677 
5 -1678 1679 
5 -1678 1680 
5 -1678 1681 
5 -1678 1682 
5 -1678 1683 
5 -1678 1684 
5 -1678 1685 
5 -1678 1686 
5 -1678 1687 
5 -1688 1689 
5 -1688 1690 
5 -1688 1691 
5 -1688 1692 
5 -1688 1693 
5 -1688 1694 
5 -1688 1695 
5 -1688 1696 
5 -1688 1697 
5 -1698 1699 
5 -1698 1700 
5 -1698 1701 
5 -1698 1702 
5 -1698 1703 
5 -1698 1704 
5 -1698 1705 
5 -1698 1706 
5 -1698 1707 
5 -1708 1709 
5 -1708 1710 
5 -1708 1711 
5 -1708 1712 
5 -1708 1713 
5 -1708 1714 
5 -1708 1715 
5 -1708 1716 
5 -1708 1717 
5 -1718 1719 
5 -1718 1720 
5 -1718 1721 
5 -1718 1722 
5 -1718 1723 
5 -1718 1724 
5 -1718 1725 
5 -1718 1726 
5 -1718 1727 
5 -1728 1729 
5 -1728 1730 
5 -1728 1731 
5 -1728 1732 
5 -1728 1733 
5 -1728 1734 
5 -1728 1735 
5 -1728 1736 
5 -1728 1737 
5 -1728 1738 
5 -1739 1740 
5 -1739 1741 
5 -1739 1742 
5 -1739 1743 
5 -1739 1744 
5 -1739 1745 
5 -1739 1746 
5 -1739 1747 
5 -1739 1748 
5 -1739 1749 
5 -1750 1751 
5 -1750 1752 
5 -1750 1753 
5 -1750 1754 
5 -1750 1755 
5 -1750 1756 
5 -1750 1757 
5 -1750 1758 
5 -1750 1759 
5 -1750 1760 
5 -1761 1762 
5 -1761 1763 
5 -1761 1764 
5 -1761 1765 
5 -1761 1766 
5 -1761 1767 
5 -1761 1768 
5 -1761 1769 
5 -1761 1770 
5 -1761 1771 
5 -1772 1773 
5 -1772 1774 
5 -1772 1775 
5 -1772 1776 
5 -1772 1777 
5 -1772 1778 
5 -1772 1779 
5 -1772 1780 
5 -1772 1781 
5 -1772 1782 
5 -1783 1784 
5 -1783 1785 
5 -1783 1786 
5 -1783 1787 
5 -1783 1788 
5 -1783 1789 
5 -1783 1790 
5 -1783 1791 
5 -1783 1792 
5 -1783 1793 
5 -1794 1795 
5 -1794 1796 
5 -1794 1797 
5 -1794 1798 
5 -1794 1799 
5 -1794 1800 
5 -1794 1801 
5 -1794 1802 
5 -1794 1803 
5 -1794 1804 
5 -1794 1805 
5 -1806 1807 
5 -1806 1808 
5 -1806 1809 
5 -1806 1810 
5 -1806 1811 
5 -1806 1812 
5 -1806 1813 
5 -1806 1814 
5 -1806 1815 
5 -1806 1816 
5 -1806 1817 
5 -1818 1819 
5 -1818 1820 
5 -1818 1821 
5 -1818 1822 
5 -1818 1823 
5 -1818 1824 
5 -1818 1825 
5 -1818 1826 
5 -1818 1827 
5 -1818 1828 
5 -1818 1829 
5 -1830 1831 
5 -1830 1832 
5 -1830 1833 
5 -1830 1834 
5 -1830 1835 
5 -1830 1836 
5 -1830 1837 
5 -1830 1838 
5 -1830 1839 
5 -1830 1840 
5 -1830 1841 
5 -1842 1843 
5 -1842 1844 
5 -1842 1845 
5 -1842 1846 
5 -1842 1847 
5 -1842 1848 
5 -1842 1849 
5 -1842 1850 
5 -1842 1851 
5 -1842 1852 
5 -1842 1853 
5 -1854 1855 
5 -1854 1856 
5 -1854 1857 
5 -1854 1858 
5 -1854 1859 
5 -1854 1860 
5 -1854 1861 
5 -1854 1862 
5 -1854 1863 
5 -1854 1864 
5 -1854 1865 
5 -1866 1867 
5 -1866 1868 
5 -1866 1869 
5 -1866 1870 
5 -1866 1871 
5 -1866 1872 
5 -1866 1873 
5 -1866 1874 
5 -1866 1875 
5 -1866 1876 
5 -1866 1877 
5 -1866 1878 
5 -1879 1880 
5 -1879 1881 
5 -1879 1882 
5 -1879 1883 
5 -1879 1884 
5 -1879 1885 
5 -1879 1886 
5 -1879 1887 
5 -1879 1888 
5 -1879 1889 
5 -1879 1890 
5 -1879 1891 
5 -1892 1893 
5 -1892 1894 
5 -1892 1895 
5 -1892 1896 
5 -1892 1897 
5 -1892 1898 
5 -1892 1899 
5 -1892 1900 
5 -1892 1901 
5 -1892 1902 
5 -1892 1903 
5 -1892 1904 
5 -1905 1906 
5 -1905 1907 
5 -1905 1908 
5 -1905 1909 
5 -1905 1910 
5 -1905 1911 
5 -1905 1912 
5 -1905 1913 
5 -1905 1914 
5 -1905 1915 
5 -1905 1916 
5 -1905 1917 
5 -1918 1919 
5 -1918 1920 
5 -1918 1921 
5 -1918 1922 
5 -1918 1923 
5 -1918 1924 
5 -1918 1925 
5 -1918 1926 
5 -1918 1927 
5 -1918 1928 
5 -1918 1929 
5 -1918 1930 
5 -1931 1932 
5 -1931 1933 
5 -1931 1934 
5 -1931 1935 
5 -1931 1936 
5 -1931 1937 
5 -1931 1938 
5 -1931 1939 
5 -1931 1940 
5 -1931 1941 
5 -1931 1942 
5 -1931 1943 
5 -1944 1945 
5 -1944 1946 
5 -1944 1947 
5 -1944 1948 
5 -1944 1949 
5 -1944 1950 
5 -1944 1951 
5 -1944 1952 
5 -1944 1953 
5 -1944 1954 
5 -1944 1955 
5 -1944 1956 
5 -1944 1957 
5 -1958 1959 
5 -1958 1960 
5 -1958 1961 
5 -1958 1962 
5 -1958 1963 
5 -1958 1964 
5 -1958 1965 
5 -1958 1966 
5 -1958 1967 
5 -1958 1968 
5 -1958 1969 
5 -1958 1970 
5 -1958 1971 
5 -1972 1973 
5 -1972 1974 
5 -1972 1975 
5 -1972 1976 
5 -1972 1977 
5 -1972 1978 
5 -1972 1979 
5 -1972 1980 
5 -1972 1981 
5 -1972 1982 
5 -1972 1983 
5 -1972 1984 
5 -1972 1985 
5 -1986 1987 
5 -1986 1988 
5 -1986 1989 
5 -1986 1990 
5 -1986 1991 
5 -1986 1992 
5 -1986 1993 
5 -1986 1994 
5 -1986 1995 
5 -1986 1996 
5 -1986 1997 
5 -1986 1998 
5 -1986 1999 
5 -2000 2001 
5 -2000 2002 
5 -2000 2003 
5 -2000 2004 
5 -2000 2005 
5 -2000 2006 
5 -2000 2007 
5 -2000 2008 
5 -2000 2009 
5 -2000 2010 
5 -2000 2011 
5 -2000 2012 
5 -2000 2013 
5 -2014 2015 
5 -2014 2016 
5 -2014 2017 
5 -2014 2018 
5 -2014 2019 
5 -2014 2020 
5 -2014 2021 
5 -2014 2022 
5 -2014 2023 
5 -2014 2024 
5 -2014 2025 
5 -2014 2026 
5 -2014 2027 
5 -2028 2029 
5 -2028 2030 
5 -2028 2031 
5 -2028 2032 
5 -2028 2033 
5 -2028 2034 
5 -2028 2035 
5 -2028 2036 
5 -2028 2037 
5 -2038 2039 
5 -2038 2040 
5 -2038 2041 
5 -2038 2042 
5 -2038 2043 
5 -2038 2044 
5 -2038 2045 
5 -2038 2046 
5 -2038 2047 
5 -2048 2049 
5 -2048 2050 
5 -2048 2051 
5 -2048 2052 
5 -2048 2053 
5 -2048 2054 
5 -2048 2055 
5 -2048 2056 
5 -2048 2057 
5 -2058 2059 
5 -2058 2060 
5 -2058 2061 
5 -2058 2062 
5 -2058 2063 
5 -2058 2064 
5 -2058 2065 
5 -2058 2066 
5 -2058 2067 
5 -2068 2069 
5 -2068 2070 
5 -2068 2071 
5 -2068 2072 
5 -2068 2073 
5 -2068 2074 
5 -2068 2075 
5 -2068 2076 
5 -2068 2077 
5 -2078 2079 
5 -2078 2080 
5 -2078 2081 
5 -2078 2082 
5 -2078 2083 
5 -2078 2084 
5 -2078 2085 
5 -2078 2086 
5 -2078 2087 
5 -2078 2088 
5 -2089 2090 
5 -2089 2091 
5 -2089 2092 
5 -2089 2093 
5 -2089 2094 
5 -2089 2095 
5 -2089 2096 
5 -2089 2097 
5 -2089 2098 
5 -2089 2099 
5 -2100 2101 
5 -2100 2102 
5 -2100 2103 
5 -2100 2104 
5 -2100 2105 
5 -2100 2106 
5 -2100 2107 
5 -2100 2108 
5 -2100 2109 
5 -2100 2110 
5 -2111 2112 
5 -2111 2113 
5 -2111 2114 
5 -2111 2115 
5 -2111 2116 
5 -2111 2117 
5 -2111 2118 
5 -2111 2119 
5 -2111 2120 
5 -2111 2121 
5 -2122 2123 
5 -2122 2124 
5 -2122 2125 
5 -2122 2126 
5 -2122 2127 
5 -2122 2128 
5 -2122 2129 
5 -2122 2130 
5 -2122 2131 
5 -2122 2132 
5 -2133 2134 
5 -2133 2135 
5 -2133 2136 
5 -2133 2137 
5 -2133 2138 
5 -2133 2139 
5 -2133 2140 
5 -2133 2141 
5 -2133 2142 
5 -2133 2143 
5 -2133 2144 
5 -2145 2146 
5 -2145 2147 
5 -2145 2148 
5 -2145 2149 
5 -2145 2150 
5 -2145 2151 
5 -2145 2152 
5 -2145 2153 
5 -2145 2154 
5 -2145 2155 
5 -2145 2156 
5 -2157 2158 
5 -2157 2159 
5 -2157 2160 
5 -2157 2161 
5 -2157 2162 
5 -2157 2163 
5 -2157 2164 
5 -2157 2165 
5 -2157 2166 
5 -2157 2167 
5 -2157 2168 
5 -2169 2170 
5 -2169 2171 
5 -2169 2172 
5 -2169 2173 
5 -2169 2174 
5 -2169 2175 
5 -2169 2176 
5 -2169 2177 
5 -2169 2178 
5 -2169 2179 
5 -2169 2180 
5 -2181 2182 
5 -2181 2183 
5 -2181 2184 
5 -2181 2185 
5 -2181 2186 
5 -2181 2187 
5 -2181 2188 
5 -2181 2189 
5 -2181 2190 
5 -2181 2191 
5 -2181 2192 
5 -2193 2194 
5 -2193 2195 
5 -2193 2196 
5 -2193 2197 
5 -2193 2198 
5 -2193 2199 
5 -2193 2200 
5 -2193 2201 
5 -2193 2202 
5 -2193 2203 
5 -2193 2204 
5 -2193 2205 
5 -2206 2207 
5 -2206 2208 
5 -2206 2209 
5 -2206 2210 
5 -2206 2211 
5 -2206 2212 
5 -2206 2213 
5 -2206 2214 
5 -2206 2215 
5 -2206 2216 
5 -2206 2217 
5 -2206 2218 
5 -2219 2220 
5 -2219 2221 
5 -2219 2222 
5 -2219 2223 
5 -2219 2224 
5 -2219 2225 
5 -2219 2226 
5 -2219 2227 
5 -2219 2228 
5 -2219 2229 
5 -2219 2230 
5 -2219 2231 
5 -2232 2233 
5 -2232 2234 
5 -2232 2235 
5 -2232 2236 
5 -2232 2237 
5 -2232 2238 
5 -2232 2239 
5 -2232 2240 
5 -2232 2241 
5 -2232 2242 
5 -2232 2243 
5 -2232 2244 
5 -2245 2246 
5 -2245 2247 
5 -2245 2248 
5 -2245 2249 
5 -2245 2250 
5 -2245 2251 
5 -2245 2252 
5 -2245 2253 
5 -2245 2254 
5 -2245 2255 
5 -2245 2256 
5 -2245 2257 
5 -2258 2259 
5 -2258 2260 
5 -2258 2261 
5 -2258 2262 
5 -2258 2263 
5 -2258 2264 
5 -2258 2265 
5 -2258 2266 
5 -2258 2267 
5 -2268 2269 
5 -2268 2270 
5 -2268 2271 
5 -2268 2272 
5 -2268 2273 
5 -2268 2274 
5 -2268 2275 
5 -2268 2276 
5 -2268 2277 
5 -2278 2279 
5 -2278 2280 
5 -2278 2281 
5 -2278 2282 
5 -2278 2283 
5 -2278 2284 
5 -2278 2285 
5 -2278 2286 
5 -2278 2287 
5 -2288 2289 
5 -2288 2290 
5 -2288 2291 
5 -2288 2292 
5 -2288 2293 
5 -2288 2294 
5 -2288 2295 
5 -2288 2296 
5 -2288 2297 
5 -2298 2299 
5 -2298 2300 
5 -2298 2301 
5 -2298 2302 
5 -2298 2303 
5 -2298 2304 
5 -2298 2305 
5 -2298 2306 
5 -2298 2307 
5 -2298 2308 
5 -2309 2310 
5 -2309 2311 
5 -2309 2312 
5 -2309 2313 
5 -2309 2314 
5 -2309 2315 
5 -2309 2316 
5 -2309 2317 
5 -2309 2318 
5 -2309 2319 
5 -2320 2321 
5 -2320 2322 
5 -2320 2323 
5 -2320 2324 
5 -2320 2325 
5 -2320 2326 
5 -2320 2327 
5 -2320 2328 
5 -2320 2329 
5 -2320 2330 
5 -2331 2332 
5 -2331 2333 
5 -2331 2334 
5 -2331 2335 
5 -2331 2336 
5 -2331 2337 
5 -2331 2338 
5 -2331 2339 
5 -2331 2340 
5 -2331 2341 
5 -2342 2343 
5 -2342 2344 
5 -2342 2345 
5 -2342 2346 
5 -2342 2347 
5 -2342 2348 
5 -2342 2349 
5 -2342 2350 
5 -2342 2351 
5 -2342 2352 
5 -2342 2353 
5 -2354 2355 
5 -2354 2356 
5 -2354 2357 
5 -2354 2358 
5 -2354 2359 
5 -2354 2360 
5 -2354 2361 
5 -2354 2362 
5 -2354 2363 
5 -2354 2364 
5 -2354 2365 
5 -2366 2367 
5 -2366 2368 
5 -2366 2369 
5 -2366 2370 
5 -2366 2371 
5 -2366 2372 
5 -2366 2373 
5 -2366 2374 
5 -2366 2375 
5 -2366 2376 
5 -2366 2377 
5 -2378 2379 
5 -2378 2380 
5 -2378 2381 
5 -2378 2382 
5 -2378 2383 
5 -2378 2384 
5 -2378 2385 
5 -2378 2386 
5 -2378 2387 
5 -2378 2388 
5 -2378 2389 
5 -2390 2391 
5 -2390 2392 
5 -2390 2393 
5 -2390 2394 
5 -2390 2395 
5 -2390 2396 
5 -2390 2397 
5 -2390 2398 
5 -2390 2399 
5 -2400 2401 
5 -2400 2402 
5 -2400 2403 
5 -2400 2404 
5 -2400 2405 
5 -2400 2406 
5 -2400 2407 
5 -2400 2408 
5 -2400 2409 
5 -2410 2411 
5 -2410 2412 
5 -2410 2413 
5 -2410 2414 
5 -2410 2415 
5 -2410 2416 
5 -2410 2417 
5 -2410 2418 
5 -2410 2419 
5 -2420 2421 
5 -2420 2422 
5 -2420 2423 
5 -2420 2424 
5 -2420 2425 
5 -2420 2426 
5 -2420 2427 
5 -2420 2428 
5 -2420 2429 
5 -2420 2430 
5 -2431 2432 
5 -2431 2433 
5 -2431 2434 
5 -2431 2435 
5 -2431 2436 
5 -2431 2437 
5 -2431 2438 
5 -2431 2439 
5 -2431 2440 
5 -2431 2441 
5 -2442 2443 
5 -2442 2444 
5 -2442 2445 
5 -2442 2446 
5 -2442 2447 
5 -2442 2448 
5 -2442 2449 
5 -2442 2450 
5 -2442 2451 
5 -2442 2452 
5 -2453 2454 
5 -2453 2455 
5 -2453 2456 
5 -2453 2457 
5 -2453 2458 
5 -2453 2459 
5 -2453 2460 
5 -2453 2461 
5 -2453 2462 
5 -2463 2464 
5 -2463 2465 
5 -2463 2466 
5 -2463 2467 
5 -2463 2468 
5 -2463 2469 
5 -2463 2470 
5 -2463 2471 
5 -2463 2472 
5 -2473 2474 
5 -2475 2476 
5 -2477 2478 
5 -2479 2480 
5 -2481 2482 
5 -2483 2484 
5 -2485 2486 
5 -2487 2488 
5 -2489 2490 
5 -2491 2492 
5 -2491 2493 
5 -2494 2495 
5 -2494 2496 
5 -2497 2498 
5 -2497 2499 
5 -2500 2501 
5 -2500 2502 
5 -2503 2504 
5 -2503 2505 
5 -2506 2507 
5 -2506 2508 
5 -2509 2510 
5 -2509 2511 
5 -2512 2513 
5 -2512 2514 
5 -2515 2516 
5 -2515 2517 
5 -2518 2519 
5 -2518 2520 
5 -2518 2521 
5 -2522 2523 
5 -2522 2524 
5 -2522 2525 
5 -2526 2527 
5 -2526 2528 
5 -2526 2529 
5 -2530 2531 
5 -2530 2532 
5 -2530 2533 
5 -2534 2535 
5 -2534 2536 
5 -2534 2537 
5 -2538 2539 
5 -2538 2540 
5 -2538 2541 
5 -2542 2543 
5 -2542 2544 
5 -2542 2545 
5 -2546 2547 
5 -2546 2548 
5 -2546 2549 
5 -2550 2551 
5 -2550 2552 
5 -2550 2553 
5 -2554 2555 
5 -2554 2556 
5 -2554 2557 
5 -2554 2558 
5 -2559 2560 
5 -2559 2561 
5 -2559 2562 
5 -2559 2563 
5 -2564 2565 
5 -2564 2566 
5 -2564 2567 
5 -2564 2568 
5 -2569 2570 
5 -2569 2571 
5 -2569 2572 
5 -2569 2573 
5 -2574 2575 
5 -2574 2576 
5 -2574 2577 
5 -2574 2578 
5 -2579 2580 
5 -2579 2581 
5 -2579 2582 
5 -2579 2583 
5 -2584 2585 
5 -2584 2586 
5 -2584 2587 
5 -2584 2588 
5 -2589 2590 
5 -2589 2591 
5 -2589 2592 
5 -2589 2593 
5 -2594 2595 
5 -2594 2596 
5 -2594 2597 
5 -2594 2598 
5 -2599 2600 
5 -2599 2601 
5 -2599 2602 
5 -2599 2603 
5 -2599 2604 
5 -2599 2605 
5 -2599 2606 
5 -2599 2607 
5 -2599 2608 
5 -2609 2610 
5 -2609 2611 
5 -2609 2612 
5 -2609 2613 
5 -2609 2614 
5 -2609 2615 
5 -2609 2616 
5 -2609 2617 
5 -2609 2618 
5 -2619 2620 
5 -2619 2621 
5 -2619 2622 
5 -2619 2623 
5 -2619 2624 
5 -2619 2625 
5 -2619 2626 
5 -2619 2627 
5 -2619 2628 
5 -2629 2630 
5 -2629 2631 
5 -2629 2632 
5 -2629 2633 
5 -2629 2634 
5 -2629 2635 
5 -2629 2636 
5 -2629 2637 
5 -2629 2638 
5 -2639 2640 
5 -2639 2641 
5 -2639 2642 
5 -2639 2643 
5 -2639 2644 
5 -2639 2645 
5 -2639 2646 
5 -2639 2647 
5 -2639 2648 
5 -2649 2650 
5 -2649 2651 
5 -2649 2652 
5 -2649 2653 
5 -2649 2654 
5 -2649 2655 
5 -2649 2656 
5 -2649 2657 
5 -2649 2658 
5 -2659 2660 
5 -2659 2661 
5 -2659 2662 
5 -2659 2663 
5 -2659 2664 
5 -2659 2665 
5 -2659 2666 
5 -2659 2667 
5 -2659 2668 
5 -2669 2670 
5 -2669 2671 
5 -2669 2672 
5 -2669 2673 
5 -2669 2674 
5 -2669 2675 
5 -2669 2676 
5 -2669 2677 
5 -2669 2678 
5 -2679 2680 
5 -2679 2681 
5 -2679 2682 
5 -2679 2683 
5 -2679 2684 
5 -2679 2685 
5 -2679 2686 
5 -2679 2687 
5 -2679 2688 
5 -2679 2689 
5 -2690 2691 
5 -2690 2692 
5 -2690 2693 
5 -2690 2694 
5 -2690 2695 
5 -2690 2696 
5 -2690 2697 
5 -2690 2698 
5 -2690 2699 
5 -2690 2700 
5 -2701 2702 
5 -2701 2703 
5 -2701 2704 
5 -2701 2705 
5 -2701 2706 
5 -2701 2707 
5 -2701 2708 
5 -2701 2709 
5 -2701 2710 
5 -2701 2711 
5 -2712 2713 
5 -2712 2714 
5 -2712 2715 
5 -2712 2716 
5 -2712 2717 
5 -2712 2718 
5 -2712 2719 
5 -2712 2720 
5 -2712 2721 
5 -2712 2722 
5 -2723 2724 
5 -2723 2725 
5 -2723 2726 
5 -2723 2727 
5 -2723 2728 
5 -2723 2729 
5 -2723 2730 
5 -2723 2731 
5 -2723 2732 
5 -2723 2733 
5 -2734 2735 
5 -2734 2736 
5 -2734 2737 
5 -2734 2738 
5 -2734 2739 
5 -2734 2740 
5 -2734 2741 
5 -2734 2742 
5 -2734 2743 
5 -2734 2744 
5 -2745 2746 
5 -2745 2747 
5 -2745 2748 
5 -2745 2749 
5 -2745 2750 
5 -2745 2751 
5 -2745 2752 
5 -2745 2753 
5 -2745 2754 
5 -2745 2755 
5 -2756 2757 
5 -2756 2758 
5 -2756 2759 
5 -2756 2760 
5 -2756 2761 
5 -2756 2762 
5 -2756 2763 
5 -2756 2764 
5 -2756 2765 
5 -2756 2766 
5 -2767 2768 
5 -2767 2769 
5 -2767 2770 
5 -2767 2771 
5 -2767 2772 
5 -2767 2773 
5 -2767 2774 
5 -2767 2775 
5 -2767 2776 
5 -2767 2777 
5 -2767 2778 
5 -2779 2780 
5 -2779 2781 
5 -2779 2782 
5 -2779 2783 
5 -2779 2784 
5 -2779 2785 
5 -2779 2786 
5 -2779 2787 
5 -2779 2788 
5 -2779 2789 
5 -2779 2790 
5 -2791 2792 
5 -2791 2793 
5 -2791 2794 
5 -2791 2795 
5 -2791 2796 
5 -2791 2797 
5 -2791 2798 
5 -2791 2799 
5 -2791 2800 
5 -2791 2801 
5 -2791 2802 
5 -2803 2804 
5 -2803 2805 
5 -2803 2806 
5 -2803 2807 
5 -2803 2808 
5 -2803 2809 
5 -2803 2810 
5 -2803 2811 
5 -2803 2812 
5 -2803 2813 
5 -2803 2814 
5 -2815 2816 
5 -2815 2817 
5 -2815 2818 
5 -2815 2819 
5 -2815 2820 
5 -2815 2821 
5 -2815 2822 
5 -2815 2823 
5 -2815 2824 
5 -2815 2825 
5 -2815 2826 
5 -2827 2828 
5 -2827 2829 
5 -2827 2830 
5 -2827 2831 
5 -2827 2832 
5 -2827 2833 
5 -2827 2834 
5 -2827 2835 
5 -2827 2836 
5 -2827 2837 
5 -2827 2838 
5 -2839 2840 
5 -2839 2841 
5 -2839 2842 
5 -2839 2843 
5 -2839 2844 
5 -2839 2845 
5 -2839 2846 
5 -2839 2847 
5 -2839 2848 
5 -2839 2849 
5 -2839 2850 
5 -2851 2852 
5 -2851 2853 
5 -2851 2854 
5 -2851 2855 
5 -2851 2856 
5 -2851 2857 
5 -2851 2858 
5 -2851 2859 
5 -2851 2860 
5 -2851 2861 
5 -2851 2862 
5 -2863 2864 
5 -2863 2865 
5 -2863 2866 
5 -2863 2867 
5 -2863 2868 
5 -2863 2869 
5 -2863 2870 
5 -2863 2871 
5 -2863 2872 
5 -2873 2874 
5 -2873 2875 
5 -2873 2876 
5 -2873 2877 
5 -2873 2878 
5 -2873 2879 
5 -2873 2880 
5 -2873 2881 
5 -2873 2882 
5 -2883 2884 
5 -2883 2885 
5 -2883 2886 
5 -2883 2887 
5 -2883 2888 
5 -2883 2889 
5 -2883 2890 
5 -2883 2891 
5 -2883 2892 
5 -2893 2894 
5 -2893 2895 
5 -2893 2896 
5 -2893 2897 
5 -2893 2898 
5 -2893 2899 
5 -2893 2900 
5 -2893 2901 
5 -2893 2902 
5 -2903 2904 
5 -2903 2905 
5 -2903 2906 
5 -2903 2907 
5 -2903 2908 
5 -2903 2909 
5 -2903 2910 
5 -2903 2911 
5 -2903 2912 
5 -2913 2914 
5 -2913 2915 
5 -2913 2916 
5 -2913 2917 
5 -2913 2918 
5 -2913 2919 
5 -2913 2920 
5 -2913 2921 
5 -2913 2922 
5 -2923 2924 
5 -2923 2925 
5 -2923 2926 
5 -2923 2927 
5 -2923 2928 
5 -2923 2929 
5 -2923 2930 
5 -2923 2931 
5 -2923 2932 
5 -2933 2934 
5 -2933 2935 
5 -2933 2936 
5 -2933 2937 
5 -2933 2938 
5 -2933 2939 
5 -2933 2940 
5 -2933 2941 
5 -2933 2942 
5 -2933 2943 
5 -2944 2945 
5 -2944 2946 
5 -2944 2947 
5 -2944 2948 
5 -2944 2949 
5 -2944 2950 
5 -2944 2951 
5 -2944 2952 
5 -2944 2953 
5 -2944 2954 
5 -2955 2956 
5 -2955 2957 
5 -2955 2958 
5 -2955 2959 
5 -2955 2960 
5 -2955 2961 
5 -2955 2962 
5 -2955 2963 
5 -2955 2964 
5 -2955 2965 
5 -2966 2967 
5 -2966 2968 
5 -2966 2969 
5 -2966 2970 
5 -2966 2971 
5 -2966 2972 
5 -2966 2973 
5 -2966 2974 
5 -2966 2975 
5 -2966 2976 
5 -2977 2978 
5 -2977 2979 
5 -2977 2980 
5 -2977 2981 
5 -2977 2982 
5 -2977 2983 
5 -2977 2984 
5 -2977 2985 
5 -2977 2986 
5 -2977 2987 
5 -2988 2989 
5 -2988 2990 
5 -2988 2991 
5 -2988 2992 
5 -2988 2993 
5 -2988 2994 
5 -2988 2995 
5 -2988 2996 
5 -2988 2997 
5 -2988 2998 
5 -2999 3000 
5 -2999 3001 
5 -2999 3002 
5 -2999 3003 
5 -2999 3004 
5 -2999 3005 
5 -2999 3006 
5 -2999 3007 
5 -2999 3008 
5 -2999 3009 
5 -3010 3011 
5 -3010 3012 
5 -3010 3013 
5 -3010 3014 
5 -3010 3015 
5 -3010 3016 
5 -3010 3017 
5 -3010 3018 
5 -3010 3019 
5 -3020 3021 
5 -3020 3022 
5 -3020 3023 
5 -3020 3024 
5 -3020 3025 
5 -3020 3026 
5 -3020 3027 
5 -3020 3028 
5 -3020 3029 
5 -3030 3031 
5 -3030 3032 
5 -3030 3033 
5 -3030 3034 
5 -3030 3035 
5 -3030 3036 
5 -3030 3037 
5 -3030 3038 
5 -3030 3039 
5 -3040 3041 
5 -3040 3042 
5 -3040 3043 
5 -3040 3044 
5 -3040 3045 
5 -3040 3046 
5 -3040 3047 
5 -3040 3048 
5 -3040 3049 
5 -3050 3051 
5 -3050 3052 
5 -3050 3053 
5 -3050 3054 
5 -3050 3055 
5 -3050 3056 
5 -3050 3057 
5 -3050 3058 
5 -3050 3059 
5 -3060 3061 
5 -3060 3062 
5 -3060 3063 
5 -3060 3064 
5 -3060 3065 
5 -3060 3066 
5 -3060 3067 
5 -3060 3068 
5 -3060 3069 
5 -3070 3071 
5 -3072 3073 
5 -3074 3075 
5 -3076 3077 
5 -3078 3079 
1 3079 
2 3077 
3 3075 
4 3073 
5 3071 
