p wcnf 3280 3277 10
10 -10 1 
10 -12 1 
10 -14 1 
10 -16 1 
10 -18 1 
10 -20 1 
10 -22 1 
10 -24 1 
10 -26 1 
10 -28 1 
10 -31 1 
10 -34 1 
10 -37 1 
10 -40 1 
10 -43 1 
10 -46 1 
10 -49 1 
10 -52 1 
10 -55 1 
10 -59 1 
10 -63 1 
10 -67 1 
10 -71 1 
10 -75 1 
10 -79 1 
10 -83 1 
10 -87 1 
10 -91 1 
10 -96 1 
10 -101 1 
10 -106 1 
10 -111 1 
10 -116 1 
10 -121 1 
10 -126 1 
10 -131 1 
10 -136 1 
10 -142 1 
10 -148 1 
10 -154 1 
10 -160 1 
10 -166 1 
10 -172 1 
10 -178 1 
10 -184 1 
10 -190 1 
10 -197 1 
10 -204 1 
10 -211 1 
10 -218 1 
10 -225 1 
10 -232 1 
10 -239 1 
10 -246 1 
10 -253 1 
10 -261 1 
10 -269 1 
10 -277 1 
10 -285 1 
10 -293 1 
10 -301 1 
10 -309 1 
10 -317 1 
10 -325 1 
10 -334 1 
10 -343 1 
10 -352 1 
10 -361 1 
10 -370 1 
10 -379 1 
10 -388 1 
10 -397 1 
10 -406 10 
10 -417 10 
10 -428 10 
10 -439 10 
10 -450 10 
10 -461 10 
10 -472 10 
10 -483 10 
10 -494 10 
10 -506 10 
10 -518 10 
10 -530 10 
10 -542 10 
10 -554 10 
10 -566 10 
10 -578 10 
10 -590 10 
10 -603 10 
10 -616 10 
10 -629 10 
10 -642 10 
10 -655 10 
10 -668 10 
10 -681 10 
10 -694 10 
10 -708 10 
10 -722 10 
10 -736 10 
10 -750 10 
10 -764 10 
10 -778 10 
10 -792 10 
10 -806 10 
10 -821 10 
10 -836 10 
10 -851 10 
10 -866 10 
10 -881 10 
10 -896 10 
10 -911 10 
10 -926 10 
10 -942 10 
10 -958 10 
10 -974 10 
10 -990 10 
10 -1006 10 
10 -1022 10 
10 -1038 10 
10 -1054 10 
10 -1071 10 
10 -1088 10 
10 -1105 10 
10 -1122 10 
10 -1139 10 
10 -1156 10 
10 -1173 10 
10 -1190 28 406 417 428 439 450 461 472 483 
10 -1201 28 406 417 428 439 450 461 472 483 
10 -1212 28 406 417 428 439 450 461 472 483 
10 -1223 28 406 417 428 439 450 461 472 483 
10 -1234 28 406 417 428 439 450 461 472 483 
10 -1245 28 406 417 428 439 450 461 472 483 
10 -1256 28 406 417 428 439 450 461 472 483 
10 -1267 28 406 417 428 439 450 461 472 483 
10 -1279 28 406 417 428 439 450 461 472 483 
10 -1291 28 406 417 428 439 450 461 472 483 
10 -1303 28 406 417 428 439 450 461 472 483 
10 -1315 28 406 417 428 439 450 461 472 483 
10 -1327 28 406 417 428 439 450 461 472 483 
10 -1339 28 406 417 428 439 450 461 472 483 
10 -1351 28 406 417 428 439 450 461 472 483 
10 -1364 28 406 417 428 439 450 461 472 483 
10 -1377 28 406 417 428 439 450 461 472 483 
10 -1390 28 406 417 428 439 450 461 472 483 
10 -1403 28 406 417 428 439 450 461 472 483 
10 -1416 28 406 417 428 439 450 461 472 483 
10 -1429 28 406 417 428 439 450 461 472 483 
10 -1442 28 406 417 428 439 450 461 472 483 
10 -1456 28 406 417 428 439 450 461 472 483 
10 -1470 28 406 417 428 439 450 461 472 483 
10 -1484 28 406 417 428 439 450 461 472 483 
10 -1498 28 406 417 428 439 450 461 472 483 
10 -1512 28 406 417 428 439 450 461 472 483 
10 -1526 28 406 417 428 439 450 461 472 483 
10 -1540 28 406 417 428 439 450 461 472 483 
10 -1555 28 406 417 428 439 450 461 472 483 
10 -1570 28 406 417 428 439 450 461 472 483 
10 -1585 28 406 417 428 439 450 461 472 483 
10 -1600 28 406 417 428 439 450 461 472 483 
10 -1615 28 406 417 428 439 450 461 472 483 
10 -1630 28 406 417 428 439 450 461 472 483 
10 -1645 28 406 417 428 439 450 461 472 483 
10 -1661 28 406 417 428 439 450 461 472 483 
10 -1677 28 406 417 428 439 450 461 472 483 
10 -1693 28 406 417 428 439 450 461 472 483 
10 -1709 28 406 417 428 439 450 461 472 483 
10 -1725 28 406 417 428 439 450 461 472 483 
10 -1741 28 406 417 428 439 450 461 472 483 
10 -1757 55 494 506 518 530 542 554 566 578 1190 1201 1212 1223 1234 1245 1256 
10 -1768 55 494 506 518 530 542 554 566 578 1190 1201 1212 1223 1234 1245 1256 
10 -1779 55 494 506 518 530 542 554 566 578 1190 1201 1212 1223 1234 1245 1256 
10 -1790 55 494 506 518 530 542 554 566 578 1190 1201 1212 1223 1234 1245 1256 
10 -1801 55 494 506 518 530 542 554 566 578 1190 1201 1212 1223 1234 1245 1256 
10 -1812 55 494 506 518 530 542 554 566 578 1190 1201 1212 1223 1234 1245 1256 
10 -1823 55 494 506 518 530 542 554 566 578 1190 1201 1212 1223 1234 1245 1256 
10 -1835 55 494 506 518 530 542 554 566 578 1190 1201 1212 1223 1234 1245 1256 
10 -1847 55 494 506 518 530 542 554 566 578 1190 1201 1212 1223 1234 1245 1256 
10 -1859 55 494 506 518 530 542 554 566 578 1190 1201 1212 1223 1234 1245 1256 
10 -1871 55 494 506 518 530 542 554 566 578 1190 1201 1212 1223 1234 1245 1256 
10 -1883 55 494 506 518 530 542 554 566 578 1190 1201 1212 1223 1234 1245 1256 
10 -1895 55 494 506 518 530 542 554 566 578 1190 1201 1212 1223 1234 1245 1256 
10 -1908 55 494 506 518 530 542 554 566 578 1190 1201 1212 1223 1234 1245 1256 
10 -1921 55 494 506 518 530 542 554 566 578 1190 1201 1212 1223 1234 1245 1256 
10 -1934 55 494 506 518 530 542 554 566 578 1190 1201 1212 1223 1234 1245 1256 
10 -1947 55 494 506 518 530 542 554 566 578 1190 1201 1212 1223 1234 1245 1256 
10 -1960 55 494 506 518 530 542 554 566 578 1190 1201 1212 1223 1234 1245 1256 
10 -1973 55 494 506 518 530 542 554 566 578 1190 1201 1212 1223 1234 1245 1256 
10 -1987 55 494 506 518 530 542 554 566 578 1190 1201 1212 1223 1234 1245 1256 
10 -2001 55 494 506 518 530 542 554 566 578 1190 1201 1212 1223 1234 1245 1256 
10 -2015 55 494 506 518 530 542 554 566 578 1190 1201 1212 1223 1234 1245 1256 
10 -2029 55 494 506 518 530 542 554 566 578 1190 1201 1212 1223 1234 1245 1256 
10 -2043 55 494 506 518 530 542 554 566 578 1190 1201 1212 1223 1234 1245 1256 
10 -2057 55 494 506 518 530 542 554 566 578 1190 1201 1212 1223 1234 1245 1256 
10 -2072 55 494 506 518 530 542 554 566 578 1190 1201 1212 1223 1234 1245 1256 
10 -2087 55 494 506 518 530 542 554 566 578 1190 1201 1212 1223 1234 1245 1256 
10 -2102 55 494 506 518 530 542 554 566 578 1190 1201 1212 1223 1234 1245 1256 
10 -2117 55 494 506 518 530 542 554 566 578 1190 1201 1212 1223 1234 1245 1256 
10 -2132 55 494 506 518 530 542 554 566 578 1190 1201 1212 1223 1234 1245 1256 
10 -2147 91 590 603 616 629 642 655 668 681 1267 1279 1291 1303 1315 1327 1339 1757 1768 1779 1790 1801 1812 
10 -2158 91 590 603 616 629 642 655 668 681 1267 1279 1291 1303 1315 1327 1339 1757 1768 1779 1790 1801 1812 
10 -2169 91 590 603 616 629 642 655 668 681 1267 1279 1291 1303 1315 1327 1339 1757 1768 1779 1790 1801 1812 
10 -2180 91 590 603 616 629 642 655 668 681 1267 1279 1291 1303 1315 1327 1339 1757 1768 1779 1790 1801 1812 
10 -2191 91 590 603 616 629 642 655 668 681 1267 1279 1291 1303 1315 1327 1339 1757 1768 1779 1790 1801 1812 
10 -2202 91 590 603 616 629 642 655 668 681 1267 1279 1291 1303 1315 1327 1339 1757 1768 1779 1790 1801 1812 
10 -2214 91 590 603 616 629 642 655 668 681 1267 1279 1291 1303 1315 1327 1339 1757 1768 1779 1790 1801 1812 
10 -2226 91 590 603 616 629 642 655 668 681 1267 1279 1291 1303 1315 1327 1339 1757 1768 1779 1790 1801 1812 
10 -2238 91 590 603 616 629 642 655 668 681 1267 1279 1291 1303 1315 1327 1339 1757 1768 1779 1790 1801 1812 
10 -2250 91 590 603 616 629 642 655 668 681 1267 1279 1291 1303 1315 1327 1339 1757 1768 1779 1790 1801 1812 
10 -2262 91 590 603 616 629 642 655 668 681 1267 1279 1291 1303 1315 1327 1339 1757 1768 1779 1790 1801 1812 
10 -2275 91 590 603 616 629 642 655 668 681 1267 1279 1291 1303 1315 1327 1339 1757 1768 1779 1790 1801 1812 
10 -2288 91 590 603 616 629 642 655 668 681 1267 1279 1291 1303 1315 1327 1339 1757 1768 1779 1790 1801 1812 
10 -2301 91 590 603 616 629 642 655 668 681 1267 1279 1291 1303 1315 1327 1339 1757 1768 1779 1790 1801 1812 
10 -2314 91 590 603 616 629 642 655 668 681 1267 1279 1291 1303 1315 1327 1339 1757 1768 1779 1790 1801 1812 
10 -2327 91 590 603 616 629 642 655 668 681 1267 1279 1291 1303 1315 1327 1339 1757 1768 1779 1790 1801 1812 
10 -2341 91 590 603 616 629 642 655 668 681 1267 1279 1291 1303 1315 1327 1339 1757 1768 1779 1790 1801 1812 
10 -2355 91 590 603 616 629 642 655 668 681 1267 1279 1291 1303 1315 1327 1339 1757 1768 1779 1790 1801 1812 
10 -2369 91 590 603 616 629 642 655 668 681 1267 1279 1291 1303 1315 1327 1339 1757 1768 1779 1790 1801 1812 
10 -2383 91 590 603 616 629 642 655 668 681 1267 1279 1291 1303 1315 1327 1339 1757 1768 1779 1790 1801 1812 
10 -2397 136 694 708 722 736 750 764 778 792 1351 1364 1377 1390 1403 1416 1429 1823 1835 1847 1859 1871 1883 2147 2158 2169 2180 2191 
10 -2408 136 694 708 722 736 750 764 778 792 1351 1364 1377 1390 1403 1416 1429 1823 1835 1847 1859 1871 1883 2147 2158 2169 2180 2191 
10 -2419 136 694 708 722 736 750 764 778 792 1351 1364 1377 1390 1403 1416 1429 1823 1835 1847 1859 1871 1883 2147 2158 2169 2180 2191 
10 -2430 136 694 708 722 736 750 764 778 792 1351 1364 1377 1390 1403 1416 1429 1823 1835 1847 1859 1871 1883 2147 2158 2169 2180 2191 
10 -2441 136 694 708 722 736 750 764 778 792 1351 1364 1377 1390 1403 1416 1429 1823 1835 1847 1859 1871 1883 2147 2158 2169 2180 2191 
10 -2453 136 694 708 722 736 750 764 778 792 1351 1364 1377 1390 1403 1416 1429 1823 1835 1847 1859 1871 1883 2147 2158 2169 2180 2191 
10 -2465 136 694 708 722 736 750 764 778 792 1351 1364 1377 1390 1403 1416 1429 1823 1835 1847 1859 1871 1883 2147 2158 2169 2180 2191 
10 -2477 136 694 708 722 736 750 764 778 792 1351 1364 1377 1390 1403 1416 1429 1823 1835 1847 1859 1871 1883 2147 2158 2169 2180 2191 
10 -2489 136 694 708 722 736 750 764 778 792 1351 1364 1377 1390 1403 1416 1429 1823 1835 1847 1859 1871 1883 2147 2158 2169 2180 2191 
10 -2502 136 694 708 722 736 750 764 778 792 1351 1364 1377 1390 1403 1416 1429 1823 1835 1847 1859 1871 1883 2147 2158 2169 2180 2191 
10 -2515 136 694 708 722 736 750 764 778 792 1351 1364 1377 1390 1403 1416 1429 1823 1835 1847 1859 1871 1883 2147 2158 2169 2180 2191 
10 -2528 136 694 708 722 736 750 764 778 792 1351 1364 1377 1390 1403 1416 1429 1823 1835 1847 1859 1871 1883 2147 2158 2169 2180 2191 
10 -2541 190 806 821 836 851 866 881 896 911 1442 1456 1470 1484 1498 1512 1526 1895 1908 1921 1934 1947 1960 2202 2214 2226 2238 2250 2397 2408 2419 2430 
10 -2552 190 806 821 836 851 866 881 896 911 1442 1456 1470 1484 1498 1512 1526 1895 1908 1921 1934 1947 1960 2202 2214 2226 2238 2250 2397 2408 2419 2430 
10 -2563 190 806 821 836 851 866 881 896 911 1442 1456 1470 1484 1498 1512 1526 1895 1908 1921 1934 1947 1960 2202 2214 2226 2238 2250 2397 2408 2419 2430 
10 -2574 190 806 821 836 851 866 881 896 911 1442 1456 1470 1484 1498 1512 1526 1895 1908 1921 1934 1947 1960 2202 2214 2226 2238 2250 2397 2408 2419 2430 
10 -2586 190 806 821 836 851 866 881 896 911 1442 1456 1470 1484 1498 1512 1526 1895 1908 1921 1934 1947 1960 2202 2214 2226 2238 2250 2397 2408 2419 2430 
10 -2598 190 806 821 836 851 866 881 896 911 1442 1456 1470 1484 1498 1512 1526 1895 1908 1921 1934 1947 1960 2202 2214 2226 2238 2250 2397 2408 2419 2430 
10 -2610 253 926 942 958 974 990 1006 1022 1038 1540 1555 1570 1585 1600 1615 1630 1973 1987 2001 2015 2029 2043 2262 2275 2288 2301 2314 2441 2453 2465 2477 2541 2552 2563 
10 -2621 253 926 942 958 974 990 1006 1022 1038 1540 1555 1570 1585 1600 1615 1630 1973 1987 2001 2015 2029 2043 2262 2275 2288 2301 2314 2441 2453 2465 2477 2541 2552 2563 
10 -2632 1 
10 -2634 1 
10 -2636 1 
10 -2638 1 
10 -2640 1 
10 -2642 1 
10 -2644 1 
10 -2646 1 
10 -2648 1 
10 -2650 1 
10 -2653 1 
10 -2656 1 
10 -2659 1 
10 -2662 1 
10 -2665 1 
10 -2668 1 
10 -2671 1 
10 -2674 1 
10 -2677 1 
10 -2681 1 
10 -2685 1 
10 -2689 1 
10 -2693 1 
10 -2697 1 
10 -2701 1 
10 -2705 1 
10 -2709 1 
10 -2713 1 
10 -2718 1 
10 -2723 1 
10 -2728 1 
10 -2733 1 
10 -2738 1 
10 -2743 1 
10 -2748 1 
10 -2753 1 
10 -2758 2632 
10 -2769 2632 
10 -2780 2632 
10 -2791 2632 
10 -2802 2632 
10 -2813 2632 
10 -2824 2632 
10 -2835 2632 
10 -2846 2632 
10 -2858 2632 
10 -2870 2632 
10 -2882 2632 
10 -2894 2632 
10 -2906 2632 
10 -2918 2632 
10 -2930 2632 
10 -2942 2632 
10 -2955 2632 
10 -2968 2632 
10 -2981 2632 
10 -2994 2632 
10 -3007 2632 
10 -3020 2632 
10 -3033 2632 
10 -3046 2650 2758 2769 2780 2791 2802 2813 2824 2835 
10 -3057 2650 2758 2769 2780 2791 2802 2813 2824 2835 
10 -3068 2650 2758 2769 2780 2791 2802 2813 2824 2835 
10 -3079 2650 2758 2769 2780 2791 2802 2813 2824 2835 
10 -3090 2650 2758 2769 2780 2791 2802 2813 2824 2835 
10 -3101 2650 2758 2769 2780 2791 2802 2813 2824 2835 
10 -3112 2650 2758 2769 2780 2791 2802 2813 2824 2835 
10 -3123 2650 2758 2769 2780 2791 2802 2813 2824 2835 
10 -3135 2650 2758 2769 2780 2791 2802 2813 2824 2835 
10 -3147 2650 2758 2769 2780 2791 2802 2813 2824 2835 
10 -3159 2650 2758 2769 2780 2791 2802 2813 2824 2835 
10 -3171 2650 2758 2769 2780 2791 2802 2813 2824 2835 
10 -3183 2650 2758 2769 2780 2791 2802 2813 2824 2835 
10 -3195 2650 2758 2769 2780 2791 2802 2813 2824 2835 
10 -3207 2677 2846 2858 2870 2882 2894 2906 2918 2930 3046 3057 3068 3079 3090 3101 3112 
10 -3218 2677 2846 2858 2870 2882 2894 2906 2918 2930 3046 3057 3068 3079 3090 3101 3112 
10 -3229 2677 2846 2858 2870 2882 2894 2906 2918 2930 3046 3057 3068 3079 3090 3101 3112 
10 -3240 2677 2846 2858 2870 2882 2894 2906 2918 2930 3046 3057 3068 3079 3090 3101 3112 
10 -3251 2677 2846 2858 2870 2882 2894 2906 2918 2930 3046 3057 3068 3079 3090 3101 3112 
10 -3262 2677 2846 2858 2870 2882 2894 2906 2918 2930 3046 3057 3068 3079 3090 3101 3112 
10 -3273 325 334 343 352 361 370 379 388 397 1054 1071 1088 1105 1122 1139 1156 1173 1645 1661 1677 1693 1709 1725 1741 2057 2072 2087 2102 2117 2132 2327 2341 2355 2369 2383 2489 2502 2515 2528 2574 2586 2598 2610 2621 2713 2942 2955 2968 2981 2994 3007 3020 3033 3123 3135 3147 3159 3171 3183 3195 3207 3218 3229 3240 3251 3262 
10 -3274 325 334 343 352 361 370 379 388 397 1054 1071 1088 1105 1122 1139 1156 1173 1645 1661 1677 1693 1709 1725 1741 2057 2072 2087 2102 2117 2132 2327 2341 2355 2369 2383 2489 2502 2515 2528 2574 2586 2598 2610 2621 2713 2942 2955 2968 2981 2994 3007 3020 3033 3123 3135 3147 3159 3171 3183 3195 3207 3218 3229 3240 3251 3262 
10 -3275 325 334 343 352 361 370 379 388 397 1054 1071 1088 1105 1122 1139 1156 1173 1645 1661 1677 1693 1709 1725 1741 2057 2072 2087 2102 2117 2132 2327 2341 2355 2369 2383 2489 2502 2515 2528 2574 2586 2598 2610 2621 2713 2942 2955 2968 2981 2994 3007 3020 3033 3123 3135 3147 3159 3171 3183 3195 3207 3218 3229 3240 3251 3262 
10 -3276 325 334 343 352 361 370 379 388 397 1054 1071 1088 1105 1122 1139 1156 1173 1645 1661 1677 1693 1709 1725 1741 2057 2072 2087 2102 2117 2132 2327 2341 2355 2369 2383 2489 2502 2515 2528 2574 2586 2598 2610 2621 2713 2942 2955 2968 2981 2994 3007 3020 3033 3123 3135 3147 3159 3171 3183 3195 3207 3218 3229 3240 3251 3262 
10 -3277 325 334 343 352 361 370 379 388 397 1054 1071 1088 1105 1122 1139 1156 1173 1645 1661 1677 1693 1709 1725 1741 2057 2072 2087 2102 2117 2132 2327 2341 2355 2369 2383 2489 2502 2515 2528 2574 2586 2598 2610 2621 2713 2942 2955 2968 2981 2994 3007 3020 3033 3123 3135 3147 3159 3171 3183 3195 3207 3218 3229 3240 3251 3262 
10 10 12 14 16 18 20 22 24 26 28 31 34 37 40 43 46 49 52 55 59 63 67 71 75 79 83 87 91 96 101 106 111 116 121 126 131 136 142 148 154 160 166 172 178 184 190 197 204 211 218 225 232 239 246 253 261 269 277 285 293 301 309 317 325 334 343 352 361 370 379 388 397 
10 10 12 14 16 18 20 22 24 26 28 31 34 37 40 43 46 49 52 55 59 63 67 71 75 79 83 87 91 96 101 106 111 116 121 126 131 136 142 148 154 160 166 172 178 184 190 197 204 211 218 225 232 239 246 253 261 269 277 285 293 301 309 317 325 334 343 352 361 370 379 388 397 406 417 428 439 450 461 472 483 494 506 518 530 542 554 566 578 590 603 616 629 642 655 668 681 694 708 722 736 750 764 778 792 806 821 836 851 866 881 896 911 926 942 958 974 990 1006 1022 1038 1054 1071 1088 1105 1122 1139 1156 1173 
10 28 31 34 37 40 43 46 49 52 55 59 63 67 71 75 79 83 87 91 96 101 106 111 116 121 126 131 136 142 148 154 160 166 172 178 184 190 197 204 211 218 225 232 239 246 253 261 269 277 285 293 301 309 317 325 334 343 352 361 370 379 388 397 406 417 428 439 450 461 472 483 494 506 518 530 542 554 566 578 590 603 616 629 642 655 668 681 694 708 722 736 750 764 778 792 806 821 836 851 866 881 896 911 926 942 958 974 990 1006 1022 1038 1054 1071 1088 1105 1122 1139 1156 1173 1190 1201 1212 1223 1234 1245 1256 1267 1279 1291 1303 1315 1327 1339 1351 1364 1377 1390 1403 1416 1429 1442 1456 1470 1484 1498 1512 1526 1540 1555 1570 1585 1600 1615 1630 1645 1661 1677 1693 1709 1725 1741 
10 55 59 63 67 71 75 79 83 87 91 96 101 106 111 116 121 126 131 136 142 148 154 160 166 172 178 184 190 197 204 211 218 225 232 239 246 253 261 269 277 285 293 301 309 317 325 334 343 352 361 370 379 388 397 406 417 428 439 450 461 472 483 494 506 518 530 542 554 566 578 590 603 616 629 642 655 668 681 694 708 722 736 750 764 778 792 806 821 836 851 866 881 896 911 926 942 958 974 990 1006 1022 1038 1054 1071 1088 1105 1122 1139 1156 1173 1190 1201 1212 1223 1234 1245 1256 1267 1279 1291 1303 1315 1327 1339 1351 1364 1377 1390 1403 1416 1429 1442 1456 1470 1484 1498 1512 1526 1540 1555 1570 1585 1600 1615 1630 1645 1661 1677 1693 1709 1725 1741 1757 1768 1779 1790 1801 1812 1823 1835 1847 1859 1871 1883 1895 1908 1921 1934 1947 1960 1973 1987 2001 2015 2029 2043 2057 2072 2087 2102 2117 2132 
10 91 96 101 106 111 116 121 126 131 136 142 148 154 160 166 172 178 184 190 197 204 211 218 225 232 239 246 253 261 269 277 285 293 301 309 317 325 334 343 352 361 370 379 388 397 406 417 428 439 450 461 472 483 494 506 518 530 542 554 566 578 590 603 616 629 642 655 668 681 694 708 722 736 750 764 778 792 806 821 836 851 866 881 896 911 926 942 958 974 990 1006 1022 1038 1054 1071 1088 1105 1122 1139 1156 1173 1190 1201 1212 1223 1234 1245 1256 1267 1279 1291 1303 1315 1327 1339 1351 1364 1377 1390 1403 1416 1429 1442 1456 1470 1484 1498 1512 1526 1540 1555 1570 1585 1600 1615 1630 1645 1661 1677 1693 1709 1725 1741 1757 1768 1779 1790 1801 1812 1823 1835 1847 1859 1871 1883 1895 1908 1921 1934 1947 1960 1973 1987 2001 2015 2029 2043 2057 2072 2087 2102 2117 2132 2147 2158 2169 2180 2191 2202 2214 2226 2238 2250 2262 2275 2288 2301 2314 2327 2341 2355 2369 2383 
10 136 142 148 154 160 166 172 178 184 190 197 204 211 218 225 232 239 246 253 261 269 277 285 293 301 309 317 325 334 343 352 361 370 379 388 397 406 417 428 439 450 461 472 483 494 506 518 530 542 554 566 578 590 603 616 629 642 655 668 681 694 708 722 736 750 764 778 792 806 821 836 851 866 881 896 911 926 942 958 974 990 1006 1022 1038 1054 1071 1088 1105 1122 1139 1156 1173 1190 1201 1212 1223 1234 1245 1256 1267 1279 1291 1303 1315 1327 1339 1351 1364 1377 1390 1403 1416 1429 1442 1456 1470 1484 1498 1512 1526 1540 1555 1570 1585 1600 1615 1630 1645 1661 1677 1693 1709 1725 1741 1757 1768 1779 1790 1801 1812 1823 1835 1847 1859 1871 1883 1895 1908 1921 1934 1947 1960 1973 1987 2001 2015 2029 2043 2057 2072 2087 2102 2117 2132 2147 2158 2169 2180 2191 2202 2214 2226 2238 2250 2262 2275 2288 2301 2314 2327 2341 2355 2369 2383 2397 2408 2419 2430 2441 2453 2465 2477 2489 2502 2515 2528 
10 190 197 204 211 218 225 232 239 246 253 261 269 277 285 293 301 309 317 325 334 343 352 361 370 379 388 397 406 417 428 439 450 461 472 483 494 506 518 530 542 554 566 578 590 603 616 629 642 655 668 681 694 708 722 736 750 764 778 792 806 821 836 851 866 881 896 911 926 942 958 974 990 1006 1022 1038 1054 1071 1088 1105 1122 1139 1156 1173 1190 1201 1212 1223 1234 1245 1256 1267 1279 1291 1303 1315 1327 1339 1351 1364 1377 1390 1403 1416 1429 1442 1456 1470 1484 1498 1512 1526 1540 1555 1570 1585 1600 1615 1630 1645 1661 1677 1693 1709 1725 1741 1757 1768 1779 1790 1801 1812 1823 1835 1847 1859 1871 1883 1895 1908 1921 1934 1947 1960 1973 1987 2001 2015 2029 2043 2057 2072 2087 2102 2117 2132 2147 2158 2169 2180 2191 2202 2214 2226 2238 2250 2262 2275 2288 2301 2314 2327 2341 2355 2369 2383 2397 2408 2419 2430 2441 2453 2465 2477 2489 2502 2515 2528 2541 2552 2563 2574 2586 2598 
10 253 261 269 277 285 293 301 309 317 325 334 343 352 361 370 379 388 397 406 417 428 439 450 461 472 483 494 506 518 530 542 554 566 578 590 603 616 629 642 655 668 681 694 708 722 736 750 764 778 792 806 821 836 851 866 881 896 911 926 942 958 974 990 1006 1022 1038 1054 1071 1088 1105 1122 1139 1156 1173 1190 1201 1212 1223 1234 1245 1256 1267 1279 1291 1303 1315 1327 1339 1351 1364 1377 1390 1403 1416 1429 1442 1456 1470 1484 1498 1512 1526 1540 1555 1570 1585 1600 1615 1630 1645 1661 1677 1693 1709 1725 1741 1757 1768 1779 1790 1801 1812 1823 1835 1847 1859 1871 1883 1895 1908 1921 1934 1947 1960 1973 1987 2001 2015 2029 2043 2057 2072 2087 2102 2117 2132 2147 2158 2169 2180 2191 2202 2214 2226 2238 2250 2262 2275 2288 2301 2314 2327 2341 2355 2369 2383 2397 2408 2419 2430 2441 2453 2465 2477 2489 2502 2515 2528 2541 2552 2563 2574 2586 2598 2610 2621 
10 2632 2634 2636 2638 2640 2642 2644 2646 2648 2650 2653 2656 2659 2662 2665 2668 2671 2674 2677 2681 2685 2689 2693 2697 2701 2705 2709 2713 2718 2723 2728 2733 2738 2743 2748 2753 
10 2632 2634 2636 2638 2640 2642 2644 2646 2648 2650 2653 2656 2659 2662 2665 2668 2671 2674 2677 2681 2685 2689 2693 2697 2701 2705 2709 2713 2718 2723 2728 2733 2738 2743 2748 2753 2758 2769 2780 2791 2802 2813 2824 2835 2846 2858 2870 2882 2894 2906 2918 2930 2942 2955 2968 2981 2994 3007 3020 3033 
10 2650 2653 2656 2659 2662 2665 2668 2671 2674 2677 2681 2685 2689 2693 2697 2701 2705 2709 2713 2718 2723 2728 2733 2738 2743 2748 2753 2758 2769 2780 2791 2802 2813 2824 2835 2846 2858 2870 2882 2894 2906 2918 2930 2942 2955 2968 2981 2994 3007 3020 3033 3046 3057 3068 3079 3090 3101 3112 3123 3135 3147 3159 3171 3183 3195 
10 2677 2681 2685 2689 2693 2697 2701 2705 2709 2713 2718 2723 2728 2733 2738 2743 2748 2753 2758 2769 2780 2791 2802 2813 2824 2835 2846 2858 2870 2882 2894 2906 2918 2930 2942 2955 2968 2981 2994 3007 3020 3033 3046 3057 3068 3079 3090 3101 3112 3123 3135 3147 3159 3171 3183 3195 3207 3218 3229 3240 3251 3262 
10 -10 11 
10 -12 13 
10 -14 15 
10 -16 17 
10 -18 19 
10 -20 21 
10 -22 23 
10 -24 25 
10 -26 27 
10 -28 29 
10 -28 30 
10 -31 32 
10 -31 33 
10 -34 35 
10 -34 36 
10 -37 38 
10 -37 39 
10 -40 41 
10 -40 42 
10 -43 44 
10 -43 45 
10 -46 47 
10 -46 48 
10 -49 50 
10 -49 51 
10 -52 53 
10 -52 54 
10 -55 56 
10 -55 57 
10 -55 58 
10 -59 60 
10 -59 61 
10 -59 62 
10 -63 64 
10 -63 65 
10 -63 66 
10 -67 68 
10 -67 69 
10 -67 70 
10 -71 72 
10 -71 73 
10 -71 74 
10 -75 76 
10 -75 77 
10 -75 78 
10 -79 80 
10 -79 81 
10 -79 82 
10 -83 84 
10 -83 85 
10 -83 86 
10 -87 88 
10 -87 89 
10 -87 90 
10 -91 92 
10 -91 93 
10 -91 94 
10 -91 95 
10 -96 97 
10 -96 98 
10 -96 99 
10 -96 100 
10 -101 102 
10 -101 103 
10 -101 104 
10 -101 105 
10 -106 107 
10 -106 108 
10 -106 109 
10 -106 110 
10 -111 112 
10 -111 113 
10 -111 114 
10 -111 115 
10 -116 117 
10 -116 118 
10 -116 119 
10 -116 120 
10 -121 122 
10 -121 123 
10 -121 124 
10 -121 125 
10 -126 127 
10 -126 128 
10 -126 129 
10 -126 130 
10 -131 132 
10 -131 133 
10 -131 134 
10 -131 135 
10 -136 137 
10 -136 138 
10 -136 139 
10 -136 140 
10 -136 141 
10 -142 143 
10 -142 144 
10 -142 145 
10 -142 146 
10 -142 147 
10 -148 149 
10 -148 150 
10 -148 151 
10 -148 152 
10 -148 153 
10 -154 155 
10 -154 156 
10 -154 157 
10 -154 158 
10 -154 159 
10 -160 161 
10 -160 162 
10 -160 163 
10 -160 164 
10 -160 165 
10 -166 167 
10 -166 168 
10 -166 169 
10 -166 170 
10 -166 171 
10 -172 173 
10 -172 174 
10 -172 175 
10 -172 176 
10 -172 177 
10 -178 179 
10 -178 180 
10 -178 181 
10 -178 182 
10 -178 183 
10 -184 185 
10 -184 186 
10 -184 187 
10 -184 188 
10 -184 189 
10 -190 191 
10 -190 192 
10 -190 193 
10 -190 194 
10 -190 195 
10 -190 196 
10 -197 198 
10 -197 199 
10 -197 200 
10 -197 201 
10 -197 202 
10 -197 203 
10 -204 205 
10 -204 206 
10 -204 207 
10 -204 208 
10 -204 209 
10 -204 210 
10 -211 212 
10 -211 213 
10 -211 214 
10 -211 215 
10 -211 216 
10 -211 217 
10 -218 219 
10 -218 220 
10 -218 221 
10 -218 222 
10 -218 223 
10 -218 224 
10 -225 226 
10 -225 227 
10 -225 228 
10 -225 229 
10 -225 230 
10 -225 231 
10 -232 233 
10 -232 234 
10 -232 235 
10 -232 236 
10 -232 237 
10 -232 238 
10 -239 240 
10 -239 241 
10 -239 242 
10 -239 243 
10 -239 244 
10 -239 245 
10 -246 247 
10 -246 248 
10 -246 249 
10 -246 250 
10 -246 251 
10 -246 252 
10 -253 254 
10 -253 255 
10 -253 256 
10 -253 257 
10 -253 258 
10 -253 259 
10 -253 260 
10 -261 262 
10 -261 263 
10 -261 264 
10 -261 265 
10 -261 266 
10 -261 267 
10 -261 268 
10 -269 270 
10 -269 271 
10 -269 272 
10 -269 273 
10 -269 274 
10 -269 275 
10 -269 276 
10 -277 278 
10 -277 279 
10 -277 280 
10 -277 281 
10 -277 282 
10 -277 283 
10 -277 284 
10 -285 286 
10 -285 287 
10 -285 288 
10 -285 289 
10 -285 290 
10 -285 291 
10 -285 292 
10 -293 294 
10 -293 295 
10 -293 296 
10 -293 297 
10 -293 298 
10 -293 299 
10 -293 300 
10 -301 302 
10 -301 303 
10 -301 304 
10 -301 305 
10 -301 306 
10 -301 307 
10 -301 308 
10 -309 310 
10 -309 311 
10 -309 312 
10 -309 313 
10 -309 314 
10 -309 315 
10 -309 316 
10 -317 318 
10 -317 319 
10 -317 320 
10 -317 321 
10 -317 322 
10 -317 323 
10 -317 324 
10 -325 326 
10 -325 327 
10 -325 328 
10 -325 329 
10 -325 330 
10 -325 331 
10 -325 332 
10 -325 333 
10 -334 335 
10 -334 336 
10 -334 337 
10 -334 338 
10 -334 339 
10 -334 340 
10 -334 341 
10 -334 342 
10 -343 344 
10 -343 345 
10 -343 346 
10 -343 347 
10 -343 348 
10 -343 349 
10 -343 350 
10 -343 351 
10 -352 353 
10 -352 354 
10 -352 355 
10 -352 356 
10 -352 357 
10 -352 358 
10 -352 359 
10 -352 360 
10 -361 362 
10 -361 363 
10 -361 364 
10 -361 365 
10 -361 366 
10 -361 367 
10 -361 368 
10 -361 369 
10 -370 371 
10 -370 372 
10 -370 373 
10 -370 374 
10 -370 375 
10 -370 376 
10 -370 377 
10 -370 378 
10 -379 380 
10 -379 381 
10 -379 382 
10 -379 383 
10 -379 384 
10 -379 385 
10 -379 386 
10 -379 387 
10 -388 389 
10 -388 390 
10 -388 391 
10 -388 392 
10 -388 393 
10 -388 394 
10 -388 395 
10 -388 396 
10 -397 398 
10 -397 399 
10 -397 400 
10 -397 401 
10 -397 402 
10 -397 403 
10 -397 404 
10 -397 405 
10 -406 407 
10 -406 408 
10 -406 409 
10 -406 410 
10 -406 411 
10 -406 412 
10 -406 413 
10 -406 414 
10 -406 415 
10 -406 416 
10 -417 418 
10 -417 419 
10 -417 420 
10 -417 421 
10 -417 422 
10 -417 423 
10 -417 424 
10 -417 425 
10 -417 426 
10 -417 427 
10 -428 429 
10 -428 430 
10 -428 431 
10 -428 432 
10 -428 433 
10 -428 434 
10 -428 435 
10 -428 436 
10 -428 437 
10 -428 438 
10 -439 440 
10 -439 441 
10 -439 442 
10 -439 443 
10 -439 444 
10 -439 445 
10 -439 446 
10 -439 447 
10 -439 448 
10 -439 449 
10 -450 451 
10 -450 452 
10 -450 453 
10 -450 454 
10 -450 455 
10 -450 456 
10 -450 457 
10 -450 458 
10 -450 459 
10 -450 460 
10 -461 462 
10 -461 463 
10 -461 464 
10 -461 465 
10 -461 466 
10 -461 467 
10 -461 468 
10 -461 469 
10 -461 470 
10 -461 471 
10 -472 473 
10 -472 474 
10 -472 475 
10 -472 476 
10 -472 477 
10 -472 478 
10 -472 479 
10 -472 480 
10 -472 481 
10 -472 482 
10 -483 484 
10 -483 485 
10 -483 486 
10 -483 487 
10 -483 488 
10 -483 489 
10 -483 490 
10 -483 491 
10 -483 492 
10 -483 493 
10 -494 495 
10 -494 496 
10 -494 497 
10 -494 498 
10 -494 499 
10 -494 500 
10 -494 501 
10 -494 502 
10 -494 503 
10 -494 504 
10 -494 505 
10 -506 507 
10 -506 508 
10 -506 509 
10 -506 510 
10 -506 511 
10 -506 512 
10 -506 513 
10 -506 514 
10 -506 515 
10 -506 516 
10 -506 517 
10 -518 519 
10 -518 520 
10 -518 521 
10 -518 522 
10 -518 523 
10 -518 524 
10 -518 525 
10 -518 526 
10 -518 527 
10 -518 528 
10 -518 529 
10 -530 531 
10 -530 532 
10 -530 533 
10 -530 534 
10 -530 535 
10 -530 536 
10 -530 537 
10 -530 538 
10 -530 539 
10 -530 540 
10 -530 541 
10 -542 543 
10 -542 544 
10 -542 545 
10 -542 546 
10 -542 547 
10 -542 548 
10 -542 549 
10 -542 550 
10 -542 551 
10 -542 552 
10 -542 553 
10 -554 555 
10 -554 556 
10 -554 557 
10 -554 558 
10 -554 559 
10 -554 560 
10 -554 561 
10 -554 562 
10 -554 563 
10 -554 564 
10 -554 565 
10 -566 567 
10 -566 568 
10 -566 569 
10 -566 570 
10 -566 571 
10 -566 572 
10 -566 573 
10 -566 574 
10 -566 575 
10 -566 576 
10 -566 577 
10 -578 579 
10 -578 580 
10 -578 581 
10 -578 582 
10 -578 583 
10 -578 584 
10 -578 585 
10 -578 586 
10 -578 587 
10 -578 588 
10 -578 589 
10 -590 591 
10 -590 592 
10 -590 593 
10 -590 594 
10 -590 595 
10 -590 596 
10 -590 597 
10 -590 598 
10 -590 599 
10 -590 600 
10 -590 601 
10 -590 602 
10 -603 604 
10 -603 605 
10 -603 606 
10 -603 607 
10 -603 608 
10 -603 609 
10 -603 610 
10 -603 611 
10 -603 612 
10 -603 613 
10 -603 614 
10 -603 615 
10 -616 617 
10 -616 618 
10 -616 619 
10 -616 620 
10 -616 621 
10 -616 622 
10 -616 623 
10 -616 624 
10 -616 625 
10 -616 626 
10 -616 627 
10 -616 628 
10 -629 630 
10 -629 631 
10 -629 632 
10 -629 633 
10 -629 634 
10 -629 635 
10 -629 636 
10 -629 637 
10 -629 638 
10 -629 639 
10 -629 640 
10 -629 641 
10 -642 643 
10 -642 644 
10 -642 645 
10 -642 646 
10 -642 647 
10 -642 648 
10 -642 649 
10 -642 650 
10 -642 651 
10 -642 652 
10 -642 653 
10 -642 654 
10 -655 656 
10 -655 657 
10 -655 658 
10 -655 659 
10 -655 660 
10 -655 661 
10 -655 662 
10 -655 663 
10 -655 664 
10 -655 665 
10 -655 666 
10 -655 667 
10 -668 669 
10 -668 670 
10 -668 671 
10 -668 672 
10 -668 673 
10 -668 674 
10 -668 675 
10 -668 676 
10 -668 677 
10 -668 678 
10 -668 679 
10 -668 680 
10 -681 682 
10 -681 683 
10 -681 684 
10 -681 685 
10 -681 686 
10 -681 687 
10 -681 688 
10 -681 689 
10 -681 690 
10 -681 691 
10 -681 692 
10 -681 693 
10 -694 695 
10 -694 696 
10 -694 697 
10 -694 698 
10 -694 699 
10 -694 700 
10 -694 701 
10 -694 702 
10 -694 703 
10 -694 704 
10 -694 705 
10 -694 706 
10 -694 707 
10 -708 709 
10 -708 710 
10 -708 711 
10 -708 712 
10 -708 713 
10 -708 714 
10 -708 715 
10 -708 716 
10 -708 717 
10 -708 718 
10 -708 719 
10 -708 720 
10 -708 721 
10 -722 723 
10 -722 724 
10 -722 725 
10 -722 726 
10 -722 727 
10 -722 728 
10 -722 729 
10 -722 730 
10 -722 731 
10 -722 732 
10 -722 733 
10 -722 734 
10 -722 735 
10 -736 737 
10 -736 738 
10 -736 739 
10 -736 740 
10 -736 741 
10 -736 742 
10 -736 743 
10 -736 744 
10 -736 745 
10 -736 746 
10 -736 747 
10 -736 748 
10 -736 749 
10 -750 751 
10 -750 752 
10 -750 753 
10 -750 754 
10 -750 755 
10 -750 756 
10 -750 757 
10 -750 758 
10 -750 759 
10 -750 760 
10 -750 761 
10 -750 762 
10 -750 763 
10 -764 765 
10 -764 766 
10 -764 767 
10 -764 768 
10 -764 769 
10 -764 770 
10 -764 771 
10 -764 772 
10 -764 773 
10 -764 774 
10 -764 775 
10 -764 776 
10 -764 777 
10 -778 779 
10 -778 780 
10 -778 781 
10 -778 782 
10 -778 783 
10 -778 784 
10 -778 785 
10 -778 786 
10 -778 787 
10 -778 788 
10 -778 789 
10 -778 790 
10 -778 791 
10 -792 793 
10 -792 794 
10 -792 795 
10 -792 796 
10 -792 797 
10 -792 798 
10 -792 799 
10 -792 800 
10 -792 801 
10 -792 802 
10 -792 803 
10 -792 804 
10 -792 805 
10 -806 807 
10 -806 808 
10 -806 809 
10 -806 810 
10 -806 811 
10 -806 812 
10 -806 813 
10 -806 814 
10 -806 815 
10 -806 816 
10 -806 817 
10 -806 818 
10 -806 819 
10 -806 820 
10 -821 822 
10 -821 823 
10 -821 824 
10 -821 825 
10 -821 826 
10 -821 827 
10 -821 828 
10 -821 829 
10 -821 830 
10 -821 831 
10 -821 832 
10 -821 833 
10 -821 834 
10 -821 835 
10 -836 837 
10 -836 838 
10 -836 839 
10 -836 840 
10 -836 841 
10 -836 842 
10 -836 843 
10 -836 844 
10 -836 845 
10 -836 846 
10 -836 847 
10 -836 848 
10 -836 849 
10 -836 850 
10 -851 852 
10 -851 853 
10 -851 854 
10 -851 855 
10 -851 856 
10 -851 857 
10 -851 858 
10 -851 859 
10 -851 860 
10 -851 861 
10 -851 862 
10 -851 863 
10 -851 864 
10 -851 865 
10 -866 867 
10 -866 868 
10 -866 869 
10 -866 870 
10 -866 871 
10 -866 872 
10 -866 873 
10 -866 874 
10 -866 875 
10 -866 876 
10 -866 877 
10 -866 878 
10 -866 879 
10 -866 880 
10 -881 882 
10 -881 883 
10 -881 884 
10 -881 885 
10 -881 886 
10 -881 887 
10 -881 888 
10 -881 889 
10 -881 890 
10 -881 891 
10 -881 892 
10 -881 893 
10 -881 894 
10 -881 895 
10 -896 897 
10 -896 898 
10 -896 899 
10 -896 900 
10 -896 901 
10 -896 902 
10 -896 903 
10 -896 904 
10 -896 905 
10 -896 906 
10 -896 907 
10 -896 908 
10 -896 909 
10 -896 910 
10 -911 912 
10 -911 913 
10 -911 914 
10 -911 915 
10 -911 916 
10 -911 917 
10 -911 918 
10 -911 919 
10 -911 920 
10 -911 921 
10 -911 922 
10 -911 923 
10 -911 924 
10 -911 925 
10 -926 927 
10 -926 928 
10 -926 929 
10 -926 930 
10 -926 931 
10 -926 932 
10 -926 933 
10 -926 934 
10 -926 935 
10 -926 936 
10 -926 937 
10 -926 938 
10 -926 939 
10 -926 940 
10 -926 941 
10 -942 943 
10 -942 944 
10 -942 945 
10 -942 946 
10 -942 947 
10 -942 948 
10 -942 949 
10 -942 950 
10 -942 951 
10 -942 952 
10 -942 953 
10 -942 954 
10 -942 955 
10 -942 956 
10 -942 957 
10 -958 959 
10 -958 960 
10 -958 961 
10 -958 962 
10 -958 963 
10 -958 964 
10 -958 965 
10 -958 966 
10 -958 967 
10 -958 968 
10 -958 969 
10 -958 970 
10 -958 971 
10 -958 972 
10 -958 973 
10 -974 975 
10 -974 976 
10 -974 977 
10 -974 978 
10 -974 979 
10 -974 980 
10 -974 981 
10 -974 982 
10 -974 983 
10 -974 984 
10 -974 985 
10 -974 986 
10 -974 987 
10 -974 988 
10 -974 989 
10 -990 991 
10 -990 992 
10 -990 993 
10 -990 994 
10 -990 995 
10 -990 996 
10 -990 997 
10 -990 998 
10 -990 999 
10 -990 1000 
10 -990 1001 
10 -990 1002 
10 -990 1003 
10 -990 1004 
10 -990 1005 
10 -1006 1007 
10 -1006 1008 
10 -1006 1009 
10 -1006 1010 
10 -1006 1011 
10 -1006 1012 
10 -1006 1013 
10 -1006 1014 
10 -1006 1015 
10 -1006 1016 
10 -1006 1017 
10 -1006 1018 
10 -1006 1019 
10 -1006 1020 
10 -1006 1021 
10 -1022 1023 
10 -1022 1024 
10 -1022 1025 
10 -1022 1026 
10 -1022 1027 
10 -1022 1028 
10 -1022 1029 
10 -1022 1030 
10 -1022 1031 
10 -1022 1032 
10 -1022 1033 
10 -1022 1034 
10 -1022 1035 
10 -1022 1036 
10 -1022 1037 
10 -1038 1039 
10 -1038 1040 
10 -1038 1041 
10 -1038 1042 
10 -1038 1043 
10 -1038 1044 
10 -1038 1045 
10 -1038 1046 
10 -1038 1047 
10 -1038 1048 
10 -1038 1049 
10 -1038 1050 
10 -1038 1051 
10 -1038 1052 
10 -1038 1053 
10 -1054 1055 
10 -1054 1056 
10 -1054 1057 
10 -1054 1058 
10 -1054 1059 
10 -1054 1060 
10 -1054 1061 
10 -1054 1062 
10 -1054 1063 
10 -1054 1064 
10 -1054 1065 
10 -1054 1066 
10 -1054 1067 
10 -1054 1068 
10 -1054 1069 
10 -1054 1070 
10 -1071 1072 
10 -1071 1073 
10 -1071 1074 
10 -1071 1075 
10 -1071 1076 
10 -1071 1077 
10 -1071 1078 
10 -1071 1079 
10 -1071 1080 
10 -1071 1081 
10 -1071 1082 
10 -1071 1083 
10 -1071 1084 
10 -1071 1085 
10 -1071 1086 
10 -1071 1087 
10 -1088 1089 
10 -1088 1090 
10 -1088 1091 
10 -1088 1092 
10 -1088 1093 
10 -1088 1094 
10 -1088 1095 
10 -1088 1096 
10 -1088 1097 
10 -1088 1098 
10 -1088 1099 
10 -1088 1100 
10 -1088 1101 
10 -1088 1102 
10 -1088 1103 
10 -1088 1104 
10 -1105 1106 
10 -1105 1107 
10 -1105 1108 
10 -1105 1109 
10 -1105 1110 
10 -1105 1111 
10 -1105 1112 
10 -1105 1113 
10 -1105 1114 
10 -1105 1115 
10 -1105 1116 
10 -1105 1117 
10 -1105 1118 
10 -1105 1119 
10 -1105 1120 
10 -1105 1121 
10 -1122 1123 
10 -1122 1124 
10 -1122 1125 
10 -1122 1126 
10 -1122 1127 
10 -1122 1128 
10 -1122 1129 
10 -1122 1130 
10 -1122 1131 
10 -1122 1132 
10 -1122 1133 
10 -1122 1134 
10 -1122 1135 
10 -1122 1136 
10 -1122 1137 
10 -1122 1138 
10 -1139 1140 
10 -1139 1141 
10 -1139 1142 
10 -1139 1143 
10 -1139 1144 
10 -1139 1145 
10 -1139 1146 
10 -1139 1147 
10 -1139 1148 
10 -1139 1149 
10 -1139 1150 
10 -1139 1151 
10 -1139 1152 
10 -1139 1153 
10 -1139 1154 
10 -1139 1155 
10 -1156 1157 
10 -1156 1158 
10 -1156 1159 
10 -1156 1160 
10 -1156 1161 
10 -1156 1162 
10 -1156 1163 
10 -1156 1164 
10 -1156 1165 
10 -1156 1166 
10 -1156 1167 
10 -1156 1168 
10 -1156 1169 
10 -1156 1170 
10 -1156 1171 
10 -1156 1172 
10 -1173 1174 
10 -1173 1175 
10 -1173 1176 
10 -1173 1177 
10 -1173 1178 
10 -1173 1179 
10 -1173 1180 
10 -1173 1181 
10 -1173 1182 
10 -1173 1183 
10 -1173 1184 
10 -1173 1185 
10 -1173 1186 
10 -1173 1187 
10 -1173 1188 
10 -1173 1189 
10 -1190 1191 
10 -1190 1192 
10 -1190 1193 
10 -1190 1194 
10 -1190 1195 
10 -1190 1196 
10 -1190 1197 
10 -1190 1198 
10 -1190 1199 
10 -1190 1200 
10 -1201 1202 
10 -1201 1203 
10 -1201 1204 
10 -1201 1205 
10 -1201 1206 
10 -1201 1207 
10 -1201 1208 
10 -1201 1209 
10 -1201 1210 
10 -1201 1211 
10 -1212 1213 
10 -1212 1214 
10 -1212 1215 
10 -1212 1216 
10 -1212 1217 
10 -1212 1218 
10 -1212 1219 
10 -1212 1220 
10 -1212 1221 
10 -1212 1222 
10 -1223 1224 
10 -1223 1225 
10 -1223 1226 
10 -1223 1227 
10 -1223 1228 
10 -1223 1229 
10 -1223 1230 
10 -1223 1231 
10 -1223 1232 
10 -1223 1233 
10 -1234 1235 
10 -1234 1236 
10 -1234 1237 
10 -1234 1238 
10 -1234 1239 
10 -1234 1240 
10 -1234 1241 
10 -1234 1242 
10 -1234 1243 
10 -1234 1244 
10 -1245 1246 
10 -1245 1247 
10 -1245 1248 
10 -1245 1249 
10 -1245 1250 
10 -1245 1251 
10 -1245 1252 
10 -1245 1253 
10 -1245 1254 
10 -1245 1255 
10 -1256 1257 
10 -1256 1258 
10 -1256 1259 
10 -1256 1260 
10 -1256 1261 
10 -1256 1262 
10 -1256 1263 
10 -1256 1264 
10 -1256 1265 
10 -1256 1266 
10 -1267 1268 
10 -1267 1269 
10 -1267 1270 
10 -1267 1271 
10 -1267 1272 
10 -1267 1273 
10 -1267 1274 
10 -1267 1275 
10 -1267 1276 
10 -1267 1277 
10 -1267 1278 
10 -1279 1280 
10 -1279 1281 
10 -1279 1282 
10 -1279 1283 
10 -1279 1284 
10 -1279 1285 
10 -1279 1286 
10 -1279 1287 
10 -1279 1288 
10 -1279 1289 
10 -1279 1290 
10 -1291 1292 
10 -1291 1293 
10 -1291 1294 
10 -1291 1295 
10 -1291 1296 
10 -1291 1297 
10 -1291 1298 
10 -1291 1299 
10 -1291 1300 
10 -1291 1301 
10 -1291 1302 
10 -1303 1304 
10 -1303 1305 
10 -1303 1306 
10 -1303 1307 
10 -1303 1308 
10 -1303 1309 
10 -1303 1310 
10 -1303 1311 
10 -1303 1312 
10 -1303 1313 
10 -1303 1314 
10 -1315 1316 
10 -1315 1317 
10 -1315 1318 
10 -1315 1319 
10 -1315 1320 
10 -1315 1321 
10 -1315 1322 
10 -1315 1323 
10 -1315 1324 
10 -1315 1325 
10 -1315 1326 
10 -1327 1328 
10 -1327 1329 
10 -1327 1330 
10 -1327 1331 
10 -1327 1332 
10 -1327 1333 
10 -1327 1334 
10 -1327 1335 
10 -1327 1336 
10 -1327 1337 
10 -1327 1338 
10 -1339 1340 
10 -1339 1341 
10 -1339 1342 
10 -1339 1343 
10 -1339 1344 
10 -1339 1345 
10 -1339 1346 
10 -1339 1347 
10 -1339 1348 
10 -1339 1349 
10 -1339 1350 
10 -1351 1352 
10 -1351 1353 
10 -1351 1354 
10 -1351 1355 
10 -1351 1356 
10 -1351 1357 
10 -1351 1358 
10 -1351 1359 
10 -1351 1360 
10 -1351 1361 
10 -1351 1362 
10 -1351 1363 
10 -1364 1365 
10 -1364 1366 
10 -1364 1367 
10 -1364 1368 
10 -1364 1369 
10 -1364 1370 
10 -1364 1371 
10 -1364 1372 
10 -1364 1373 
10 -1364 1374 
10 -1364 1375 
10 -1364 1376 
10 -1377 1378 
10 -1377 1379 
10 -1377 1380 
10 -1377 1381 
10 -1377 1382 
10 -1377 1383 
10 -1377 1384 
10 -1377 1385 
10 -1377 1386 
10 -1377 1387 
10 -1377 1388 
10 -1377 1389 
10 -1390 1391 
10 -1390 1392 
10 -1390 1393 
10 -1390 1394 
10 -1390 1395 
10 -1390 1396 
10 -1390 1397 
10 -1390 1398 
10 -1390 1399 
10 -1390 1400 
10 -1390 1401 
10 -1390 1402 
10 -1403 1404 
10 -1403 1405 
10 -1403 1406 
10 -1403 1407 
10 -1403 1408 
10 -1403 1409 
10 -1403 1410 
10 -1403 1411 
10 -1403 1412 
10 -1403 1413 
10 -1403 1414 
10 -1403 1415 
10 -1416 1417 
10 -1416 1418 
10 -1416 1419 
10 -1416 1420 
10 -1416 1421 
10 -1416 1422 
10 -1416 1423 
10 -1416 1424 
10 -1416 1425 
10 -1416 1426 
10 -1416 1427 
10 -1416 1428 
10 -1429 1430 
10 -1429 1431 
10 -1429 1432 
10 -1429 1433 
10 -1429 1434 
10 -1429 1435 
10 -1429 1436 
10 -1429 1437 
10 -1429 1438 
10 -1429 1439 
10 -1429 1440 
10 -1429 1441 
10 -1442 1443 
10 -1442 1444 
10 -1442 1445 
10 -1442 1446 
10 -1442 1447 
10 -1442 1448 
10 -1442 1449 
10 -1442 1450 
10 -1442 1451 
10 -1442 1452 
10 -1442 1453 
10 -1442 1454 
10 -1442 1455 
10 -1456 1457 
10 -1456 1458 
10 -1456 1459 
10 -1456 1460 
10 -1456 1461 
10 -1456 1462 
10 -1456 1463 
10 -1456 1464 
10 -1456 1465 
10 -1456 1466 
10 -1456 1467 
10 -1456 1468 
10 -1456 1469 
10 -1470 1471 
10 -1470 1472 
10 -1470 1473 
10 -1470 1474 
10 -1470 1475 
10 -1470 1476 
10 -1470 1477 
10 -1470 1478 
10 -1470 1479 
10 -1470 1480 
10 -1470 1481 
10 -1470 1482 
10 -1470 1483 
10 -1484 1485 
10 -1484 1486 
10 -1484 1487 
10 -1484 1488 
10 -1484 1489 
10 -1484 1490 
10 -1484 1491 
10 -1484 1492 
10 -1484 1493 
10 -1484 1494 
10 -1484 1495 
10 -1484 1496 
10 -1484 1497 
10 -1498 1499 
10 -1498 1500 
10 -1498 1501 
10 -1498 1502 
10 -1498 1503 
10 -1498 1504 
10 -1498 1505 
10 -1498 1506 
10 -1498 1507 
10 -1498 1508 
10 -1498 1509 
10 -1498 1510 
10 -1498 1511 
10 -1512 1513 
10 -1512 1514 
10 -1512 1515 
10 -1512 1516 
10 -1512 1517 
10 -1512 1518 
10 -1512 1519 
10 -1512 1520 
10 -1512 1521 
10 -1512 1522 
10 -1512 1523 
10 -1512 1524 
10 -1512 1525 
10 -1526 1527 
10 -1526 1528 
10 -1526 1529 
10 -1526 1530 
10 -1526 1531 
10 -1526 1532 
10 -1526 1533 
10 -1526 1534 
10 -1526 1535 
10 -1526 1536 
10 -1526 1537 
10 -1526 1538 
10 -1526 1539 
10 -1540 1541 
10 -1540 1542 
10 -1540 1543 
10 -1540 1544 
10 -1540 1545 
10 -1540 1546 
10 -1540 1547 
10 -1540 1548 
10 -1540 1549 
10 -1540 1550 
10 -1540 1551 
10 -1540 1552 
10 -1540 1553 
10 -1540 1554 
10 -1555 1556 
10 -1555 1557 
10 -1555 1558 
10 -1555 1559 
10 -1555 1560 
10 -1555 1561 
10 -1555 1562 
10 -1555 1563 
10 -1555 1564 
10 -1555 1565 
10 -1555 1566 
10 -1555 1567 
10 -1555 1568 
10 -1555 1569 
10 -1570 1571 
10 -1570 1572 
10 -1570 1573 
10 -1570 1574 
10 -1570 1575 
10 -1570 1576 
10 -1570 1577 
10 -1570 1578 
10 -1570 1579 
10 -1570 1580 
10 -1570 1581 
10 -1570 1582 
10 -1570 1583 
10 -1570 1584 
10 -1585 1586 
10 -1585 1587 
10 -1585 1588 
10 -1585 1589 
10 -1585 1590 
10 -1585 1591 
10 -1585 1592 
10 -1585 1593 
10 -1585 1594 
10 -1585 1595 
10 -1585 1596 
10 -1585 1597 
10 -1585 1598 
10 -1585 1599 
10 -1600 1601 
10 -1600 1602 
10 -1600 1603 
10 -1600 1604 
10 -1600 1605 
10 -1600 1606 
10 -1600 1607 
10 -1600 1608 
10 -1600 1609 
10 -1600 1610 
10 -1600 1611 
10 -1600 1612 
10 -1600 1613 
10 -1600 1614 
10 -1615 1616 
10 -1615 1617 
10 -1615 1618 
10 -1615 1619 
10 -1615 1620 
10 -1615 1621 
10 -1615 1622 
10 -1615 1623 
10 -1615 1624 
10 -1615 1625 
10 -1615 1626 
10 -1615 1627 
10 -1615 1628 
10 -1615 1629 
10 -1630 1631 
10 -1630 1632 
10 -1630 1633 
10 -1630 1634 
10 -1630 1635 
10 -1630 1636 
10 -1630 1637 
10 -1630 1638 
10 -1630 1639 
10 -1630 1640 
10 -1630 1641 
10 -1630 1642 
10 -1630 1643 
10 -1630 1644 
10 -1645 1646 
10 -1645 1647 
10 -1645 1648 
10 -1645 1649 
10 -1645 1650 
10 -1645 1651 
10 -1645 1652 
10 -1645 1653 
10 -1645 1654 
10 -1645 1655 
10 -1645 1656 
10 -1645 1657 
10 -1645 1658 
10 -1645 1659 
10 -1645 1660 
10 -1661 1662 
10 -1661 1663 
10 -1661 1664 
10 -1661 1665 
10 -1661 1666 
10 -1661 1667 
10 -1661 1668 
10 -1661 1669 
10 -1661 1670 
10 -1661 1671 
10 -1661 1672 
10 -1661 1673 
10 -1661 1674 
10 -1661 1675 
10 -1661 1676 
10 -1677 1678 
10 -1677 1679 
10 -1677 1680 
10 -1677 1681 
10 -1677 1682 
10 -1677 1683 
10 -1677 1684 
10 -1677 1685 
10 -1677 1686 
10 -1677 1687 
10 -1677 1688 
10 -1677 1689 
10 -1677 1690 
10 -1677 1691 
10 -1677 1692 
10 -1693 1694 
10 -1693 1695 
10 -1693 1696 
10 -1693 1697 
10 -1693 1698 
10 -1693 1699 
10 -1693 1700 
10 -1693 1701 
10 -1693 1702 
10 -1693 1703 
10 -1693 1704 
10 -1693 1705 
10 -1693 1706 
10 -1693 1707 
10 -1693 1708 
10 -1709 1710 
10 -1709 1711 
10 -1709 1712 
10 -1709 1713 
10 -1709 1714 
10 -1709 1715 
10 -1709 1716 
10 -1709 1717 
10 -1709 1718 
10 -1709 1719 
10 -1709 1720 
10 -1709 1721 
10 -1709 1722 
10 -1709 1723 
10 -1709 1724 
10 -1725 1726 
10 -1725 1727 
10 -1725 1728 
10 -1725 1729 
10 -1725 1730 
10 -1725 1731 
10 -1725 1732 
10 -1725 1733 
10 -1725 1734 
10 -1725 1735 
10 -1725 1736 
10 -1725 1737 
10 -1725 1738 
10 -1725 1739 
10 -1725 1740 
10 -1741 1742 
10 -1741 1743 
10 -1741 1744 
10 -1741 1745 
10 -1741 1746 
10 -1741 1747 
10 -1741 1748 
10 -1741 1749 
10 -1741 1750 
10 -1741 1751 
10 -1741 1752 
10 -1741 1753 
10 -1741 1754 
10 -1741 1755 
10 -1741 1756 
10 -1757 1758 
10 -1757 1759 
10 -1757 1760 
10 -1757 1761 
10 -1757 1762 
10 -1757 1763 
10 -1757 1764 
10 -1757 1765 
10 -1757 1766 
10 -1757 1767 
10 -1768 1769 
10 -1768 1770 
10 -1768 1771 
10 -1768 1772 
10 -1768 1773 
10 -1768 1774 
10 -1768 1775 
10 -1768 1776 
10 -1768 1777 
10 -1768 1778 
10 -1779 1780 
10 -1779 1781 
10 -1779 1782 
10 -1779 1783 
10 -1779 1784 
10 -1779 1785 
10 -1779 1786 
10 -1779 1787 
10 -1779 1788 
10 -1779 1789 
10 -1790 1791 
10 -1790 1792 
10 -1790 1793 
10 -1790 1794 
10 -1790 1795 
10 -1790 1796 
10 -1790 1797 
10 -1790 1798 
10 -1790 1799 
10 -1790 1800 
10 -1801 1802 
10 -1801 1803 
10 -1801 1804 
10 -1801 1805 
10 -1801 1806 
10 -1801 1807 
10 -1801 1808 
10 -1801 1809 
10 -1801 1810 
10 -1801 1811 
10 -1812 1813 
10 -1812 1814 
10 -1812 1815 
10 -1812 1816 
10 -1812 1817 
10 -1812 1818 
10 -1812 1819 
10 -1812 1820 
10 -1812 1821 
10 -1812 1822 
10 -1823 1824 
10 -1823 1825 
10 -1823 1826 
10 -1823 1827 
10 -1823 1828 
10 -1823 1829 
10 -1823 1830 
10 -1823 1831 
10 -1823 1832 
10 -1823 1833 
10 -1823 1834 
10 -1835 1836 
10 -1835 1837 
10 -1835 1838 
10 -1835 1839 
10 -1835 1840 
10 -1835 1841 
10 -1835 1842 
10 -1835 1843 
10 -1835 1844 
10 -1835 1845 
10 -1835 1846 
10 -1847 1848 
10 -1847 1849 
10 -1847 1850 
10 -1847 1851 
10 -1847 1852 
10 -1847 1853 
10 -1847 1854 
10 -1847 1855 
10 -1847 1856 
10 -1847 1857 
10 -1847 1858 
10 -1859 1860 
10 -1859 1861 
10 -1859 1862 
10 -1859 1863 
10 -1859 1864 
10 -1859 1865 
10 -1859 1866 
10 -1859 1867 
10 -1859 1868 
10 -1859 1869 
10 -1859 1870 
10 -1871 1872 
10 -1871 1873 
10 -1871 1874 
10 -1871 1875 
10 -1871 1876 
10 -1871 1877 
10 -1871 1878 
10 -1871 1879 
10 -1871 1880 
10 -1871 1881 
10 -1871 1882 
10 -1883 1884 
10 -1883 1885 
10 -1883 1886 
10 -1883 1887 
10 -1883 1888 
10 -1883 1889 
10 -1883 1890 
10 -1883 1891 
10 -1883 1892 
10 -1883 1893 
10 -1883 1894 
10 -1895 1896 
10 -1895 1897 
10 -1895 1898 
10 -1895 1899 
10 -1895 1900 
10 -1895 1901 
10 -1895 1902 
10 -1895 1903 
10 -1895 1904 
10 -1895 1905 
10 -1895 1906 
10 -1895 1907 
10 -1908 1909 
10 -1908 1910 
10 -1908 1911 
10 -1908 1912 
10 -1908 1913 
10 -1908 1914 
10 -1908 1915 
10 -1908 1916 
10 -1908 1917 
10 -1908 1918 
10 -1908 1919 
10 -1908 1920 
10 -1921 1922 
10 -1921 1923 
10 -1921 1924 
10 -1921 1925 
10 -1921 1926 
10 -1921 1927 
10 -1921 1928 
10 -1921 1929 
10 -1921 1930 
10 -1921 1931 
10 -1921 1932 
10 -1921 1933 
10 -1934 1935 
10 -1934 1936 
10 -1934 1937 
10 -1934 1938 
10 -1934 1939 
10 -1934 1940 
10 -1934 1941 
10 -1934 1942 
10 -1934 1943 
10 -1934 1944 
10 -1934 1945 
10 -1934 1946 
10 -1947 1948 
10 -1947 1949 
10 -1947 1950 
10 -1947 1951 
10 -1947 1952 
10 -1947 1953 
10 -1947 1954 
10 -1947 1955 
10 -1947 1956 
10 -1947 1957 
10 -1947 1958 
10 -1947 1959 
10 -1960 1961 
10 -1960 1962 
10 -1960 1963 
10 -1960 1964 
10 -1960 1965 
10 -1960 1966 
10 -1960 1967 
10 -1960 1968 
10 -1960 1969 
10 -1960 1970 
10 -1960 1971 
10 -1960 1972 
10 -1973 1974 
10 -1973 1975 
10 -1973 1976 
10 -1973 1977 
10 -1973 1978 
10 -1973 1979 
10 -1973 1980 
10 -1973 1981 
10 -1973 1982 
10 -1973 1983 
10 -1973 1984 
10 -1973 1985 
10 -1973 1986 
10 -1987 1988 
10 -1987 1989 
10 -1987 1990 
10 -1987 1991 
10 -1987 1992 
10 -1987 1993 
10 -1987 1994 
10 -1987 1995 
10 -1987 1996 
10 -1987 1997 
10 -1987 1998 
10 -1987 1999 
10 -1987 2000 
10 -2001 2002 
10 -2001 2003 
10 -2001 2004 
10 -2001 2005 
10 -2001 2006 
10 -2001 2007 
10 -2001 2008 
10 -2001 2009 
10 -2001 2010 
10 -2001 2011 
10 -2001 2012 
10 -2001 2013 
10 -2001 2014 
10 -2015 2016 
10 -2015 2017 
10 -2015 2018 
10 -2015 2019 
10 -2015 2020 
10 -2015 2021 
10 -2015 2022 
10 -2015 2023 
10 -2015 2024 
10 -2015 2025 
10 -2015 2026 
10 -2015 2027 
10 -2015 2028 
10 -2029 2030 
10 -2029 2031 
10 -2029 2032 
10 -2029 2033 
10 -2029 2034 
10 -2029 2035 
10 -2029 2036 
10 -2029 2037 
10 -2029 2038 
10 -2029 2039 
10 -2029 2040 
10 -2029 2041 
10 -2029 2042 
10 -2043 2044 
10 -2043 2045 
10 -2043 2046 
10 -2043 2047 
10 -2043 2048 
10 -2043 2049 
10 -2043 2050 
10 -2043 2051 
10 -2043 2052 
10 -2043 2053 
10 -2043 2054 
10 -2043 2055 
10 -2043 2056 
10 -2057 2058 
10 -2057 2059 
10 -2057 2060 
10 -2057 2061 
10 -2057 2062 
10 -2057 2063 
10 -2057 2064 
10 -2057 2065 
10 -2057 2066 
10 -2057 2067 
10 -2057 2068 
10 -2057 2069 
10 -2057 2070 
10 -2057 2071 
10 -2072 2073 
10 -2072 2074 
10 -2072 2075 
10 -2072 2076 
10 -2072 2077 
10 -2072 2078 
10 -2072 2079 
10 -2072 2080 
10 -2072 2081 
10 -2072 2082 
10 -2072 2083 
10 -2072 2084 
10 -2072 2085 
10 -2072 2086 
10 -2087 2088 
10 -2087 2089 
10 -2087 2090 
10 -2087 2091 
10 -2087 2092 
10 -2087 2093 
10 -2087 2094 
10 -2087 2095 
10 -2087 2096 
10 -2087 2097 
10 -2087 2098 
10 -2087 2099 
10 -2087 2100 
10 -2087 2101 
10 -2102 2103 
10 -2102 2104 
10 -2102 2105 
10 -2102 2106 
10 -2102 2107 
10 -2102 2108 
10 -2102 2109 
10 -2102 2110 
10 -2102 2111 
10 -2102 2112 
10 -2102 2113 
10 -2102 2114 
10 -2102 2115 
10 -2102 2116 
10 -2117 2118 
10 -2117 2119 
10 -2117 2120 
10 -2117 2121 
10 -2117 2122 
10 -2117 2123 
10 -2117 2124 
10 -2117 2125 
10 -2117 2126 
10 -2117 2127 
10 -2117 2128 
10 -2117 2129 
10 -2117 2130 
10 -2117 2131 
10 -2132 2133 
10 -2132 2134 
10 -2132 2135 
10 -2132 2136 
10 -2132 2137 
10 -2132 2138 
10 -2132 2139 
10 -2132 2140 
10 -2132 2141 
10 -2132 2142 
10 -2132 2143 
10 -2132 2144 
10 -2132 2145 
10 -2132 2146 
10 -2147 2148 
10 -2147 2149 
10 -2147 2150 
10 -2147 2151 
10 -2147 2152 
10 -2147 2153 
10 -2147 2154 
10 -2147 2155 
10 -2147 2156 
10 -2147 2157 
10 -2158 2159 
10 -2158 2160 
10 -2158 2161 
10 -2158 2162 
10 -2158 2163 
10 -2158 2164 
10 -2158 2165 
10 -2158 2166 
10 -2158 2167 
10 -2158 2168 
10 -2169 2170 
10 -2169 2171 
10 -2169 2172 
10 -2169 2173 
10 -2169 2174 
10 -2169 2175 
10 -2169 2176 
10 -2169 2177 
10 -2169 2178 
10 -2169 2179 
10 -2180 2181 
10 -2180 2182 
10 -2180 2183 
10 -2180 2184 
10 -2180 2185 
10 -2180 2186 
10 -2180 2187 
10 -2180 2188 
10 -2180 2189 
10 -2180 2190 
10 -2191 2192 
10 -2191 2193 
10 -2191 2194 
10 -2191 2195 
10 -2191 2196 
10 -2191 2197 
10 -2191 2198 
10 -2191 2199 
10 -2191 2200 
10 -2191 2201 
10 -2202 2203 
10 -2202 2204 
10 -2202 2205 
10 -2202 2206 
10 -2202 2207 
10 -2202 2208 
10 -2202 2209 
10 -2202 2210 
10 -2202 2211 
10 -2202 2212 
10 -2202 2213 
10 -2214 2215 
10 -2214 2216 
10 -2214 2217 
10 -2214 2218 
10 -2214 2219 
10 -2214 2220 
10 -2214 2221 
10 -2214 2222 
10 -2214 2223 
10 -2214 2224 
10 -2214 2225 
10 -2226 2227 
10 -2226 2228 
10 -2226 2229 
10 -2226 2230 
10 -2226 2231 
10 -2226 2232 
10 -2226 2233 
10 -2226 2234 
10 -2226 2235 
10 -2226 2236 
10 -2226 2237 
10 -2238 2239 
10 -2238 2240 
10 -2238 2241 
10 -2238 2242 
10 -2238 2243 
10 -2238 2244 
10 -2238 2245 
10 -2238 2246 
10 -2238 2247 
10 -2238 2248 
10 -2238 2249 
10 -2250 2251 
10 -2250 2252 
10 -2250 2253 
10 -2250 2254 
10 -2250 2255 
10 -2250 2256 
10 -2250 2257 
10 -2250 2258 
10 -2250 2259 
10 -2250 2260 
10 -2250 2261 
10 -2262 2263 
10 -2262 2264 
10 -2262 2265 
10 -2262 2266 
10 -2262 2267 
10 -2262 2268 
10 -2262 2269 
10 -2262 2270 
10 -2262 2271 
10 -2262 2272 
10 -2262 2273 
10 -2262 2274 
10 -2275 2276 
10 -2275 2277 
10 -2275 2278 
10 -2275 2279 
10 -2275 2280 
10 -2275 2281 
10 -2275 2282 
10 -2275 2283 
10 -2275 2284 
10 -2275 2285 
10 -2275 2286 
10 -2275 2287 
10 -2288 2289 
10 -2288 2290 
10 -2288 2291 
10 -2288 2292 
10 -2288 2293 
10 -2288 2294 
10 -2288 2295 
10 -2288 2296 
10 -2288 2297 
10 -2288 2298 
10 -2288 2299 
10 -2288 2300 
10 -2301 2302 
10 -2301 2303 
10 -2301 2304 
10 -2301 2305 
10 -2301 2306 
10 -2301 2307 
10 -2301 2308 
10 -2301 2309 
10 -2301 2310 
10 -2301 2311 
10 -2301 2312 
10 -2301 2313 
10 -2314 2315 
10 -2314 2316 
10 -2314 2317 
10 -2314 2318 
10 -2314 2319 
10 -2314 2320 
10 -2314 2321 
10 -2314 2322 
10 -2314 2323 
10 -2314 2324 
10 -2314 2325 
10 -2314 2326 
10 -2327 2328 
10 -2327 2329 
10 -2327 2330 
10 -2327 2331 
10 -2327 2332 
10 -2327 2333 
10 -2327 2334 
10 -2327 2335 
10 -2327 2336 
10 -2327 2337 
10 -2327 2338 
10 -2327 2339 
10 -2327 2340 
10 -2341 2342 
10 -2341 2343 
10 -2341 2344 
10 -2341 2345 
10 -2341 2346 
10 -2341 2347 
10 -2341 2348 
10 -2341 2349 
10 -2341 2350 
10 -2341 2351 
10 -2341 2352 
10 -2341 2353 
10 -2341 2354 
10 -2355 2356 
10 -2355 2357 
10 -2355 2358 
10 -2355 2359 
10 -2355 2360 
10 -2355 2361 
10 -2355 2362 
10 -2355 2363 
10 -2355 2364 
10 -2355 2365 
10 -2355 2366 
10 -2355 2367 
10 -2355 2368 
10 -2369 2370 
10 -2369 2371 
10 -2369 2372 
10 -2369 2373 
10 -2369 2374 
10 -2369 2375 
10 -2369 2376 
10 -2369 2377 
10 -2369 2378 
10 -2369 2379 
10 -2369 2380 
10 -2369 2381 
10 -2369 2382 
10 -2383 2384 
10 -2383 2385 
10 -2383 2386 
10 -2383 2387 
10 -2383 2388 
10 -2383 2389 
10 -2383 2390 
10 -2383 2391 
10 -2383 2392 
10 -2383 2393 
10 -2383 2394 
10 -2383 2395 
10 -2383 2396 
10 -2397 2398 
10 -2397 2399 
10 -2397 2400 
10 -2397 2401 
10 -2397 2402 
10 -2397 2403 
10 -2397 2404 
10 -2397 2405 
10 -2397 2406 
10 -2397 2407 
10 -2408 2409 
10 -2408 2410 
10 -2408 2411 
10 -2408 2412 
10 -2408 2413 
10 -2408 2414 
10 -2408 2415 
10 -2408 2416 
10 -2408 2417 
10 -2408 2418 
10 -2419 2420 
10 -2419 2421 
10 -2419 2422 
10 -2419 2423 
10 -2419 2424 
10 -2419 2425 
10 -2419 2426 
10 -2419 2427 
10 -2419 2428 
10 -2419 2429 
10 -2430 2431 
10 -2430 2432 
10 -2430 2433 
10 -2430 2434 
10 -2430 2435 
10 -2430 2436 
10 -2430 2437 
10 -2430 2438 
10 -2430 2439 
10 -2430 2440 
10 -2441 2442 
10 -2441 2443 
10 -2441 2444 
10 -2441 2445 
10 -2441 2446 
10 -2441 2447 
10 -2441 2448 
10 -2441 2449 
10 -2441 2450 
10 -2441 2451 
10 -2441 2452 
10 -2453 2454 
10 -2453 2455 
10 -2453 2456 
10 -2453 2457 
10 -2453 2458 
10 -2453 2459 
10 -2453 2460 
10 -2453 2461 
10 -2453 2462 
10 -2453 2463 
10 -2453 2464 
10 -2465 2466 
10 -2465 2467 
10 -2465 2468 
10 -2465 2469 
10 -2465 2470 
10 -2465 2471 
10 -2465 2472 
10 -2465 2473 
10 -2465 2474 
10 -2465 2475 
10 -2465 2476 
10 -2477 2478 
10 -2477 2479 
10 -2477 2480 
10 -2477 2481 
10 -2477 2482 
10 -2477 2483 
10 -2477 2484 
10 -2477 2485 
10 -2477 2486 
10 -2477 2487 
10 -2477 2488 
10 -2489 2490 
10 -2489 2491 
10 -2489 2492 
10 -2489 2493 
10 -2489 2494 
10 -2489 2495 
10 -2489 2496 
10 -2489 2497 
10 -2489 2498 
10 -2489 2499 
10 -2489 2500 
10 -2489 2501 
10 -2502 2503 
10 -2502 2504 
10 -2502 2505 
10 -2502 2506 
10 -2502 2507 
10 -2502 2508 
10 -2502 2509 
10 -2502 2510 
10 -2502 2511 
10 -2502 2512 
10 -2502 2513 
10 -2502 2514 
10 -2515 2516 
10 -2515 2517 
10 -2515 2518 
10 -2515 2519 
10 -2515 2520 
10 -2515 2521 
10 -2515 2522 
10 -2515 2523 
10 -2515 2524 
10 -2515 2525 
10 -2515 2526 
10 -2515 2527 
10 -2528 2529 
10 -2528 2530 
10 -2528 2531 
10 -2528 2532 
10 -2528 2533 
10 -2528 2534 
10 -2528 2535 
10 -2528 2536 
10 -2528 2537 
10 -2528 2538 
10 -2528 2539 
10 -2528 2540 
10 -2541 2542 
10 -2541 2543 
10 -2541 2544 
10 -2541 2545 
10 -2541 2546 
10 -2541 2547 
10 -2541 2548 
10 -2541 2549 
10 -2541 2550 
10 -2541 2551 
10 -2552 2553 
10 -2552 2554 
10 -2552 2555 
10 -2552 2556 
10 -2552 2557 
10 -2552 2558 
10 -2552 2559 
10 -2552 2560 
10 -2552 2561 
10 -2552 2562 
10 -2563 2564 
10 -2563 2565 
10 -2563 2566 
10 -2563 2567 
10 -2563 2568 
10 -2563 2569 
10 -2563 2570 
10 -2563 2571 
10 -2563 2572 
10 -2563 2573 
10 -2574 2575 
10 -2574 2576 
10 -2574 2577 
10 -2574 2578 
10 -2574 2579 
10 -2574 2580 
10 -2574 2581 
10 -2574 2582 
10 -2574 2583 
10 -2574 2584 
10 -2574 2585 
10 -2586 2587 
10 -2586 2588 
10 -2586 2589 
10 -2586 2590 
10 -2586 2591 
10 -2586 2592 
10 -2586 2593 
10 -2586 2594 
10 -2586 2595 
10 -2586 2596 
10 -2586 2597 
10 -2598 2599 
10 -2598 2600 
10 -2598 2601 
10 -2598 2602 
10 -2598 2603 
10 -2598 2604 
10 -2598 2605 
10 -2598 2606 
10 -2598 2607 
10 -2598 2608 
10 -2598 2609 
10 -2610 2611 
10 -2610 2612 
10 -2610 2613 
10 -2610 2614 
10 -2610 2615 
10 -2610 2616 
10 -2610 2617 
10 -2610 2618 
10 -2610 2619 
10 -2610 2620 
10 -2621 2622 
10 -2621 2623 
10 -2621 2624 
10 -2621 2625 
10 -2621 2626 
10 -2621 2627 
10 -2621 2628 
10 -2621 2629 
10 -2621 2630 
10 -2621 2631 
10 -2632 2633 
10 -2634 2635 
10 -2636 2637 
10 -2638 2639 
10 -2640 2641 
10 -2642 2643 
10 -2644 2645 
10 -2646 2647 
10 -2648 2649 
10 -2650 2651 
10 -2650 2652 
10 -2653 2654 
10 -2653 2655 
10 -2656 2657 
10 -2656 2658 
10 -2659 2660 
10 -2659 2661 
10 -2662 2663 
10 -2662 2664 
10 -2665 2666 
10 -2665 2667 
10 -2668 2669 
10 -2668 2670 
10 -2671 2672 
10 -2671 2673 
10 -2674 2675 
10 -2674 2676 
10 -2677 2678 
10 -2677 2679 
10 -2677 2680 
10 -2681 2682 
10 -2681 2683 
10 -2681 2684 
10 -2685 2686 
10 -2685 2687 
10 -2685 2688 
10 -2689 2690 
10 -2689 2691 
10 -2689 2692 
10 -2693 2694 
10 -2693 2695 
10 -2693 2696 
10 -2697 2698 
10 -2697 2699 
10 -2697 2700 
10 -2701 2702 
10 -2701 2703 
10 -2701 2704 
10 -2705 2706 
10 -2705 2707 
10 -2705 2708 
10 -2709 2710 
10 -2709 2711 
10 -2709 2712 
10 -2713 2714 
10 -2713 2715 
10 -2713 2716 
10 -2713 2717 
10 -2718 2719 
10 -2718 2720 
10 -2718 2721 
10 -2718 2722 
10 -2723 2724 
10 -2723 2725 
10 -2723 2726 
10 -2723 2727 
10 -2728 2729 
10 -2728 2730 
10 -2728 2731 
10 -2728 2732 
10 -2733 2734 
10 -2733 2735 
10 -2733 2736 
10 -2733 2737 
10 -2738 2739 
10 -2738 2740 
10 -2738 2741 
10 -2738 2742 
10 -2743 2744 
10 -2743 2745 
10 -2743 2746 
10 -2743 2747 
10 -2748 2749 
10 -2748 2750 
10 -2748 2751 
10 -2748 2752 
10 -2753 2754 
10 -2753 2755 
10 -2753 2756 
10 -2753 2757 
10 -2758 2759 
10 -2758 2760 
10 -2758 2761 
10 -2758 2762 
10 -2758 2763 
10 -2758 2764 
10 -2758 2765 
10 -2758 2766 
10 -2758 2767 
10 -2758 2768 
10 -2769 2770 
10 -2769 2771 
10 -2769 2772 
10 -2769 2773 
10 -2769 2774 
10 -2769 2775 
10 -2769 2776 
10 -2769 2777 
10 -2769 2778 
10 -2769 2779 
10 -2780 2781 
10 -2780 2782 
10 -2780 2783 
10 -2780 2784 
10 -2780 2785 
10 -2780 2786 
10 -2780 2787 
10 -2780 2788 
10 -2780 2789 
10 -2780 2790 
10 -2791 2792 
10 -2791 2793 
10 -2791 2794 
10 -2791 2795 
10 -2791 2796 
10 -2791 2797 
10 -2791 2798 
10 -2791 2799 
10 -2791 2800 
10 -2791 2801 
10 -2802 2803 
10 -2802 2804 
10 -2802 2805 
10 -2802 2806 
10 -2802 2807 
10 -2802 2808 
10 -2802 2809 
10 -2802 2810 
10 -2802 2811 
10 -2802 2812 
10 -2813 2814 
10 -2813 2815 
10 -2813 2816 
10 -2813 2817 
10 -2813 2818 
10 -2813 2819 
10 -2813 2820 
10 -2813 2821 
10 -2813 2822 
10 -2813 2823 
10 -2824 2825 
10 -2824 2826 
10 -2824 2827 
10 -2824 2828 
10 -2824 2829 
10 -2824 2830 
10 -2824 2831 
10 -2824 2832 
10 -2824 2833 
10 -2824 2834 
10 -2835 2836 
10 -2835 2837 
10 -2835 2838 
10 -2835 2839 
10 -2835 2840 
10 -2835 2841 
10 -2835 2842 
10 -2835 2843 
10 -2835 2844 
10 -2835 2845 
10 -2846 2847 
10 -2846 2848 
10 -2846 2849 
10 -2846 2850 
10 -2846 2851 
10 -2846 2852 
10 -2846 2853 
10 -2846 2854 
10 -2846 2855 
10 -2846 2856 
10 -2846 2857 
10 -2858 2859 
10 -2858 2860 
10 -2858 2861 
10 -2858 2862 
10 -2858 2863 
10 -2858 2864 
10 -2858 2865 
10 -2858 2866 
10 -2858 2867 
10 -2858 2868 
10 -2858 2869 
10 -2870 2871 
10 -2870 2872 
10 -2870 2873 
10 -2870 2874 
10 -2870 2875 
10 -2870 2876 
10 -2870 2877 
10 -2870 2878 
10 -2870 2879 
10 -2870 2880 
10 -2870 2881 
10 -2882 2883 
10 -2882 2884 
10 -2882 2885 
10 -2882 2886 
10 -2882 2887 
10 -2882 2888 
10 -2882 2889 
10 -2882 2890 
10 -2882 2891 
10 -2882 2892 
10 -2882 2893 
10 -2894 2895 
10 -2894 2896 
10 -2894 2897 
10 -2894 2898 
10 -2894 2899 
10 -2894 2900 
10 -2894 2901 
10 -2894 2902 
10 -2894 2903 
10 -2894 2904 
10 -2894 2905 
10 -2906 2907 
10 -2906 2908 
10 -2906 2909 
10 -2906 2910 
10 -2906 2911 
10 -2906 2912 
10 -2906 2913 
10 -2906 2914 
10 -2906 2915 
10 -2906 2916 
10 -2906 2917 
10 -2918 2919 
10 -2918 2920 
10 -2918 2921 
10 -2918 2922 
10 -2918 2923 
10 -2918 2924 
10 -2918 2925 
10 -2918 2926 
10 -2918 2927 
10 -2918 2928 
10 -2918 2929 
10 -2930 2931 
10 -2930 2932 
10 -2930 2933 
10 -2930 2934 
10 -2930 2935 
10 -2930 2936 
10 -2930 2937 
10 -2930 2938 
10 -2930 2939 
10 -2930 2940 
10 -2930 2941 
10 -2942 2943 
10 -2942 2944 
10 -2942 2945 
10 -2942 2946 
10 -2942 2947 
10 -2942 2948 
10 -2942 2949 
10 -2942 2950 
10 -2942 2951 
10 -2942 2952 
10 -2942 2953 
10 -2942 2954 
10 -2955 2956 
10 -2955 2957 
10 -2955 2958 
10 -2955 2959 
10 -2955 2960 
10 -2955 2961 
10 -2955 2962 
10 -2955 2963 
10 -2955 2964 
10 -2955 2965 
10 -2955 2966 
10 -2955 2967 
10 -2968 2969 
10 -2968 2970 
10 -2968 2971 
10 -2968 2972 
10 -2968 2973 
10 -2968 2974 
10 -2968 2975 
10 -2968 2976 
10 -2968 2977 
10 -2968 2978 
10 -2968 2979 
10 -2968 2980 
10 -2981 2982 
10 -2981 2983 
10 -2981 2984 
10 -2981 2985 
10 -2981 2986 
10 -2981 2987 
10 -2981 2988 
10 -2981 2989 
10 -2981 2990 
10 -2981 2991 
10 -2981 2992 
10 -2981 2993 
10 -2994 2995 
10 -2994 2996 
10 -2994 2997 
10 -2994 2998 
10 -2994 2999 
10 -2994 3000 
10 -2994 3001 
10 -2994 3002 
10 -2994 3003 
10 -2994 3004 
10 -2994 3005 
10 -2994 3006 
10 -3007 3008 
10 -3007 3009 
10 -3007 3010 
10 -3007 3011 
10 -3007 3012 
10 -3007 3013 
10 -3007 3014 
10 -3007 3015 
10 -3007 3016 
10 -3007 3017 
10 -3007 3018 
10 -3007 3019 
10 -3020 3021 
10 -3020 3022 
10 -3020 3023 
10 -3020 3024 
10 -3020 3025 
10 -3020 3026 
10 -3020 3027 
10 -3020 3028 
10 -3020 3029 
10 -3020 3030 
10 -3020 3031 
10 -3020 3032 
10 -3033 3034 
10 -3033 3035 
10 -3033 3036 
10 -3033 3037 
10 -3033 3038 
10 -3033 3039 
10 -3033 3040 
10 -3033 3041 
10 -3033 3042 
10 -3033 3043 
10 -3033 3044 
10 -3033 3045 
10 -3046 3047 
10 -3046 3048 
10 -3046 3049 
10 -3046 3050 
10 -3046 3051 
10 -3046 3052 
10 -3046 3053 
10 -3046 3054 
10 -3046 3055 
10 -3046 3056 
10 -3057 3058 
10 -3057 3059 
10 -3057 3060 
10 -3057 3061 
10 -3057 3062 
10 -3057 3063 
10 -3057 3064 
10 -3057 3065 
10 -3057 3066 
10 -3057 3067 
10 -3068 3069 
10 -3068 3070 
10 -3068 3071 
10 -3068 3072 
10 -3068 3073 
10 -3068 3074 
10 -3068 3075 
10 -3068 3076 
10 -3068 3077 
10 -3068 3078 
10 -3079 3080 
10 -3079 3081 
10 -3079 3082 
10 -3079 3083 
10 -3079 3084 
10 -3079 3085 
10 -3079 3086 
10 -3079 3087 
10 -3079 3088 
10 -3079 3089 
10 -3090 3091 
10 -3090 3092 
10 -3090 3093 
10 -3090 3094 
10 -3090 3095 
10 -3090 3096 
10 -3090 3097 
10 -3090 3098 
10 -3090 3099 
10 -3090 3100 
10 -3101 3102 
10 -3101 3103 
10 -3101 3104 
10 -3101 3105 
10 -3101 3106 
10 -3101 3107 
10 -3101 3108 
10 -3101 3109 
10 -3101 3110 
10 -3101 3111 
10 -3112 3113 
10 -3112 3114 
10 -3112 3115 
10 -3112 3116 
10 -3112 3117 
10 -3112 3118 
10 -3112 3119 
10 -3112 3120 
10 -3112 3121 
10 -3112 3122 
10 -3123 3124 
10 -3123 3125 
10 -3123 3126 
10 -3123 3127 
10 -3123 3128 
10 -3123 3129 
10 -3123 3130 
10 -3123 3131 
10 -3123 3132 
10 -3123 3133 
10 -3123 3134 
10 -3135 3136 
10 -3135 3137 
10 -3135 3138 
10 -3135 3139 
10 -3135 3140 
10 -3135 3141 
10 -3135 3142 
10 -3135 3143 
10 -3135 3144 
10 -3135 3145 
10 -3135 3146 
10 -3147 3148 
10 -3147 3149 
10 -3147 3150 
10 -3147 3151 
10 -3147 3152 
10 -3147 3153 
10 -3147 3154 
10 -3147 3155 
10 -3147 3156 
10 -3147 3157 
10 -3147 3158 
10 -3159 3160 
10 -3159 3161 
10 -3159 3162 
10 -3159 3163 
10 -3159 3164 
10 -3159 3165 
10 -3159 3166 
10 -3159 3167 
10 -3159 3168 
10 -3159 3169 
10 -3159 3170 
10 -3171 3172 
10 -3171 3173 
10 -3171 3174 
10 -3171 3175 
10 -3171 3176 
10 -3171 3177 
10 -3171 3178 
10 -3171 3179 
10 -3171 3180 
10 -3171 3181 
10 -3171 3182 
10 -3183 3184 
10 -3183 3185 
10 -3183 3186 
10 -3183 3187 
10 -3183 3188 
10 -3183 3189 
10 -3183 3190 
10 -3183 3191 
10 -3183 3192 
10 -3183 3193 
10 -3183 3194 
10 -3195 3196 
10 -3195 3197 
10 -3195 3198 
10 -3195 3199 
10 -3195 3200 
10 -3195 3201 
10 -3195 3202 
10 -3195 3203 
10 -3195 3204 
10 -3195 3205 
10 -3195 3206 
10 -3207 3208 
10 -3207 3209 
10 -3207 3210 
10 -3207 3211 
10 -3207 3212 
10 -3207 3213 
10 -3207 3214 
10 -3207 3215 
10 -3207 3216 
10 -3207 3217 
10 -3218 3219 
10 -3218 3220 
10 -3218 3221 
10 -3218 3222 
10 -3218 3223 
10 -3218 3224 
10 -3218 3225 
10 -3218 3226 
10 -3218 3227 
10 -3218 3228 
10 -3229 3230 
10 -3229 3231 
10 -3229 3232 
10 -3229 3233 
10 -3229 3234 
10 -3229 3235 
10 -3229 3236 
10 -3229 3237 
10 -3229 3238 
10 -3229 3239 
10 -3240 3241 
10 -3240 3242 
10 -3240 3243 
10 -3240 3244 
10 -3240 3245 
10 -3240 3246 
10 -3240 3247 
10 -3240 3248 
10 -3240 3249 
10 -3240 3250 
10 -3251 3252 
10 -3251 3253 
10 -3251 3254 
10 -3251 3255 
10 -3251 3256 
10 -3251 3257 
10 -3251 3258 
10 -3251 3259 
10 -3251 3260 
10 -3251 3261 
10 -3262 3263 
10 -3262 3264 
10 -3262 3265 
10 -3262 3266 
10 -3262 3267 
10 -3262 3268 
10 -3262 3269 
10 -3262 3270 
10 -3262 3271 
10 -3262 3272 
