p wcnf 3294 3291 5
5 -19 1 
5 -21 1 
5 -23 1 
5 -25 1 
5 -27 1 
5 -29 1 
5 -31 1 
5 -33 1 
5 -35 1 
5 -37 1 
5 -40 1 
5 -43 1 
5 -46 1 
5 -49 1 
5 -52 1 
5 -55 1 
5 -58 1 
5 -61 1 
5 -64 1 
5 -68 1 
5 -72 1 
5 -76 1 
5 -80 1 
5 -84 1 
5 -88 1 
5 -92 1 
5 -96 1 
5 -100 1 
5 -105 1 
5 -110 1 
5 -115 1 
5 -120 1 
5 -125 1 
5 -130 1 
5 -135 1 
5 -140 1 
5 -145 1 
5 -151 1 
5 -157 1 
5 -163 1 
5 -169 1 
5 -175 1 
5 -181 1 
5 -187 1 
5 -193 1 
5 -199 1 
5 -206 1 
5 -213 1 
5 -220 1 
5 -227 1 
5 -234 1 
5 -241 1 
5 -248 1 
5 -255 1 
5 -262 1 
5 -270 1 
5 -278 1 
5 -286 1 
5 -294 1 
5 -302 1 
5 -310 1 
5 -318 1 
5 -326 1 
5 -334 1 
5 -343 1 
5 -352 1 
5 -361 1 
5 -370 1 
5 -379 1 
5 -388 1 
5 -397 1 
5 -406 1 
5 -415 19 
5 -426 19 
5 -437 19 
5 -448 19 
5 -459 19 
5 -470 19 
5 -481 19 
5 -492 19 
5 -503 19 
5 -515 19 
5 -527 19 
5 -539 19 
5 -551 19 
5 -563 19 
5 -575 19 
5 -587 19 
5 -599 19 
5 -612 19 
5 -625 19 
5 -638 19 
5 -651 19 
5 -664 19 
5 -677 19 
5 -690 19 
5 -703 19 
5 -717 19 
5 -731 19 
5 -745 19 
5 -759 19 
5 -773 19 
5 -787 19 
5 -801 19 
5 -815 19 
5 -830 19 
5 -845 19 
5 -860 19 
5 -875 19 
5 -890 19 
5 -905 19 
5 -920 19 
5 -935 19 
5 -951 19 
5 -967 19 
5 -983 19 
5 -999 19 
5 -1015 19 
5 -1031 19 
5 -1047 19 
5 -1063 19 
5 -1080 19 
5 -1097 19 
5 -1114 19 
5 -1131 19 
5 -1148 19 
5 -1165 19 
5 -1182 19 
5 -1199 37 415 426 437 448 459 470 481 492 
5 -1210 37 415 426 437 448 459 470 481 492 
5 -1221 37 415 426 437 448 459 470 481 492 
5 -1232 37 415 426 437 448 459 470 481 492 
5 -1243 37 415 426 437 448 459 470 481 492 
5 -1254 37 415 426 437 448 459 470 481 492 
5 -1265 37 415 426 437 448 459 470 481 492 
5 -1276 37 415 426 437 448 459 470 481 492 
5 -1288 37 415 426 437 448 459 470 481 492 
5 -1300 37 415 426 437 448 459 470 481 492 
5 -1312 37 415 426 437 448 459 470 481 492 
5 -1324 37 415 426 437 448 459 470 481 492 
5 -1336 37 415 426 437 448 459 470 481 492 
5 -1348 37 415 426 437 448 459 470 481 492 
5 -1360 37 415 426 437 448 459 470 481 492 
5 -1373 37 415 426 437 448 459 470 481 492 
5 -1386 37 415 426 437 448 459 470 481 492 
5 -1399 37 415 426 437 448 459 470 481 492 
5 -1412 37 415 426 437 448 459 470 481 492 
5 -1425 37 415 426 437 448 459 470 481 492 
5 -1438 37 415 426 437 448 459 470 481 492 
5 -1451 37 415 426 437 448 459 470 481 492 
5 -1465 37 415 426 437 448 459 470 481 492 
5 -1479 37 415 426 437 448 459 470 481 492 
5 -1493 37 415 426 437 448 459 470 481 492 
5 -1507 37 415 426 437 448 459 470 481 492 
5 -1521 37 415 426 437 448 459 470 481 492 
5 -1535 37 415 426 437 448 459 470 481 492 
5 -1549 37 415 426 437 448 459 470 481 492 
5 -1564 37 415 426 437 448 459 470 481 492 
5 -1579 37 415 426 437 448 459 470 481 492 
5 -1594 37 415 426 437 448 459 470 481 492 
5 -1609 37 415 426 437 448 459 470 481 492 
5 -1624 37 415 426 437 448 459 470 481 492 
5 -1639 37 415 426 437 448 459 470 481 492 
5 -1654 37 415 426 437 448 459 470 481 492 
5 -1670 37 415 426 437 448 459 470 481 492 
5 -1686 37 415 426 437 448 459 470 481 492 
5 -1702 37 415 426 437 448 459 470 481 492 
5 -1718 37 415 426 437 448 459 470 481 492 
5 -1734 37 415 426 437 448 459 470 481 492 
5 -1750 37 415 426 437 448 459 470 481 492 
5 -1766 64 503 515 527 539 551 563 575 587 1199 1210 1221 1232 1243 1254 1265 
5 -1777 64 503 515 527 539 551 563 575 587 1199 1210 1221 1232 1243 1254 1265 
5 -1788 64 503 515 527 539 551 563 575 587 1199 1210 1221 1232 1243 1254 1265 
5 -1799 64 503 515 527 539 551 563 575 587 1199 1210 1221 1232 1243 1254 1265 
5 -1810 64 503 515 527 539 551 563 575 587 1199 1210 1221 1232 1243 1254 1265 
5 -1821 64 503 515 527 539 551 563 575 587 1199 1210 1221 1232 1243 1254 1265 
5 -1832 64 503 515 527 539 551 563 575 587 1199 1210 1221 1232 1243 1254 1265 
5 -1844 64 503 515 527 539 551 563 575 587 1199 1210 1221 1232 1243 1254 1265 
5 -1856 64 503 515 527 539 551 563 575 587 1199 1210 1221 1232 1243 1254 1265 
5 -1868 64 503 515 527 539 551 563 575 587 1199 1210 1221 1232 1243 1254 1265 
5 -1880 64 503 515 527 539 551 563 575 587 1199 1210 1221 1232 1243 1254 1265 
5 -1892 64 503 515 527 539 551 563 575 587 1199 1210 1221 1232 1243 1254 1265 
5 -1904 64 503 515 527 539 551 563 575 587 1199 1210 1221 1232 1243 1254 1265 
5 -1917 64 503 515 527 539 551 563 575 587 1199 1210 1221 1232 1243 1254 1265 
5 -1930 64 503 515 527 539 551 563 575 587 1199 1210 1221 1232 1243 1254 1265 
5 -1943 64 503 515 527 539 551 563 575 587 1199 1210 1221 1232 1243 1254 1265 
5 -1956 64 503 515 527 539 551 563 575 587 1199 1210 1221 1232 1243 1254 1265 
5 -1969 64 503 515 527 539 551 563 575 587 1199 1210 1221 1232 1243 1254 1265 
5 -1982 64 503 515 527 539 551 563 575 587 1199 1210 1221 1232 1243 1254 1265 
5 -1996 64 503 515 527 539 551 563 575 587 1199 1210 1221 1232 1243 1254 1265 
5 -2010 64 503 515 527 539 551 563 575 587 1199 1210 1221 1232 1243 1254 1265 
5 -2024 64 503 515 527 539 551 563 575 587 1199 1210 1221 1232 1243 1254 1265 
5 -2038 64 503 515 527 539 551 563 575 587 1199 1210 1221 1232 1243 1254 1265 
5 -2052 64 503 515 527 539 551 563 575 587 1199 1210 1221 1232 1243 1254 1265 
5 -2066 64 503 515 527 539 551 563 575 587 1199 1210 1221 1232 1243 1254 1265 
5 -2081 64 503 515 527 539 551 563 575 587 1199 1210 1221 1232 1243 1254 1265 
5 -2096 64 503 515 527 539 551 563 575 587 1199 1210 1221 1232 1243 1254 1265 
5 -2111 64 503 515 527 539 551 563 575 587 1199 1210 1221 1232 1243 1254 1265 
5 -2126 64 503 515 527 539 551 563 575 587 1199 1210 1221 1232 1243 1254 1265 
5 -2141 64 503 515 527 539 551 563 575 587 1199 1210 1221 1232 1243 1254 1265 
5 -2156 100 599 612 625 638 651 664 677 690 1276 1288 1300 1312 1324 1336 1348 1766 1777 1788 1799 1810 1821 
5 -2167 100 599 612 625 638 651 664 677 690 1276 1288 1300 1312 1324 1336 1348 1766 1777 1788 1799 1810 1821 
5 -2178 100 599 612 625 638 651 664 677 690 1276 1288 1300 1312 1324 1336 1348 1766 1777 1788 1799 1810 1821 
5 -2189 100 599 612 625 638 651 664 677 690 1276 1288 1300 1312 1324 1336 1348 1766 1777 1788 1799 1810 1821 
5 -2200 100 599 612 625 638 651 664 677 690 1276 1288 1300 1312 1324 1336 1348 1766 1777 1788 1799 1810 1821 
5 -2211 100 599 612 625 638 651 664 677 690 1276 1288 1300 1312 1324 1336 1348 1766 1777 1788 1799 1810 1821 
5 -2223 100 599 612 625 638 651 664 677 690 1276 1288 1300 1312 1324 1336 1348 1766 1777 1788 1799 1810 1821 
5 -2235 100 599 612 625 638 651 664 677 690 1276 1288 1300 1312 1324 1336 1348 1766 1777 1788 1799 1810 1821 
5 -2247 100 599 612 625 638 651 664 677 690 1276 1288 1300 1312 1324 1336 1348 1766 1777 1788 1799 1810 1821 
5 -2259 100 599 612 625 638 651 664 677 690 1276 1288 1300 1312 1324 1336 1348 1766 1777 1788 1799 1810 1821 
5 -2271 100 599 612 625 638 651 664 677 690 1276 1288 1300 1312 1324 1336 1348 1766 1777 1788 1799 1810 1821 
5 -2284 100 599 612 625 638 651 664 677 690 1276 1288 1300 1312 1324 1336 1348 1766 1777 1788 1799 1810 1821 
5 -2297 100 599 612 625 638 651 664 677 690 1276 1288 1300 1312 1324 1336 1348 1766 1777 1788 1799 1810 1821 
5 -2310 100 599 612 625 638 651 664 677 690 1276 1288 1300 1312 1324 1336 1348 1766 1777 1788 1799 1810 1821 
5 -2323 100 599 612 625 638 651 664 677 690 1276 1288 1300 1312 1324 1336 1348 1766 1777 1788 1799 1810 1821 
5 -2336 100 599 612 625 638 651 664 677 690 1276 1288 1300 1312 1324 1336 1348 1766 1777 1788 1799 1810 1821 
5 -2350 100 599 612 625 638 651 664 677 690 1276 1288 1300 1312 1324 1336 1348 1766 1777 1788 1799 1810 1821 
5 -2364 100 599 612 625 638 651 664 677 690 1276 1288 1300 1312 1324 1336 1348 1766 1777 1788 1799 1810 1821 
5 -2378 100 599 612 625 638 651 664 677 690 1276 1288 1300 1312 1324 1336 1348 1766 1777 1788 1799 1810 1821 
5 -2392 100 599 612 625 638 651 664 677 690 1276 1288 1300 1312 1324 1336 1348 1766 1777 1788 1799 1810 1821 
5 -2406 145 703 717 731 745 759 773 787 801 1360 1373 1386 1399 1412 1425 1438 1832 1844 1856 1868 1880 1892 2156 2167 2178 2189 2200 
5 -2417 145 703 717 731 745 759 773 787 801 1360 1373 1386 1399 1412 1425 1438 1832 1844 1856 1868 1880 1892 2156 2167 2178 2189 2200 
5 -2428 145 703 717 731 745 759 773 787 801 1360 1373 1386 1399 1412 1425 1438 1832 1844 1856 1868 1880 1892 2156 2167 2178 2189 2200 
5 -2439 145 703 717 731 745 759 773 787 801 1360 1373 1386 1399 1412 1425 1438 1832 1844 1856 1868 1880 1892 2156 2167 2178 2189 2200 
5 -2450 145 703 717 731 745 759 773 787 801 1360 1373 1386 1399 1412 1425 1438 1832 1844 1856 1868 1880 1892 2156 2167 2178 2189 2200 
5 -2462 145 703 717 731 745 759 773 787 801 1360 1373 1386 1399 1412 1425 1438 1832 1844 1856 1868 1880 1892 2156 2167 2178 2189 2200 
5 -2474 145 703 717 731 745 759 773 787 801 1360 1373 1386 1399 1412 1425 1438 1832 1844 1856 1868 1880 1892 2156 2167 2178 2189 2200 
5 -2486 145 703 717 731 745 759 773 787 801 1360 1373 1386 1399 1412 1425 1438 1832 1844 1856 1868 1880 1892 2156 2167 2178 2189 2200 
5 -2498 145 703 717 731 745 759 773 787 801 1360 1373 1386 1399 1412 1425 1438 1832 1844 1856 1868 1880 1892 2156 2167 2178 2189 2200 
5 -2511 145 703 717 731 745 759 773 787 801 1360 1373 1386 1399 1412 1425 1438 1832 1844 1856 1868 1880 1892 2156 2167 2178 2189 2200 
5 -2524 145 703 717 731 745 759 773 787 801 1360 1373 1386 1399 1412 1425 1438 1832 1844 1856 1868 1880 1892 2156 2167 2178 2189 2200 
5 -2537 145 703 717 731 745 759 773 787 801 1360 1373 1386 1399 1412 1425 1438 1832 1844 1856 1868 1880 1892 2156 2167 2178 2189 2200 
5 -2550 199 815 830 845 860 875 890 905 920 1451 1465 1479 1493 1507 1521 1535 1904 1917 1930 1943 1956 1969 2211 2223 2235 2247 2259 2406 2417 2428 2439 
5 -2561 199 815 830 845 860 875 890 905 920 1451 1465 1479 1493 1507 1521 1535 1904 1917 1930 1943 1956 1969 2211 2223 2235 2247 2259 2406 2417 2428 2439 
5 -2572 199 815 830 845 860 875 890 905 920 1451 1465 1479 1493 1507 1521 1535 1904 1917 1930 1943 1956 1969 2211 2223 2235 2247 2259 2406 2417 2428 2439 
5 -2583 199 815 830 845 860 875 890 905 920 1451 1465 1479 1493 1507 1521 1535 1904 1917 1930 1943 1956 1969 2211 2223 2235 2247 2259 2406 2417 2428 2439 
5 -2595 199 815 830 845 860 875 890 905 920 1451 1465 1479 1493 1507 1521 1535 1904 1917 1930 1943 1956 1969 2211 2223 2235 2247 2259 2406 2417 2428 2439 
5 -2607 199 815 830 845 860 875 890 905 920 1451 1465 1479 1493 1507 1521 1535 1904 1917 1930 1943 1956 1969 2211 2223 2235 2247 2259 2406 2417 2428 2439 
5 -2619 262 935 951 967 983 999 1015 1031 1047 1549 1564 1579 1594 1609 1624 1639 1982 1996 2010 2024 2038 2052 2271 2284 2297 2310 2323 2450 2462 2474 2486 2550 2561 2572 
5 -2630 262 935 951 967 983 999 1015 1031 1047 1549 1564 1579 1594 1609 1624 1639 1982 1996 2010 2024 2038 2052 2271 2284 2297 2310 2323 2450 2462 2474 2486 2550 2561 2572 
5 -2641 1 
5 -2643 1 
5 -2645 1 
5 -2647 1 
5 -2649 1 
5 -2651 1 
5 -2653 1 
5 -2655 1 
5 -2657 1 
5 -2659 1 
5 -2662 1 
5 -2665 1 
5 -2668 1 
5 -2671 1 
5 -2674 1 
5 -2677 1 
5 -2680 1 
5 -2683 1 
5 -2686 1 
5 -2690 1 
5 -2694 1 
5 -2698 1 
5 -2702 1 
5 -2706 1 
5 -2710 1 
5 -2714 1 
5 -2718 1 
5 -2722 1 
5 -2727 1 
5 -2732 1 
5 -2737 1 
5 -2742 1 
5 -2747 1 
5 -2752 1 
5 -2757 1 
5 -2762 1 
5 -2767 2641 
5 -2778 2641 
5 -2789 2641 
5 -2800 2641 
5 -2811 2641 
5 -2822 2641 
5 -2833 2641 
5 -2844 2641 
5 -2855 2641 
5 -2867 2641 
5 -2879 2641 
5 -2891 2641 
5 -2903 2641 
5 -2915 2641 
5 -2927 2641 
5 -2939 2641 
5 -2951 2641 
5 -2964 2641 
5 -2977 2641 
5 -2990 2641 
5 -3003 2641 
5 -3016 2641 
5 -3029 2641 
5 -3042 2641 
5 -3055 2659 2767 2778 2789 2800 2811 2822 2833 2844 
5 -3066 2659 2767 2778 2789 2800 2811 2822 2833 2844 
5 -3077 2659 2767 2778 2789 2800 2811 2822 2833 2844 
5 -3088 2659 2767 2778 2789 2800 2811 2822 2833 2844 
5 -3099 2659 2767 2778 2789 2800 2811 2822 2833 2844 
5 -3110 2659 2767 2778 2789 2800 2811 2822 2833 2844 
5 -3121 2659 2767 2778 2789 2800 2811 2822 2833 2844 
5 -3132 2659 2767 2778 2789 2800 2811 2822 2833 2844 
5 -3144 2659 2767 2778 2789 2800 2811 2822 2833 2844 
5 -3156 2659 2767 2778 2789 2800 2811 2822 2833 2844 
5 -3168 2659 2767 2778 2789 2800 2811 2822 2833 2844 
5 -3180 2659 2767 2778 2789 2800 2811 2822 2833 2844 
5 -3192 2659 2767 2778 2789 2800 2811 2822 2833 2844 
5 -3204 2659 2767 2778 2789 2800 2811 2822 2833 2844 
5 -3216 2686 2855 2867 2879 2891 2903 2915 2927 2939 3055 3066 3077 3088 3099 3110 3121 
5 -3227 2686 2855 2867 2879 2891 2903 2915 2927 2939 3055 3066 3077 3088 3099 3110 3121 
5 -3238 2686 2855 2867 2879 2891 2903 2915 2927 2939 3055 3066 3077 3088 3099 3110 3121 
5 -3249 2686 2855 2867 2879 2891 2903 2915 2927 2939 3055 3066 3077 3088 3099 3110 3121 
5 -3260 2686 2855 2867 2879 2891 2903 2915 2927 2939 3055 3066 3077 3088 3099 3110 3121 
5 -3271 2686 2855 2867 2879 2891 2903 2915 2927 2939 3055 3066 3077 3088 3099 3110 3121 
5 -3282 334 343 352 361 370 379 388 397 406 1063 1080 1097 1114 1131 1148 1165 1182 1654 1670 1686 1702 1718 1734 1750 2066 2081 2096 2111 2126 2141 2336 2350 2364 2378 2392 2498 2511 2524 2537 2583 2595 2607 2619 2630 2722 2951 2964 2977 2990 3003 3016 3029 3042 3132 3144 3156 3168 3180 3192 3204 3216 3227 3238 3249 3260 3271 
5 -3284 334 343 352 361 370 379 388 397 406 1063 1080 1097 1114 1131 1148 1165 1182 1654 1670 1686 1702 1718 1734 1750 2066 2081 2096 2111 2126 2141 2336 2350 2364 2378 2392 2498 2511 2524 2537 2583 2595 2607 2619 2630 2722 2951 2964 2977 2990 3003 3016 3029 3042 3132 3144 3156 3168 3180 3192 3204 3216 3227 3238 3249 3260 3271 
5 -3286 334 343 352 361 370 379 388 397 406 1063 1080 1097 1114 1131 1148 1165 1182 1654 1670 1686 1702 1718 1734 1750 2066 2081 2096 2111 2126 2141 2336 2350 2364 2378 2392 2498 2511 2524 2537 2583 2595 2607 2619 2630 2722 2951 2964 2977 2990 3003 3016 3029 3042 3132 3144 3156 3168 3180 3192 3204 3216 3227 3238 3249 3260 3271 
5 -3288 334 343 352 361 370 379 388 397 406 1063 1080 1097 1114 1131 1148 1165 1182 1654 1670 1686 1702 1718 1734 1750 2066 2081 2096 2111 2126 2141 2336 2350 2364 2378 2392 2498 2511 2524 2537 2583 2595 2607 2619 2630 2722 2951 2964 2977 2990 3003 3016 3029 3042 3132 3144 3156 3168 3180 3192 3204 3216 3227 3238 3249 3260 3271 
5 -3290 334 343 352 361 370 379 388 397 406 1063 1080 1097 1114 1131 1148 1165 1182 1654 1670 1686 1702 1718 1734 1750 2066 2081 2096 2111 2126 2141 2336 2350 2364 2378 2392 2498 2511 2524 2537 2583 2595 2607 2619 2630 2722 2951 2964 2977 2990 3003 3016 3029 3042 3132 3144 3156 3168 3180 3192 3204 3216 3227 3238 3249 3260 3271 
5 19 21 23 25 27 29 31 33 35 37 40 43 46 49 52 55 58 61 64 68 72 76 80 84 88 92 96 100 105 110 115 120 125 130 135 140 145 151 157 163 169 175 181 187 193 199 206 213 220 227 234 241 248 255 262 270 278 286 294 302 310 318 326 334 343 352 361 370 379 388 397 406 
5 19 21 23 25 27 29 31 33 35 37 40 43 46 49 52 55 58 61 64 68 72 76 80 84 88 92 96 100 105 110 115 120 125 130 135 140 145 151 157 163 169 175 181 187 193 199 206 213 220 227 234 241 248 255 262 270 278 286 294 302 310 318 326 334 343 352 361 370 379 388 397 406 415 426 437 448 459 470 481 492 503 515 527 539 551 563 575 587 599 612 625 638 651 664 677 690 703 717 731 745 759 773 787 801 815 830 845 860 875 890 905 920 935 951 967 983 999 1015 1031 1047 1063 1080 1097 1114 1131 1148 1165 1182 
5 37 40 43 46 49 52 55 58 61 64 68 72 76 80 84 88 92 96 100 105 110 115 120 125 130 135 140 145 151 157 163 169 175 181 187 193 199 206 213 220 227 234 241 248 255 262 270 278 286 294 302 310 318 326 334 343 352 361 370 379 388 397 406 415 426 437 448 459 470 481 492 503 515 527 539 551 563 575 587 599 612 625 638 651 664 677 690 703 717 731 745 759 773 787 801 815 830 845 860 875 890 905 920 935 951 967 983 999 1015 1031 1047 1063 1080 1097 1114 1131 1148 1165 1182 1199 1210 1221 1232 1243 1254 1265 1276 1288 1300 1312 1324 1336 1348 1360 1373 1386 1399 1412 1425 1438 1451 1465 1479 1493 1507 1521 1535 1549 1564 1579 1594 1609 1624 1639 1654 1670 1686 1702 1718 1734 1750 
5 64 68 72 76 80 84 88 92 96 100 105 110 115 120 125 130 135 140 145 151 157 163 169 175 181 187 193 199 206 213 220 227 234 241 248 255 262 270 278 286 294 302 310 318 326 334 343 352 361 370 379 388 397 406 415 426 437 448 459 470 481 492 503 515 527 539 551 563 575 587 599 612 625 638 651 664 677 690 703 717 731 745 759 773 787 801 815 830 845 860 875 890 905 920 935 951 967 983 999 1015 1031 1047 1063 1080 1097 1114 1131 1148 1165 1182 1199 1210 1221 1232 1243 1254 1265 1276 1288 1300 1312 1324 1336 1348 1360 1373 1386 1399 1412 1425 1438 1451 1465 1479 1493 1507 1521 1535 1549 1564 1579 1594 1609 1624 1639 1654 1670 1686 1702 1718 1734 1750 1766 1777 1788 1799 1810 1821 1832 1844 1856 1868 1880 1892 1904 1917 1930 1943 1956 1969 1982 1996 2010 2024 2038 2052 2066 2081 2096 2111 2126 2141 
5 100 105 110 115 120 125 130 135 140 145 151 157 163 169 175 181 187 193 199 206 213 220 227 234 241 248 255 262 270 278 286 294 302 310 318 326 334 343 352 361 370 379 388 397 406 415 426 437 448 459 470 481 492 503 515 527 539 551 563 575 587 599 612 625 638 651 664 677 690 703 717 731 745 759 773 787 801 815 830 845 860 875 890 905 920 935 951 967 983 999 1015 1031 1047 1063 1080 1097 1114 1131 1148 1165 1182 1199 1210 1221 1232 1243 1254 1265 1276 1288 1300 1312 1324 1336 1348 1360 1373 1386 1399 1412 1425 1438 1451 1465 1479 1493 1507 1521 1535 1549 1564 1579 1594 1609 1624 1639 1654 1670 1686 1702 1718 1734 1750 1766 1777 1788 1799 1810 1821 1832 1844 1856 1868 1880 1892 1904 1917 1930 1943 1956 1969 1982 1996 2010 2024 2038 2052 2066 2081 2096 2111 2126 2141 2156 2167 2178 2189 2200 2211 2223 2235 2247 2259 2271 2284 2297 2310 2323 2336 2350 2364 2378 2392 
5 145 151 157 163 169 175 181 187 193 199 206 213 220 227 234 241 248 255 262 270 278 286 294 302 310 318 326 334 343 352 361 370 379 388 397 406 415 426 437 448 459 470 481 492 503 515 527 539 551 563 575 587 599 612 625 638 651 664 677 690 703 717 731 745 759 773 787 801 815 830 845 860 875 890 905 920 935 951 967 983 999 1015 1031 1047 1063 1080 1097 1114 1131 1148 1165 1182 1199 1210 1221 1232 1243 1254 1265 1276 1288 1300 1312 1324 1336 1348 1360 1373 1386 1399 1412 1425 1438 1451 1465 1479 1493 1507 1521 1535 1549 1564 1579 1594 1609 1624 1639 1654 1670 1686 1702 1718 1734 1750 1766 1777 1788 1799 1810 1821 1832 1844 1856 1868 1880 1892 1904 1917 1930 1943 1956 1969 1982 1996 2010 2024 2038 2052 2066 2081 2096 2111 2126 2141 2156 2167 2178 2189 2200 2211 2223 2235 2247 2259 2271 2284 2297 2310 2323 2336 2350 2364 2378 2392 2406 2417 2428 2439 2450 2462 2474 2486 2498 2511 2524 2537 
5 199 206 213 220 227 234 241 248 255 262 270 278 286 294 302 310 318 326 334 343 352 361 370 379 388 397 406 415 426 437 448 459 470 481 492 503 515 527 539 551 563 575 587 599 612 625 638 651 664 677 690 703 717 731 745 759 773 787 801 815 830 845 860 875 890 905 920 935 951 967 983 999 1015 1031 1047 1063 1080 1097 1114 1131 1148 1165 1182 1199 1210 1221 1232 1243 1254 1265 1276 1288 1300 1312 1324 1336 1348 1360 1373 1386 1399 1412 1425 1438 1451 1465 1479 1493 1507 1521 1535 1549 1564 1579 1594 1609 1624 1639 1654 1670 1686 1702 1718 1734 1750 1766 1777 1788 1799 1810 1821 1832 1844 1856 1868 1880 1892 1904 1917 1930 1943 1956 1969 1982 1996 2010 2024 2038 2052 2066 2081 2096 2111 2126 2141 2156 2167 2178 2189 2200 2211 2223 2235 2247 2259 2271 2284 2297 2310 2323 2336 2350 2364 2378 2392 2406 2417 2428 2439 2450 2462 2474 2486 2498 2511 2524 2537 2550 2561 2572 2583 2595 2607 
5 262 270 278 286 294 302 310 318 326 334 343 352 361 370 379 388 397 406 415 426 437 448 459 470 481 492 503 515 527 539 551 563 575 587 599 612 625 638 651 664 677 690 703 717 731 745 759 773 787 801 815 830 845 860 875 890 905 920 935 951 967 983 999 1015 1031 1047 1063 1080 1097 1114 1131 1148 1165 1182 1199 1210 1221 1232 1243 1254 1265 1276 1288 1300 1312 1324 1336 1348 1360 1373 1386 1399 1412 1425 1438 1451 1465 1479 1493 1507 1521 1535 1549 1564 1579 1594 1609 1624 1639 1654 1670 1686 1702 1718 1734 1750 1766 1777 1788 1799 1810 1821 1832 1844 1856 1868 1880 1892 1904 1917 1930 1943 1956 1969 1982 1996 2010 2024 2038 2052 2066 2081 2096 2111 2126 2141 2156 2167 2178 2189 2200 2211 2223 2235 2247 2259 2271 2284 2297 2310 2323 2336 2350 2364 2378 2392 2406 2417 2428 2439 2450 2462 2474 2486 2498 2511 2524 2537 2550 2561 2572 2583 2595 2607 2619 2630 
5 2641 2643 2645 2647 2649 2651 2653 2655 2657 2659 2662 2665 2668 2671 2674 2677 2680 2683 2686 2690 2694 2698 2702 2706 2710 2714 2718 2722 2727 2732 2737 2742 2747 2752 2757 2762 
5 2641 2643 2645 2647 2649 2651 2653 2655 2657 2659 2662 2665 2668 2671 2674 2677 2680 2683 2686 2690 2694 2698 2702 2706 2710 2714 2718 2722 2727 2732 2737 2742 2747 2752 2757 2762 2767 2778 2789 2800 2811 2822 2833 2844 2855 2867 2879 2891 2903 2915 2927 2939 2951 2964 2977 2990 3003 3016 3029 3042 
5 2659 2662 2665 2668 2671 2674 2677 2680 2683 2686 2690 2694 2698 2702 2706 2710 2714 2718 2722 2727 2732 2737 2742 2747 2752 2757 2762 2767 2778 2789 2800 2811 2822 2833 2844 2855 2867 2879 2891 2903 2915 2927 2939 2951 2964 2977 2990 3003 3016 3029 3042 3055 3066 3077 3088 3099 3110 3121 3132 3144 3156 3168 3180 3192 3204 
5 2686 2690 2694 2698 2702 2706 2710 2714 2718 2722 2727 2732 2737 2742 2747 2752 2757 2762 2767 2778 2789 2800 2811 2822 2833 2844 2855 2867 2879 2891 2903 2915 2927 2939 2951 2964 2977 2990 3003 3016 3029 3042 3055 3066 3077 3088 3099 3110 3121 3132 3144 3156 3168 3180 3192 3204 3216 3227 3238 3249 3260 3271 
5 -1 2 
5 -3 4 
5 -5 6 
5 -7 8 
5 -9 10 
5 -11 12 
5 -13 14 
5 -15 16 
5 -17 18 
5 -19 20 
5 -21 22 
5 -23 24 
5 -25 26 
5 -27 28 
5 -29 30 
5 -31 32 
5 -33 34 
5 -35 36 
5 -37 38 
5 -37 39 
5 -40 41 
5 -40 42 
5 -43 44 
5 -43 45 
5 -46 47 
5 -46 48 
5 -49 50 
5 -49 51 
5 -52 53 
5 -52 54 
5 -55 56 
5 -55 57 
5 -58 59 
5 -58 60 
5 -61 62 
5 -61 63 
5 -64 65 
5 -64 66 
5 -64 67 
5 -68 69 
5 -68 70 
5 -68 71 
5 -72 73 
5 -72 74 
5 -72 75 
5 -76 77 
5 -76 78 
5 -76 79 
5 -80 81 
5 -80 82 
5 -80 83 
5 -84 85 
5 -84 86 
5 -84 87 
5 -88 89 
5 -88 90 
5 -88 91 
5 -92 93 
5 -92 94 
5 -92 95 
5 -96 97 
5 -96 98 
5 -96 99 
5 -100 101 
5 -100 102 
5 -100 103 
5 -100 104 
5 -105 106 
5 -105 107 
5 -105 108 
5 -105 109 
5 -110 111 
5 -110 112 
5 -110 113 
5 -110 114 
5 -115 116 
5 -115 117 
5 -115 118 
5 -115 119 
5 -120 121 
5 -120 122 
5 -120 123 
5 -120 124 
5 -125 126 
5 -125 127 
5 -125 128 
5 -125 129 
5 -130 131 
5 -130 132 
5 -130 133 
5 -130 134 
5 -135 136 
5 -135 137 
5 -135 138 
5 -135 139 
5 -140 141 
5 -140 142 
5 -140 143 
5 -140 144 
5 -145 146 
5 -145 147 
5 -145 148 
5 -145 149 
5 -145 150 
5 -151 152 
5 -151 153 
5 -151 154 
5 -151 155 
5 -151 156 
5 -157 158 
5 -157 159 
5 -157 160 
5 -157 161 
5 -157 162 
5 -163 164 
5 -163 165 
5 -163 166 
5 -163 167 
5 -163 168 
5 -169 170 
5 -169 171 
5 -169 172 
5 -169 173 
5 -169 174 
5 -175 176 
5 -175 177 
5 -175 178 
5 -175 179 
5 -175 180 
5 -181 182 
5 -181 183 
5 -181 184 
5 -181 185 
5 -181 186 
5 -187 188 
5 -187 189 
5 -187 190 
5 -187 191 
5 -187 192 
5 -193 194 
5 -193 195 
5 -193 196 
5 -193 197 
5 -193 198 
5 -199 200 
5 -199 201 
5 -199 202 
5 -199 203 
5 -199 204 
5 -199 205 
5 -206 207 
5 -206 208 
5 -206 209 
5 -206 210 
5 -206 211 
5 -206 212 
5 -213 214 
5 -213 215 
5 -213 216 
5 -213 217 
5 -213 218 
5 -213 219 
5 -220 221 
5 -220 222 
5 -220 223 
5 -220 224 
5 -220 225 
5 -220 226 
5 -227 228 
5 -227 229 
5 -227 230 
5 -227 231 
5 -227 232 
5 -227 233 
5 -234 235 
5 -234 236 
5 -234 237 
5 -234 238 
5 -234 239 
5 -234 240 
5 -241 242 
5 -241 243 
5 -241 244 
5 -241 245 
5 -241 246 
5 -241 247 
5 -248 249 
5 -248 250 
5 -248 251 
5 -248 252 
5 -248 253 
5 -248 254 
5 -255 256 
5 -255 257 
5 -255 258 
5 -255 259 
5 -255 260 
5 -255 261 
5 -262 263 
5 -262 264 
5 -262 265 
5 -262 266 
5 -262 267 
5 -262 268 
5 -262 269 
5 -270 271 
5 -270 272 
5 -270 273 
5 -270 274 
5 -270 275 
5 -270 276 
5 -270 277 
5 -278 279 
5 -278 280 
5 -278 281 
5 -278 282 
5 -278 283 
5 -278 284 
5 -278 285 
5 -286 287 
5 -286 288 
5 -286 289 
5 -286 290 
5 -286 291 
5 -286 292 
5 -286 293 
5 -294 295 
5 -294 296 
5 -294 297 
5 -294 298 
5 -294 299 
5 -294 300 
5 -294 301 
5 -302 303 
5 -302 304 
5 -302 305 
5 -302 306 
5 -302 307 
5 -302 308 
5 -302 309 
5 -310 311 
5 -310 312 
5 -310 313 
5 -310 314 
5 -310 315 
5 -310 316 
5 -310 317 
5 -318 319 
5 -318 320 
5 -318 321 
5 -318 322 
5 -318 323 
5 -318 324 
5 -318 325 
5 -326 327 
5 -326 328 
5 -326 329 
5 -326 330 
5 -326 331 
5 -326 332 
5 -326 333 
5 -334 335 
5 -334 336 
5 -334 337 
5 -334 338 
5 -334 339 
5 -334 340 
5 -334 341 
5 -334 342 
5 -343 344 
5 -343 345 
5 -343 346 
5 -343 347 
5 -343 348 
5 -343 349 
5 -343 350 
5 -343 351 
5 -352 353 
5 -352 354 
5 -352 355 
5 -352 356 
5 -352 357 
5 -352 358 
5 -352 359 
5 -352 360 
5 -361 362 
5 -361 363 
5 -361 364 
5 -361 365 
5 -361 366 
5 -361 367 
5 -361 368 
5 -361 369 
5 -370 371 
5 -370 372 
5 -370 373 
5 -370 374 
5 -370 375 
5 -370 376 
5 -370 377 
5 -370 378 
5 -379 380 
5 -379 381 
5 -379 382 
5 -379 383 
5 -379 384 
5 -379 385 
5 -379 386 
5 -379 387 
5 -388 389 
5 -388 390 
5 -388 391 
5 -388 392 
5 -388 393 
5 -388 394 
5 -388 395 
5 -388 396 
5 -397 398 
5 -397 399 
5 -397 400 
5 -397 401 
5 -397 402 
5 -397 403 
5 -397 404 
5 -397 405 
5 -406 407 
5 -406 408 
5 -406 409 
5 -406 410 
5 -406 411 
5 -406 412 
5 -406 413 
5 -406 414 
5 -415 416 
5 -415 417 
5 -415 418 
5 -415 419 
5 -415 420 
5 -415 421 
5 -415 422 
5 -415 423 
5 -415 424 
5 -415 425 
5 -426 427 
5 -426 428 
5 -426 429 
5 -426 430 
5 -426 431 
5 -426 432 
5 -426 433 
5 -426 434 
5 -426 435 
5 -426 436 
5 -437 438 
5 -437 439 
5 -437 440 
5 -437 441 
5 -437 442 
5 -437 443 
5 -437 444 
5 -437 445 
5 -437 446 
5 -437 447 
5 -448 449 
5 -448 450 
5 -448 451 
5 -448 452 
5 -448 453 
5 -448 454 
5 -448 455 
5 -448 456 
5 -448 457 
5 -448 458 
5 -459 460 
5 -459 461 
5 -459 462 
5 -459 463 
5 -459 464 
5 -459 465 
5 -459 466 
5 -459 467 
5 -459 468 
5 -459 469 
5 -470 471 
5 -470 472 
5 -470 473 
5 -470 474 
5 -470 475 
5 -470 476 
5 -470 477 
5 -470 478 
5 -470 479 
5 -470 480 
5 -481 482 
5 -481 483 
5 -481 484 
5 -481 485 
5 -481 486 
5 -481 487 
5 -481 488 
5 -481 489 
5 -481 490 
5 -481 491 
5 -492 493 
5 -492 494 
5 -492 495 
5 -492 496 
5 -492 497 
5 -492 498 
5 -492 499 
5 -492 500 
5 -492 501 
5 -492 502 
5 -503 504 
5 -503 505 
5 -503 506 
5 -503 507 
5 -503 508 
5 -503 509 
5 -503 510 
5 -503 511 
5 -503 512 
5 -503 513 
5 -503 514 
5 -515 516 
5 -515 517 
5 -515 518 
5 -515 519 
5 -515 520 
5 -515 521 
5 -515 522 
5 -515 523 
5 -515 524 
5 -515 525 
5 -515 526 
5 -527 528 
5 -527 529 
5 -527 530 
5 -527 531 
5 -527 532 
5 -527 533 
5 -527 534 
5 -527 535 
5 -527 536 
5 -527 537 
5 -527 538 
5 -539 540 
5 -539 541 
5 -539 542 
5 -539 543 
5 -539 544 
5 -539 545 
5 -539 546 
5 -539 547 
5 -539 548 
5 -539 549 
5 -539 550 
5 -551 552 
5 -551 553 
5 -551 554 
5 -551 555 
5 -551 556 
5 -551 557 
5 -551 558 
5 -551 559 
5 -551 560 
5 -551 561 
5 -551 562 
5 -563 564 
5 -563 565 
5 -563 566 
5 -563 567 
5 -563 568 
5 -563 569 
5 -563 570 
5 -563 571 
5 -563 572 
5 -563 573 
5 -563 574 
5 -575 576 
5 -575 577 
5 -575 578 
5 -575 579 
5 -575 580 
5 -575 581 
5 -575 582 
5 -575 583 
5 -575 584 
5 -575 585 
5 -575 586 
5 -587 588 
5 -587 589 
5 -587 590 
5 -587 591 
5 -587 592 
5 -587 593 
5 -587 594 
5 -587 595 
5 -587 596 
5 -587 597 
5 -587 598 
5 -599 600 
5 -599 601 
5 -599 602 
5 -599 603 
5 -599 604 
5 -599 605 
5 -599 606 
5 -599 607 
5 -599 608 
5 -599 609 
5 -599 610 
5 -599 611 
5 -612 613 
5 -612 614 
5 -612 615 
5 -612 616 
5 -612 617 
5 -612 618 
5 -612 619 
5 -612 620 
5 -612 621 
5 -612 622 
5 -612 623 
5 -612 624 
5 -625 626 
5 -625 627 
5 -625 628 
5 -625 629 
5 -625 630 
5 -625 631 
5 -625 632 
5 -625 633 
5 -625 634 
5 -625 635 
5 -625 636 
5 -625 637 
5 -638 639 
5 -638 640 
5 -638 641 
5 -638 642 
5 -638 643 
5 -638 644 
5 -638 645 
5 -638 646 
5 -638 647 
5 -638 648 
5 -638 649 
5 -638 650 
5 -651 652 
5 -651 653 
5 -651 654 
5 -651 655 
5 -651 656 
5 -651 657 
5 -651 658 
5 -651 659 
5 -651 660 
5 -651 661 
5 -651 662 
5 -651 663 
5 -664 665 
5 -664 666 
5 -664 667 
5 -664 668 
5 -664 669 
5 -664 670 
5 -664 671 
5 -664 672 
5 -664 673 
5 -664 674 
5 -664 675 
5 -664 676 
5 -677 678 
5 -677 679 
5 -677 680 
5 -677 681 
5 -677 682 
5 -677 683 
5 -677 684 
5 -677 685 
5 -677 686 
5 -677 687 
5 -677 688 
5 -677 689 
5 -690 691 
5 -690 692 
5 -690 693 
5 -690 694 
5 -690 695 
5 -690 696 
5 -690 697 
5 -690 698 
5 -690 699 
5 -690 700 
5 -690 701 
5 -690 702 
5 -703 704 
5 -703 705 
5 -703 706 
5 -703 707 
5 -703 708 
5 -703 709 
5 -703 710 
5 -703 711 
5 -703 712 
5 -703 713 
5 -703 714 
5 -703 715 
5 -703 716 
5 -717 718 
5 -717 719 
5 -717 720 
5 -717 721 
5 -717 722 
5 -717 723 
5 -717 724 
5 -717 725 
5 -717 726 
5 -717 727 
5 -717 728 
5 -717 729 
5 -717 730 
5 -731 732 
5 -731 733 
5 -731 734 
5 -731 735 
5 -731 736 
5 -731 737 
5 -731 738 
5 -731 739 
5 -731 740 
5 -731 741 
5 -731 742 
5 -731 743 
5 -731 744 
5 -745 746 
5 -745 747 
5 -745 748 
5 -745 749 
5 -745 750 
5 -745 751 
5 -745 752 
5 -745 753 
5 -745 754 
5 -745 755 
5 -745 756 
5 -745 757 
5 -745 758 
5 -759 760 
5 -759 761 
5 -759 762 
5 -759 763 
5 -759 764 
5 -759 765 
5 -759 766 
5 -759 767 
5 -759 768 
5 -759 769 
5 -759 770 
5 -759 771 
5 -759 772 
5 -773 774 
5 -773 775 
5 -773 776 
5 -773 777 
5 -773 778 
5 -773 779 
5 -773 780 
5 -773 781 
5 -773 782 
5 -773 783 
5 -773 784 
5 -773 785 
5 -773 786 
5 -787 788 
5 -787 789 
5 -787 790 
5 -787 791 
5 -787 792 
5 -787 793 
5 -787 794 
5 -787 795 
5 -787 796 
5 -787 797 
5 -787 798 
5 -787 799 
5 -787 800 
5 -801 802 
5 -801 803 
5 -801 804 
5 -801 805 
5 -801 806 
5 -801 807 
5 -801 808 
5 -801 809 
5 -801 810 
5 -801 811 
5 -801 812 
5 -801 813 
5 -801 814 
5 -815 816 
5 -815 817 
5 -815 818 
5 -815 819 
5 -815 820 
5 -815 821 
5 -815 822 
5 -815 823 
5 -815 824 
5 -815 825 
5 -815 826 
5 -815 827 
5 -815 828 
5 -815 829 
5 -830 831 
5 -830 832 
5 -830 833 
5 -830 834 
5 -830 835 
5 -830 836 
5 -830 837 
5 -830 838 
5 -830 839 
5 -830 840 
5 -830 841 
5 -830 842 
5 -830 843 
5 -830 844 
5 -845 846 
5 -845 847 
5 -845 848 
5 -845 849 
5 -845 850 
5 -845 851 
5 -845 852 
5 -845 853 
5 -845 854 
5 -845 855 
5 -845 856 
5 -845 857 
5 -845 858 
5 -845 859 
5 -860 861 
5 -860 862 
5 -860 863 
5 -860 864 
5 -860 865 
5 -860 866 
5 -860 867 
5 -860 868 
5 -860 869 
5 -860 870 
5 -860 871 
5 -860 872 
5 -860 873 
5 -860 874 
5 -875 876 
5 -875 877 
5 -875 878 
5 -875 879 
5 -875 880 
5 -875 881 
5 -875 882 
5 -875 883 
5 -875 884 
5 -875 885 
5 -875 886 
5 -875 887 
5 -875 888 
5 -875 889 
5 -890 891 
5 -890 892 
5 -890 893 
5 -890 894 
5 -890 895 
5 -890 896 
5 -890 897 
5 -890 898 
5 -890 899 
5 -890 900 
5 -890 901 
5 -890 902 
5 -890 903 
5 -890 904 
5 -905 906 
5 -905 907 
5 -905 908 
5 -905 909 
5 -905 910 
5 -905 911 
5 -905 912 
5 -905 913 
5 -905 914 
5 -905 915 
5 -905 916 
5 -905 917 
5 -905 918 
5 -905 919 
5 -920 921 
5 -920 922 
5 -920 923 
5 -920 924 
5 -920 925 
5 -920 926 
5 -920 927 
5 -920 928 
5 -920 929 
5 -920 930 
5 -920 931 
5 -920 932 
5 -920 933 
5 -920 934 
5 -935 936 
5 -935 937 
5 -935 938 
5 -935 939 
5 -935 940 
5 -935 941 
5 -935 942 
5 -935 943 
5 -935 944 
5 -935 945 
5 -935 946 
5 -935 947 
5 -935 948 
5 -935 949 
5 -935 950 
5 -951 952 
5 -951 953 
5 -951 954 
5 -951 955 
5 -951 956 
5 -951 957 
5 -951 958 
5 -951 959 
5 -951 960 
5 -951 961 
5 -951 962 
5 -951 963 
5 -951 964 
5 -951 965 
5 -951 966 
5 -967 968 
5 -967 969 
5 -967 970 
5 -967 971 
5 -967 972 
5 -967 973 
5 -967 974 
5 -967 975 
5 -967 976 
5 -967 977 
5 -967 978 
5 -967 979 
5 -967 980 
5 -967 981 
5 -967 982 
5 -983 984 
5 -983 985 
5 -983 986 
5 -983 987 
5 -983 988 
5 -983 989 
5 -983 990 
5 -983 991 
5 -983 992 
5 -983 993 
5 -983 994 
5 -983 995 
5 -983 996 
5 -983 997 
5 -983 998 
5 -999 1000 
5 -999 1001 
5 -999 1002 
5 -999 1003 
5 -999 1004 
5 -999 1005 
5 -999 1006 
5 -999 1007 
5 -999 1008 
5 -999 1009 
5 -999 1010 
5 -999 1011 
5 -999 1012 
5 -999 1013 
5 -999 1014 
5 -1015 1016 
5 -1015 1017 
5 -1015 1018 
5 -1015 1019 
5 -1015 1020 
5 -1015 1021 
5 -1015 1022 
5 -1015 1023 
5 -1015 1024 
5 -1015 1025 
5 -1015 1026 
5 -1015 1027 
5 -1015 1028 
5 -1015 1029 
5 -1015 1030 
5 -1031 1032 
5 -1031 1033 
5 -1031 1034 
5 -1031 1035 
5 -1031 1036 
5 -1031 1037 
5 -1031 1038 
5 -1031 1039 
5 -1031 1040 
5 -1031 1041 
5 -1031 1042 
5 -1031 1043 
5 -1031 1044 
5 -1031 1045 
5 -1031 1046 
5 -1047 1048 
5 -1047 1049 
5 -1047 1050 
5 -1047 1051 
5 -1047 1052 
5 -1047 1053 
5 -1047 1054 
5 -1047 1055 
5 -1047 1056 
5 -1047 1057 
5 -1047 1058 
5 -1047 1059 
5 -1047 1060 
5 -1047 1061 
5 -1047 1062 
5 -1063 1064 
5 -1063 1065 
5 -1063 1066 
5 -1063 1067 
5 -1063 1068 
5 -1063 1069 
5 -1063 1070 
5 -1063 1071 
5 -1063 1072 
5 -1063 1073 
5 -1063 1074 
5 -1063 1075 
5 -1063 1076 
5 -1063 1077 
5 -1063 1078 
5 -1063 1079 
5 -1080 1081 
5 -1080 1082 
5 -1080 1083 
5 -1080 1084 
5 -1080 1085 
5 -1080 1086 
5 -1080 1087 
5 -1080 1088 
5 -1080 1089 
5 -1080 1090 
5 -1080 1091 
5 -1080 1092 
5 -1080 1093 
5 -1080 1094 
5 -1080 1095 
5 -1080 1096 
5 -1097 1098 
5 -1097 1099 
5 -1097 1100 
5 -1097 1101 
5 -1097 1102 
5 -1097 1103 
5 -1097 1104 
5 -1097 1105 
5 -1097 1106 
5 -1097 1107 
5 -1097 1108 
5 -1097 1109 
5 -1097 1110 
5 -1097 1111 
5 -1097 1112 
5 -1097 1113 
5 -1114 1115 
5 -1114 1116 
5 -1114 1117 
5 -1114 1118 
5 -1114 1119 
5 -1114 1120 
5 -1114 1121 
5 -1114 1122 
5 -1114 1123 
5 -1114 1124 
5 -1114 1125 
5 -1114 1126 
5 -1114 1127 
5 -1114 1128 
5 -1114 1129 
5 -1114 1130 
5 -1131 1132 
5 -1131 1133 
5 -1131 1134 
5 -1131 1135 
5 -1131 1136 
5 -1131 1137 
5 -1131 1138 
5 -1131 1139 
5 -1131 1140 
5 -1131 1141 
5 -1131 1142 
5 -1131 1143 
5 -1131 1144 
5 -1131 1145 
5 -1131 1146 
5 -1131 1147 
5 -1148 1149 
5 -1148 1150 
5 -1148 1151 
5 -1148 1152 
5 -1148 1153 
5 -1148 1154 
5 -1148 1155 
5 -1148 1156 
5 -1148 1157 
5 -1148 1158 
5 -1148 1159 
5 -1148 1160 
5 -1148 1161 
5 -1148 1162 
5 -1148 1163 
5 -1148 1164 
5 -1165 1166 
5 -1165 1167 
5 -1165 1168 
5 -1165 1169 
5 -1165 1170 
5 -1165 1171 
5 -1165 1172 
5 -1165 1173 
5 -1165 1174 
5 -1165 1175 
5 -1165 1176 
5 -1165 1177 
5 -1165 1178 
5 -1165 1179 
5 -1165 1180 
5 -1165 1181 
5 -1182 1183 
5 -1182 1184 
5 -1182 1185 
5 -1182 1186 
5 -1182 1187 
5 -1182 1188 
5 -1182 1189 
5 -1182 1190 
5 -1182 1191 
5 -1182 1192 
5 -1182 1193 
5 -1182 1194 
5 -1182 1195 
5 -1182 1196 
5 -1182 1197 
5 -1182 1198 
5 -1199 1200 
5 -1199 1201 
5 -1199 1202 
5 -1199 1203 
5 -1199 1204 
5 -1199 1205 
5 -1199 1206 
5 -1199 1207 
5 -1199 1208 
5 -1199 1209 
5 -1210 1211 
5 -1210 1212 
5 -1210 1213 
5 -1210 1214 
5 -1210 1215 
5 -1210 1216 
5 -1210 1217 
5 -1210 1218 
5 -1210 1219 
5 -1210 1220 
5 -1221 1222 
5 -1221 1223 
5 -1221 1224 
5 -1221 1225 
5 -1221 1226 
5 -1221 1227 
5 -1221 1228 
5 -1221 1229 
5 -1221 1230 
5 -1221 1231 
5 -1232 1233 
5 -1232 1234 
5 -1232 1235 
5 -1232 1236 
5 -1232 1237 
5 -1232 1238 
5 -1232 1239 
5 -1232 1240 
5 -1232 1241 
5 -1232 1242 
5 -1243 1244 
5 -1243 1245 
5 -1243 1246 
5 -1243 1247 
5 -1243 1248 
5 -1243 1249 
5 -1243 1250 
5 -1243 1251 
5 -1243 1252 
5 -1243 1253 
5 -1254 1255 
5 -1254 1256 
5 -1254 1257 
5 -1254 1258 
5 -1254 1259 
5 -1254 1260 
5 -1254 1261 
5 -1254 1262 
5 -1254 1263 
5 -1254 1264 
5 -1265 1266 
5 -1265 1267 
5 -1265 1268 
5 -1265 1269 
5 -1265 1270 
5 -1265 1271 
5 -1265 1272 
5 -1265 1273 
5 -1265 1274 
5 -1265 1275 
5 -1276 1277 
5 -1276 1278 
5 -1276 1279 
5 -1276 1280 
5 -1276 1281 
5 -1276 1282 
5 -1276 1283 
5 -1276 1284 
5 -1276 1285 
5 -1276 1286 
5 -1276 1287 
5 -1288 1289 
5 -1288 1290 
5 -1288 1291 
5 -1288 1292 
5 -1288 1293 
5 -1288 1294 
5 -1288 1295 
5 -1288 1296 
5 -1288 1297 
5 -1288 1298 
5 -1288 1299 
5 -1300 1301 
5 -1300 1302 
5 -1300 1303 
5 -1300 1304 
5 -1300 1305 
5 -1300 1306 
5 -1300 1307 
5 -1300 1308 
5 -1300 1309 
5 -1300 1310 
5 -1300 1311 
5 -1312 1313 
5 -1312 1314 
5 -1312 1315 
5 -1312 1316 
5 -1312 1317 
5 -1312 1318 
5 -1312 1319 
5 -1312 1320 
5 -1312 1321 
5 -1312 1322 
5 -1312 1323 
5 -1324 1325 
5 -1324 1326 
5 -1324 1327 
5 -1324 1328 
5 -1324 1329 
5 -1324 1330 
5 -1324 1331 
5 -1324 1332 
5 -1324 1333 
5 -1324 1334 
5 -1324 1335 
5 -1336 1337 
5 -1336 1338 
5 -1336 1339 
5 -1336 1340 
5 -1336 1341 
5 -1336 1342 
5 -1336 1343 
5 -1336 1344 
5 -1336 1345 
5 -1336 1346 
5 -1336 1347 
5 -1348 1349 
5 -1348 1350 
5 -1348 1351 
5 -1348 1352 
5 -1348 1353 
5 -1348 1354 
5 -1348 1355 
5 -1348 1356 
5 -1348 1357 
5 -1348 1358 
5 -1348 1359 
5 -1360 1361 
5 -1360 1362 
5 -1360 1363 
5 -1360 1364 
5 -1360 1365 
5 -1360 1366 
5 -1360 1367 
5 -1360 1368 
5 -1360 1369 
5 -1360 1370 
5 -1360 1371 
5 -1360 1372 
5 -1373 1374 
5 -1373 1375 
5 -1373 1376 
5 -1373 1377 
5 -1373 1378 
5 -1373 1379 
5 -1373 1380 
5 -1373 1381 
5 -1373 1382 
5 -1373 1383 
5 -1373 1384 
5 -1373 1385 
5 -1386 1387 
5 -1386 1388 
5 -1386 1389 
5 -1386 1390 
5 -1386 1391 
5 -1386 1392 
5 -1386 1393 
5 -1386 1394 
5 -1386 1395 
5 -1386 1396 
5 -1386 1397 
5 -1386 1398 
5 -1399 1400 
5 -1399 1401 
5 -1399 1402 
5 -1399 1403 
5 -1399 1404 
5 -1399 1405 
5 -1399 1406 
5 -1399 1407 
5 -1399 1408 
5 -1399 1409 
5 -1399 1410 
5 -1399 1411 
5 -1412 1413 
5 -1412 1414 
5 -1412 1415 
5 -1412 1416 
5 -1412 1417 
5 -1412 1418 
5 -1412 1419 
5 -1412 1420 
5 -1412 1421 
5 -1412 1422 
5 -1412 1423 
5 -1412 1424 
5 -1425 1426 
5 -1425 1427 
5 -1425 1428 
5 -1425 1429 
5 -1425 1430 
5 -1425 1431 
5 -1425 1432 
5 -1425 1433 
5 -1425 1434 
5 -1425 1435 
5 -1425 1436 
5 -1425 1437 
5 -1438 1439 
5 -1438 1440 
5 -1438 1441 
5 -1438 1442 
5 -1438 1443 
5 -1438 1444 
5 -1438 1445 
5 -1438 1446 
5 -1438 1447 
5 -1438 1448 
5 -1438 1449 
5 -1438 1450 
5 -1451 1452 
5 -1451 1453 
5 -1451 1454 
5 -1451 1455 
5 -1451 1456 
5 -1451 1457 
5 -1451 1458 
5 -1451 1459 
5 -1451 1460 
5 -1451 1461 
5 -1451 1462 
5 -1451 1463 
5 -1451 1464 
5 -1465 1466 
5 -1465 1467 
5 -1465 1468 
5 -1465 1469 
5 -1465 1470 
5 -1465 1471 
5 -1465 1472 
5 -1465 1473 
5 -1465 1474 
5 -1465 1475 
5 -1465 1476 
5 -1465 1477 
5 -1465 1478 
5 -1479 1480 
5 -1479 1481 
5 -1479 1482 
5 -1479 1483 
5 -1479 1484 
5 -1479 1485 
5 -1479 1486 
5 -1479 1487 
5 -1479 1488 
5 -1479 1489 
5 -1479 1490 
5 -1479 1491 
5 -1479 1492 
5 -1493 1494 
5 -1493 1495 
5 -1493 1496 
5 -1493 1497 
5 -1493 1498 
5 -1493 1499 
5 -1493 1500 
5 -1493 1501 
5 -1493 1502 
5 -1493 1503 
5 -1493 1504 
5 -1493 1505 
5 -1493 1506 
5 -1507 1508 
5 -1507 1509 
5 -1507 1510 
5 -1507 1511 
5 -1507 1512 
5 -1507 1513 
5 -1507 1514 
5 -1507 1515 
5 -1507 1516 
5 -1507 1517 
5 -1507 1518 
5 -1507 1519 
5 -1507 1520 
5 -1521 1522 
5 -1521 1523 
5 -1521 1524 
5 -1521 1525 
5 -1521 1526 
5 -1521 1527 
5 -1521 1528 
5 -1521 1529 
5 -1521 1530 
5 -1521 1531 
5 -1521 1532 
5 -1521 1533 
5 -1521 1534 
5 -1535 1536 
5 -1535 1537 
5 -1535 1538 
5 -1535 1539 
5 -1535 1540 
5 -1535 1541 
5 -1535 1542 
5 -1535 1543 
5 -1535 1544 
5 -1535 1545 
5 -1535 1546 
5 -1535 1547 
5 -1535 1548 
5 -1549 1550 
5 -1549 1551 
5 -1549 1552 
5 -1549 1553 
5 -1549 1554 
5 -1549 1555 
5 -1549 1556 
5 -1549 1557 
5 -1549 1558 
5 -1549 1559 
5 -1549 1560 
5 -1549 1561 
5 -1549 1562 
5 -1549 1563 
5 -1564 1565 
5 -1564 1566 
5 -1564 1567 
5 -1564 1568 
5 -1564 1569 
5 -1564 1570 
5 -1564 1571 
5 -1564 1572 
5 -1564 1573 
5 -1564 1574 
5 -1564 1575 
5 -1564 1576 
5 -1564 1577 
5 -1564 1578 
5 -1579 1580 
5 -1579 1581 
5 -1579 1582 
5 -1579 1583 
5 -1579 1584 
5 -1579 1585 
5 -1579 1586 
5 -1579 1587 
5 -1579 1588 
5 -1579 1589 
5 -1579 1590 
5 -1579 1591 
5 -1579 1592 
5 -1579 1593 
5 -1594 1595 
5 -1594 1596 
5 -1594 1597 
5 -1594 1598 
5 -1594 1599 
5 -1594 1600 
5 -1594 1601 
5 -1594 1602 
5 -1594 1603 
5 -1594 1604 
5 -1594 1605 
5 -1594 1606 
5 -1594 1607 
5 -1594 1608 
5 -1609 1610 
5 -1609 1611 
5 -1609 1612 
5 -1609 1613 
5 -1609 1614 
5 -1609 1615 
5 -1609 1616 
5 -1609 1617 
5 -1609 1618 
5 -1609 1619 
5 -1609 1620 
5 -1609 1621 
5 -1609 1622 
5 -1609 1623 
5 -1624 1625 
5 -1624 1626 
5 -1624 1627 
5 -1624 1628 
5 -1624 1629 
5 -1624 1630 
5 -1624 1631 
5 -1624 1632 
5 -1624 1633 
5 -1624 1634 
5 -1624 1635 
5 -1624 1636 
5 -1624 1637 
5 -1624 1638 
5 -1639 1640 
5 -1639 1641 
5 -1639 1642 
5 -1639 1643 
5 -1639 1644 
5 -1639 1645 
5 -1639 1646 
5 -1639 1647 
5 -1639 1648 
5 -1639 1649 
5 -1639 1650 
5 -1639 1651 
5 -1639 1652 
5 -1639 1653 
5 -1654 1655 
5 -1654 1656 
5 -1654 1657 
5 -1654 1658 
5 -1654 1659 
5 -1654 1660 
5 -1654 1661 
5 -1654 1662 
5 -1654 1663 
5 -1654 1664 
5 -1654 1665 
5 -1654 1666 
5 -1654 1667 
5 -1654 1668 
5 -1654 1669 
5 -1670 1671 
5 -1670 1672 
5 -1670 1673 
5 -1670 1674 
5 -1670 1675 
5 -1670 1676 
5 -1670 1677 
5 -1670 1678 
5 -1670 1679 
5 -1670 1680 
5 -1670 1681 
5 -1670 1682 
5 -1670 1683 
5 -1670 1684 
5 -1670 1685 
5 -1686 1687 
5 -1686 1688 
5 -1686 1689 
5 -1686 1690 
5 -1686 1691 
5 -1686 1692 
5 -1686 1693 
5 -1686 1694 
5 -1686 1695 
5 -1686 1696 
5 -1686 1697 
5 -1686 1698 
5 -1686 1699 
5 -1686 1700 
5 -1686 1701 
5 -1702 1703 
5 -1702 1704 
5 -1702 1705 
5 -1702 1706 
5 -1702 1707 
5 -1702 1708 
5 -1702 1709 
5 -1702 1710 
5 -1702 1711 
5 -1702 1712 
5 -1702 1713 
5 -1702 1714 
5 -1702 1715 
5 -1702 1716 
5 -1702 1717 
5 -1718 1719 
5 -1718 1720 
5 -1718 1721 
5 -1718 1722 
5 -1718 1723 
5 -1718 1724 
5 -1718 1725 
5 -1718 1726 
5 -1718 1727 
5 -1718 1728 
5 -1718 1729 
5 -1718 1730 
5 -1718 1731 
5 -1718 1732 
5 -1718 1733 
5 -1734 1735 
5 -1734 1736 
5 -1734 1737 
5 -1734 1738 
5 -1734 1739 
5 -1734 1740 
5 -1734 1741 
5 -1734 1742 
5 -1734 1743 
5 -1734 1744 
5 -1734 1745 
5 -1734 1746 
5 -1734 1747 
5 -1734 1748 
5 -1734 1749 
5 -1750 1751 
5 -1750 1752 
5 -1750 1753 
5 -1750 1754 
5 -1750 1755 
5 -1750 1756 
5 -1750 1757 
5 -1750 1758 
5 -1750 1759 
5 -1750 1760 
5 -1750 1761 
5 -1750 1762 
5 -1750 1763 
5 -1750 1764 
5 -1750 1765 
5 -1766 1767 
5 -1766 1768 
5 -1766 1769 
5 -1766 1770 
5 -1766 1771 
5 -1766 1772 
5 -1766 1773 
5 -1766 1774 
5 -1766 1775 
5 -1766 1776 
5 -1777 1778 
5 -1777 1779 
5 -1777 1780 
5 -1777 1781 
5 -1777 1782 
5 -1777 1783 
5 -1777 1784 
5 -1777 1785 
5 -1777 1786 
5 -1777 1787 
5 -1788 1789 
5 -1788 1790 
5 -1788 1791 
5 -1788 1792 
5 -1788 1793 
5 -1788 1794 
5 -1788 1795 
5 -1788 1796 
5 -1788 1797 
5 -1788 1798 
5 -1799 1800 
5 -1799 1801 
5 -1799 1802 
5 -1799 1803 
5 -1799 1804 
5 -1799 1805 
5 -1799 1806 
5 -1799 1807 
5 -1799 1808 
5 -1799 1809 
5 -1810 1811 
5 -1810 1812 
5 -1810 1813 
5 -1810 1814 
5 -1810 1815 
5 -1810 1816 
5 -1810 1817 
5 -1810 1818 
5 -1810 1819 
5 -1810 1820 
5 -1821 1822 
5 -1821 1823 
5 -1821 1824 
5 -1821 1825 
5 -1821 1826 
5 -1821 1827 
5 -1821 1828 
5 -1821 1829 
5 -1821 1830 
5 -1821 1831 
5 -1832 1833 
5 -1832 1834 
5 -1832 1835 
5 -1832 1836 
5 -1832 1837 
5 -1832 1838 
5 -1832 1839 
5 -1832 1840 
5 -1832 1841 
5 -1832 1842 
5 -1832 1843 
5 -1844 1845 
5 -1844 1846 
5 -1844 1847 
5 -1844 1848 
5 -1844 1849 
5 -1844 1850 
5 -1844 1851 
5 -1844 1852 
5 -1844 1853 
5 -1844 1854 
5 -1844 1855 
5 -1856 1857 
5 -1856 1858 
5 -1856 1859 
5 -1856 1860 
5 -1856 1861 
5 -1856 1862 
5 -1856 1863 
5 -1856 1864 
5 -1856 1865 
5 -1856 1866 
5 -1856 1867 
5 -1868 1869 
5 -1868 1870 
5 -1868 1871 
5 -1868 1872 
5 -1868 1873 
5 -1868 1874 
5 -1868 1875 
5 -1868 1876 
5 -1868 1877 
5 -1868 1878 
5 -1868 1879 
5 -1880 1881 
5 -1880 1882 
5 -1880 1883 
5 -1880 1884 
5 -1880 1885 
5 -1880 1886 
5 -1880 1887 
5 -1880 1888 
5 -1880 1889 
5 -1880 1890 
5 -1880 1891 
5 -1892 1893 
5 -1892 1894 
5 -1892 1895 
5 -1892 1896 
5 -1892 1897 
5 -1892 1898 
5 -1892 1899 
5 -1892 1900 
5 -1892 1901 
5 -1892 1902 
5 -1892 1903 
5 -1904 1905 
5 -1904 1906 
5 -1904 1907 
5 -1904 1908 
5 -1904 1909 
5 -1904 1910 
5 -1904 1911 
5 -1904 1912 
5 -1904 1913 
5 -1904 1914 
5 -1904 1915 
5 -1904 1916 
5 -1917 1918 
5 -1917 1919 
5 -1917 1920 
5 -1917 1921 
5 -1917 1922 
5 -1917 1923 
5 -1917 1924 
5 -1917 1925 
5 -1917 1926 
5 -1917 1927 
5 -1917 1928 
5 -1917 1929 
5 -1930 1931 
5 -1930 1932 
5 -1930 1933 
5 -1930 1934 
5 -1930 1935 
5 -1930 1936 
5 -1930 1937 
5 -1930 1938 
5 -1930 1939 
5 -1930 1940 
5 -1930 1941 
5 -1930 1942 
5 -1943 1944 
5 -1943 1945 
5 -1943 1946 
5 -1943 1947 
5 -1943 1948 
5 -1943 1949 
5 -1943 1950 
5 -1943 1951 
5 -1943 1952 
5 -1943 1953 
5 -1943 1954 
5 -1943 1955 
5 -1956 1957 
5 -1956 1958 
5 -1956 1959 
5 -1956 1960 
5 -1956 1961 
5 -1956 1962 
5 -1956 1963 
5 -1956 1964 
5 -1956 1965 
5 -1956 1966 
5 -1956 1967 
5 -1956 1968 
5 -1969 1970 
5 -1969 1971 
5 -1969 1972 
5 -1969 1973 
5 -1969 1974 
5 -1969 1975 
5 -1969 1976 
5 -1969 1977 
5 -1969 1978 
5 -1969 1979 
5 -1969 1980 
5 -1969 1981 
5 -1982 1983 
5 -1982 1984 
5 -1982 1985 
5 -1982 1986 
5 -1982 1987 
5 -1982 1988 
5 -1982 1989 
5 -1982 1990 
5 -1982 1991 
5 -1982 1992 
5 -1982 1993 
5 -1982 1994 
5 -1982 1995 
5 -1996 1997 
5 -1996 1998 
5 -1996 1999 
5 -1996 2000 
5 -1996 2001 
5 -1996 2002 
5 -1996 2003 
5 -1996 2004 
5 -1996 2005 
5 -1996 2006 
5 -1996 2007 
5 -1996 2008 
5 -1996 2009 
5 -2010 2011 
5 -2010 2012 
5 -2010 2013 
5 -2010 2014 
5 -2010 2015 
5 -2010 2016 
5 -2010 2017 
5 -2010 2018 
5 -2010 2019 
5 -2010 2020 
5 -2010 2021 
5 -2010 2022 
5 -2010 2023 
5 -2024 2025 
5 -2024 2026 
5 -2024 2027 
5 -2024 2028 
5 -2024 2029 
5 -2024 2030 
5 -2024 2031 
5 -2024 2032 
5 -2024 2033 
5 -2024 2034 
5 -2024 2035 
5 -2024 2036 
5 -2024 2037 
5 -2038 2039 
5 -2038 2040 
5 -2038 2041 
5 -2038 2042 
5 -2038 2043 
5 -2038 2044 
5 -2038 2045 
5 -2038 2046 
5 -2038 2047 
5 -2038 2048 
5 -2038 2049 
5 -2038 2050 
5 -2038 2051 
5 -2052 2053 
5 -2052 2054 
5 -2052 2055 
5 -2052 2056 
5 -2052 2057 
5 -2052 2058 
5 -2052 2059 
5 -2052 2060 
5 -2052 2061 
5 -2052 2062 
5 -2052 2063 
5 -2052 2064 
5 -2052 2065 
5 -2066 2067 
5 -2066 2068 
5 -2066 2069 
5 -2066 2070 
5 -2066 2071 
5 -2066 2072 
5 -2066 2073 
5 -2066 2074 
5 -2066 2075 
5 -2066 2076 
5 -2066 2077 
5 -2066 2078 
5 -2066 2079 
5 -2066 2080 
5 -2081 2082 
5 -2081 2083 
5 -2081 2084 
5 -2081 2085 
5 -2081 2086 
5 -2081 2087 
5 -2081 2088 
5 -2081 2089 
5 -2081 2090 
5 -2081 2091 
5 -2081 2092 
5 -2081 2093 
5 -2081 2094 
5 -2081 2095 
5 -2096 2097 
5 -2096 2098 
5 -2096 2099 
5 -2096 2100 
5 -2096 2101 
5 -2096 2102 
5 -2096 2103 
5 -2096 2104 
5 -2096 2105 
5 -2096 2106 
5 -2096 2107 
5 -2096 2108 
5 -2096 2109 
5 -2096 2110 
5 -2111 2112 
5 -2111 2113 
5 -2111 2114 
5 -2111 2115 
5 -2111 2116 
5 -2111 2117 
5 -2111 2118 
5 -2111 2119 
5 -2111 2120 
5 -2111 2121 
5 -2111 2122 
5 -2111 2123 
5 -2111 2124 
5 -2111 2125 
5 -2126 2127 
5 -2126 2128 
5 -2126 2129 
5 -2126 2130 
5 -2126 2131 
5 -2126 2132 
5 -2126 2133 
5 -2126 2134 
5 -2126 2135 
5 -2126 2136 
5 -2126 2137 
5 -2126 2138 
5 -2126 2139 
5 -2126 2140 
5 -2141 2142 
5 -2141 2143 
5 -2141 2144 
5 -2141 2145 
5 -2141 2146 
5 -2141 2147 
5 -2141 2148 
5 -2141 2149 
5 -2141 2150 
5 -2141 2151 
5 -2141 2152 
5 -2141 2153 
5 -2141 2154 
5 -2141 2155 
5 -2156 2157 
5 -2156 2158 
5 -2156 2159 
5 -2156 2160 
5 -2156 2161 
5 -2156 2162 
5 -2156 2163 
5 -2156 2164 
5 -2156 2165 
5 -2156 2166 
5 -2167 2168 
5 -2167 2169 
5 -2167 2170 
5 -2167 2171 
5 -2167 2172 
5 -2167 2173 
5 -2167 2174 
5 -2167 2175 
5 -2167 2176 
5 -2167 2177 
5 -2178 2179 
5 -2178 2180 
5 -2178 2181 
5 -2178 2182 
5 -2178 2183 
5 -2178 2184 
5 -2178 2185 
5 -2178 2186 
5 -2178 2187 
5 -2178 2188 
5 -2189 2190 
5 -2189 2191 
5 -2189 2192 
5 -2189 2193 
5 -2189 2194 
5 -2189 2195 
5 -2189 2196 
5 -2189 2197 
5 -2189 2198 
5 -2189 2199 
5 -2200 2201 
5 -2200 2202 
5 -2200 2203 
5 -2200 2204 
5 -2200 2205 
5 -2200 2206 
5 -2200 2207 
5 -2200 2208 
5 -2200 2209 
5 -2200 2210 
5 -2211 2212 
5 -2211 2213 
5 -2211 2214 
5 -2211 2215 
5 -2211 2216 
5 -2211 2217 
5 -2211 2218 
5 -2211 2219 
5 -2211 2220 
5 -2211 2221 
5 -2211 2222 
5 -2223 2224 
5 -2223 2225 
5 -2223 2226 
5 -2223 2227 
5 -2223 2228 
5 -2223 2229 
5 -2223 2230 
5 -2223 2231 
5 -2223 2232 
5 -2223 2233 
5 -2223 2234 
5 -2235 2236 
5 -2235 2237 
5 -2235 2238 
5 -2235 2239 
5 -2235 2240 
5 -2235 2241 
5 -2235 2242 
5 -2235 2243 
5 -2235 2244 
5 -2235 2245 
5 -2235 2246 
5 -2247 2248 
5 -2247 2249 
5 -2247 2250 
5 -2247 2251 
5 -2247 2252 
5 -2247 2253 
5 -2247 2254 
5 -2247 2255 
5 -2247 2256 
5 -2247 2257 
5 -2247 2258 
5 -2259 2260 
5 -2259 2261 
5 -2259 2262 
5 -2259 2263 
5 -2259 2264 
5 -2259 2265 
5 -2259 2266 
5 -2259 2267 
5 -2259 2268 
5 -2259 2269 
5 -2259 2270 
5 -2271 2272 
5 -2271 2273 
5 -2271 2274 
5 -2271 2275 
5 -2271 2276 
5 -2271 2277 
5 -2271 2278 
5 -2271 2279 
5 -2271 2280 
5 -2271 2281 
5 -2271 2282 
5 -2271 2283 
5 -2284 2285 
5 -2284 2286 
5 -2284 2287 
5 -2284 2288 
5 -2284 2289 
5 -2284 2290 
5 -2284 2291 
5 -2284 2292 
5 -2284 2293 
5 -2284 2294 
5 -2284 2295 
5 -2284 2296 
5 -2297 2298 
5 -2297 2299 
5 -2297 2300 
5 -2297 2301 
5 -2297 2302 
5 -2297 2303 
5 -2297 2304 
5 -2297 2305 
5 -2297 2306 
5 -2297 2307 
5 -2297 2308 
5 -2297 2309 
5 -2310 2311 
5 -2310 2312 
5 -2310 2313 
5 -2310 2314 
5 -2310 2315 
5 -2310 2316 
5 -2310 2317 
5 -2310 2318 
5 -2310 2319 
5 -2310 2320 
5 -2310 2321 
5 -2310 2322 
5 -2323 2324 
5 -2323 2325 
5 -2323 2326 
5 -2323 2327 
5 -2323 2328 
5 -2323 2329 
5 -2323 2330 
5 -2323 2331 
5 -2323 2332 
5 -2323 2333 
5 -2323 2334 
5 -2323 2335 
5 -2336 2337 
5 -2336 2338 
5 -2336 2339 
5 -2336 2340 
5 -2336 2341 
5 -2336 2342 
5 -2336 2343 
5 -2336 2344 
5 -2336 2345 
5 -2336 2346 
5 -2336 2347 
5 -2336 2348 
5 -2336 2349 
5 -2350 2351 
5 -2350 2352 
5 -2350 2353 
5 -2350 2354 
5 -2350 2355 
5 -2350 2356 
5 -2350 2357 
5 -2350 2358 
5 -2350 2359 
5 -2350 2360 
5 -2350 2361 
5 -2350 2362 
5 -2350 2363 
5 -2364 2365 
5 -2364 2366 
5 -2364 2367 
5 -2364 2368 
5 -2364 2369 
5 -2364 2370 
5 -2364 2371 
5 -2364 2372 
5 -2364 2373 
5 -2364 2374 
5 -2364 2375 
5 -2364 2376 
5 -2364 2377 
5 -2378 2379 
5 -2378 2380 
5 -2378 2381 
5 -2378 2382 
5 -2378 2383 
5 -2378 2384 
5 -2378 2385 
5 -2378 2386 
5 -2378 2387 
5 -2378 2388 
5 -2378 2389 
5 -2378 2390 
5 -2378 2391 
5 -2392 2393 
5 -2392 2394 
5 -2392 2395 
5 -2392 2396 
5 -2392 2397 
5 -2392 2398 
5 -2392 2399 
5 -2392 2400 
5 -2392 2401 
5 -2392 2402 
5 -2392 2403 
5 -2392 2404 
5 -2392 2405 
5 -2406 2407 
5 -2406 2408 
5 -2406 2409 
5 -2406 2410 
5 -2406 2411 
5 -2406 2412 
5 -2406 2413 
5 -2406 2414 
5 -2406 2415 
5 -2406 2416 
5 -2417 2418 
5 -2417 2419 
5 -2417 2420 
5 -2417 2421 
5 -2417 2422 
5 -2417 2423 
5 -2417 2424 
5 -2417 2425 
5 -2417 2426 
5 -2417 2427 
5 -2428 2429 
5 -2428 2430 
5 -2428 2431 
5 -2428 2432 
5 -2428 2433 
5 -2428 2434 
5 -2428 2435 
5 -2428 2436 
5 -2428 2437 
5 -2428 2438 
5 -2439 2440 
5 -2439 2441 
5 -2439 2442 
5 -2439 2443 
5 -2439 2444 
5 -2439 2445 
5 -2439 2446 
5 -2439 2447 
5 -2439 2448 
5 -2439 2449 
5 -2450 2451 
5 -2450 2452 
5 -2450 2453 
5 -2450 2454 
5 -2450 2455 
5 -2450 2456 
5 -2450 2457 
5 -2450 2458 
5 -2450 2459 
5 -2450 2460 
5 -2450 2461 
5 -2462 2463 
5 -2462 2464 
5 -2462 2465 
5 -2462 2466 
5 -2462 2467 
5 -2462 2468 
5 -2462 2469 
5 -2462 2470 
5 -2462 2471 
5 -2462 2472 
5 -2462 2473 
5 -2474 2475 
5 -2474 2476 
5 -2474 2477 
5 -2474 2478 
5 -2474 2479 
5 -2474 2480 
5 -2474 2481 
5 -2474 2482 
5 -2474 2483 
5 -2474 2484 
5 -2474 2485 
5 -2486 2487 
5 -2486 2488 
5 -2486 2489 
5 -2486 2490 
5 -2486 2491 
5 -2486 2492 
5 -2486 2493 
5 -2486 2494 
5 -2486 2495 
5 -2486 2496 
5 -2486 2497 
5 -2498 2499 
5 -2498 2500 
5 -2498 2501 
5 -2498 2502 
5 -2498 2503 
5 -2498 2504 
5 -2498 2505 
5 -2498 2506 
5 -2498 2507 
5 -2498 2508 
5 -2498 2509 
5 -2498 2510 
5 -2511 2512 
5 -2511 2513 
5 -2511 2514 
5 -2511 2515 
5 -2511 2516 
5 -2511 2517 
5 -2511 2518 
5 -2511 2519 
5 -2511 2520 
5 -2511 2521 
5 -2511 2522 
5 -2511 2523 
5 -2524 2525 
5 -2524 2526 
5 -2524 2527 
5 -2524 2528 
5 -2524 2529 
5 -2524 2530 
5 -2524 2531 
5 -2524 2532 
5 -2524 2533 
5 -2524 2534 
5 -2524 2535 
5 -2524 2536 
5 -2537 2538 
5 -2537 2539 
5 -2537 2540 
5 -2537 2541 
5 -2537 2542 
5 -2537 2543 
5 -2537 2544 
5 -2537 2545 
5 -2537 2546 
5 -2537 2547 
5 -2537 2548 
5 -2537 2549 
5 -2550 2551 
5 -2550 2552 
5 -2550 2553 
5 -2550 2554 
5 -2550 2555 
5 -2550 2556 
5 -2550 2557 
5 -2550 2558 
5 -2550 2559 
5 -2550 2560 
5 -2561 2562 
5 -2561 2563 
5 -2561 2564 
5 -2561 2565 
5 -2561 2566 
5 -2561 2567 
5 -2561 2568 
5 -2561 2569 
5 -2561 2570 
5 -2561 2571 
5 -2572 2573 
5 -2572 2574 
5 -2572 2575 
5 -2572 2576 
5 -2572 2577 
5 -2572 2578 
5 -2572 2579 
5 -2572 2580 
5 -2572 2581 
5 -2572 2582 
5 -2583 2584 
5 -2583 2585 
5 -2583 2586 
5 -2583 2587 
5 -2583 2588 
5 -2583 2589 
5 -2583 2590 
5 -2583 2591 
5 -2583 2592 
5 -2583 2593 
5 -2583 2594 
5 -2595 2596 
5 -2595 2597 
5 -2595 2598 
5 -2595 2599 
5 -2595 2600 
5 -2595 2601 
5 -2595 2602 
5 -2595 2603 
5 -2595 2604 
5 -2595 2605 
5 -2595 2606 
5 -2607 2608 
5 -2607 2609 
5 -2607 2610 
5 -2607 2611 
5 -2607 2612 
5 -2607 2613 
5 -2607 2614 
5 -2607 2615 
5 -2607 2616 
5 -2607 2617 
5 -2607 2618 
5 -2619 2620 
5 -2619 2621 
5 -2619 2622 
5 -2619 2623 
5 -2619 2624 
5 -2619 2625 
5 -2619 2626 
5 -2619 2627 
5 -2619 2628 
5 -2619 2629 
5 -2630 2631 
5 -2630 2632 
5 -2630 2633 
5 -2630 2634 
5 -2630 2635 
5 -2630 2636 
5 -2630 2637 
5 -2630 2638 
5 -2630 2639 
5 -2630 2640 
5 -2641 2642 
5 -2643 2644 
5 -2645 2646 
5 -2647 2648 
5 -2649 2650 
5 -2651 2652 
5 -2653 2654 
5 -2655 2656 
5 -2657 2658 
5 -2659 2660 
5 -2659 2661 
5 -2662 2663 
5 -2662 2664 
5 -2665 2666 
5 -2665 2667 
5 -2668 2669 
5 -2668 2670 
5 -2671 2672 
5 -2671 2673 
5 -2674 2675 
5 -2674 2676 
5 -2677 2678 
5 -2677 2679 
5 -2680 2681 
5 -2680 2682 
5 -2683 2684 
5 -2683 2685 
5 -2686 2687 
5 -2686 2688 
5 -2686 2689 
5 -2690 2691 
5 -2690 2692 
5 -2690 2693 
5 -2694 2695 
5 -2694 2696 
5 -2694 2697 
5 -2698 2699 
5 -2698 2700 
5 -2698 2701 
5 -2702 2703 
5 -2702 2704 
5 -2702 2705 
5 -2706 2707 
5 -2706 2708 
5 -2706 2709 
5 -2710 2711 
5 -2710 2712 
5 -2710 2713 
5 -2714 2715 
5 -2714 2716 
5 -2714 2717 
5 -2718 2719 
5 -2718 2720 
5 -2718 2721 
5 -2722 2723 
5 -2722 2724 
5 -2722 2725 
5 -2722 2726 
5 -2727 2728 
5 -2727 2729 
5 -2727 2730 
5 -2727 2731 
5 -2732 2733 
5 -2732 2734 
5 -2732 2735 
5 -2732 2736 
5 -2737 2738 
5 -2737 2739 
5 -2737 2740 
5 -2737 2741 
5 -2742 2743 
5 -2742 2744 
5 -2742 2745 
5 -2742 2746 
5 -2747 2748 
5 -2747 2749 
5 -2747 2750 
5 -2747 2751 
5 -2752 2753 
5 -2752 2754 
5 -2752 2755 
5 -2752 2756 
5 -2757 2758 
5 -2757 2759 
5 -2757 2760 
5 -2757 2761 
5 -2762 2763 
5 -2762 2764 
5 -2762 2765 
5 -2762 2766 
5 -2767 2768 
5 -2767 2769 
5 -2767 2770 
5 -2767 2771 
5 -2767 2772 
5 -2767 2773 
5 -2767 2774 
5 -2767 2775 
5 -2767 2776 
5 -2767 2777 
5 -2778 2779 
5 -2778 2780 
5 -2778 2781 
5 -2778 2782 
5 -2778 2783 
5 -2778 2784 
5 -2778 2785 
5 -2778 2786 
5 -2778 2787 
5 -2778 2788 
5 -2789 2790 
5 -2789 2791 
5 -2789 2792 
5 -2789 2793 
5 -2789 2794 
5 -2789 2795 
5 -2789 2796 
5 -2789 2797 
5 -2789 2798 
5 -2789 2799 
5 -2800 2801 
5 -2800 2802 
5 -2800 2803 
5 -2800 2804 
5 -2800 2805 
5 -2800 2806 
5 -2800 2807 
5 -2800 2808 
5 -2800 2809 
5 -2800 2810 
5 -2811 2812 
5 -2811 2813 
5 -2811 2814 
5 -2811 2815 
5 -2811 2816 
5 -2811 2817 
5 -2811 2818 
5 -2811 2819 
5 -2811 2820 
5 -2811 2821 
5 -2822 2823 
5 -2822 2824 
5 -2822 2825 
5 -2822 2826 
5 -2822 2827 
5 -2822 2828 
5 -2822 2829 
5 -2822 2830 
5 -2822 2831 
5 -2822 2832 
5 -2833 2834 
5 -2833 2835 
5 -2833 2836 
5 -2833 2837 
5 -2833 2838 
5 -2833 2839 
5 -2833 2840 
5 -2833 2841 
5 -2833 2842 
5 -2833 2843 
5 -2844 2845 
5 -2844 2846 
5 -2844 2847 
5 -2844 2848 
5 -2844 2849 
5 -2844 2850 
5 -2844 2851 
5 -2844 2852 
5 -2844 2853 
5 -2844 2854 
5 -2855 2856 
5 -2855 2857 
5 -2855 2858 
5 -2855 2859 
5 -2855 2860 
5 -2855 2861 
5 -2855 2862 
5 -2855 2863 
5 -2855 2864 
5 -2855 2865 
5 -2855 2866 
5 -2867 2868 
5 -2867 2869 
5 -2867 2870 
5 -2867 2871 
5 -2867 2872 
5 -2867 2873 
5 -2867 2874 
5 -2867 2875 
5 -2867 2876 
5 -2867 2877 
5 -2867 2878 
5 -2879 2880 
5 -2879 2881 
5 -2879 2882 
5 -2879 2883 
5 -2879 2884 
5 -2879 2885 
5 -2879 2886 
5 -2879 2887 
5 -2879 2888 
5 -2879 2889 
5 -2879 2890 
5 -2891 2892 
5 -2891 2893 
5 -2891 2894 
5 -2891 2895 
5 -2891 2896 
5 -2891 2897 
5 -2891 2898 
5 -2891 2899 
5 -2891 2900 
5 -2891 2901 
5 -2891 2902 
5 -2903 2904 
5 -2903 2905 
5 -2903 2906 
5 -2903 2907 
5 -2903 2908 
5 -2903 2909 
5 -2903 2910 
5 -2903 2911 
5 -2903 2912 
5 -2903 2913 
5 -2903 2914 
5 -2915 2916 
5 -2915 2917 
5 -2915 2918 
5 -2915 2919 
5 -2915 2920 
5 -2915 2921 
5 -2915 2922 
5 -2915 2923 
5 -2915 2924 
5 -2915 2925 
5 -2915 2926 
5 -2927 2928 
5 -2927 2929 
5 -2927 2930 
5 -2927 2931 
5 -2927 2932 
5 -2927 2933 
5 -2927 2934 
5 -2927 2935 
5 -2927 2936 
5 -2927 2937 
5 -2927 2938 
5 -2939 2940 
5 -2939 2941 
5 -2939 2942 
5 -2939 2943 
5 -2939 2944 
5 -2939 2945 
5 -2939 2946 
5 -2939 2947 
5 -2939 2948 
5 -2939 2949 
5 -2939 2950 
5 -2951 2952 
5 -2951 2953 
5 -2951 2954 
5 -2951 2955 
5 -2951 2956 
5 -2951 2957 
5 -2951 2958 
5 -2951 2959 
5 -2951 2960 
5 -2951 2961 
5 -2951 2962 
5 -2951 2963 
5 -2964 2965 
5 -2964 2966 
5 -2964 2967 
5 -2964 2968 
5 -2964 2969 
5 -2964 2970 
5 -2964 2971 
5 -2964 2972 
5 -2964 2973 
5 -2964 2974 
5 -2964 2975 
5 -2964 2976 
5 -2977 2978 
5 -2977 2979 
5 -2977 2980 
5 -2977 2981 
5 -2977 2982 
5 -2977 2983 
5 -2977 2984 
5 -2977 2985 
5 -2977 2986 
5 -2977 2987 
5 -2977 2988 
5 -2977 2989 
5 -2990 2991 
5 -2990 2992 
5 -2990 2993 
5 -2990 2994 
5 -2990 2995 
5 -2990 2996 
5 -2990 2997 
5 -2990 2998 
5 -2990 2999 
5 -2990 3000 
5 -2990 3001 
5 -2990 3002 
5 -3003 3004 
5 -3003 3005 
5 -3003 3006 
5 -3003 3007 
5 -3003 3008 
5 -3003 3009 
5 -3003 3010 
5 -3003 3011 
5 -3003 3012 
5 -3003 3013 
5 -3003 3014 
5 -3003 3015 
5 -3016 3017 
5 -3016 3018 
5 -3016 3019 
5 -3016 3020 
5 -3016 3021 
5 -3016 3022 
5 -3016 3023 
5 -3016 3024 
5 -3016 3025 
5 -3016 3026 
5 -3016 3027 
5 -3016 3028 
5 -3029 3030 
5 -3029 3031 
5 -3029 3032 
5 -3029 3033 
5 -3029 3034 
5 -3029 3035 
5 -3029 3036 
5 -3029 3037 
5 -3029 3038 
5 -3029 3039 
5 -3029 3040 
5 -3029 3041 
5 -3042 3043 
5 -3042 3044 
5 -3042 3045 
5 -3042 3046 
5 -3042 3047 
5 -3042 3048 
5 -3042 3049 
5 -3042 3050 
5 -3042 3051 
5 -3042 3052 
5 -3042 3053 
5 -3042 3054 
5 -3055 3056 
5 -3055 3057 
5 -3055 3058 
5 -3055 3059 
5 -3055 3060 
5 -3055 3061 
5 -3055 3062 
5 -3055 3063 
5 -3055 3064 
5 -3055 3065 
5 -3066 3067 
5 -3066 3068 
5 -3066 3069 
5 -3066 3070 
5 -3066 3071 
5 -3066 3072 
5 -3066 3073 
5 -3066 3074 
5 -3066 3075 
5 -3066 3076 
5 -3077 3078 
5 -3077 3079 
5 -3077 3080 
5 -3077 3081 
5 -3077 3082 
5 -3077 3083 
5 -3077 3084 
5 -3077 3085 
5 -3077 3086 
5 -3077 3087 
5 -3088 3089 
5 -3088 3090 
5 -3088 3091 
5 -3088 3092 
5 -3088 3093 
5 -3088 3094 
5 -3088 3095 
5 -3088 3096 
5 -3088 3097 
5 -3088 3098 
5 -3099 3100 
5 -3099 3101 
5 -3099 3102 
5 -3099 3103 
5 -3099 3104 
5 -3099 3105 
5 -3099 3106 
5 -3099 3107 
5 -3099 3108 
5 -3099 3109 
5 -3110 3111 
5 -3110 3112 
5 -3110 3113 
5 -3110 3114 
5 -3110 3115 
5 -3110 3116 
5 -3110 3117 
5 -3110 3118 
5 -3110 3119 
5 -3110 3120 
5 -3121 3122 
5 -3121 3123 
5 -3121 3124 
5 -3121 3125 
5 -3121 3126 
5 -3121 3127 
5 -3121 3128 
5 -3121 3129 
5 -3121 3130 
5 -3121 3131 
5 -3132 3133 
5 -3132 3134 
5 -3132 3135 
5 -3132 3136 
5 -3132 3137 
5 -3132 3138 
5 -3132 3139 
5 -3132 3140 
5 -3132 3141 
5 -3132 3142 
5 -3132 3143 
5 -3144 3145 
5 -3144 3146 
5 -3144 3147 
5 -3144 3148 
5 -3144 3149 
5 -3144 3150 
5 -3144 3151 
5 -3144 3152 
5 -3144 3153 
5 -3144 3154 
5 -3144 3155 
5 -3156 3157 
5 -3156 3158 
5 -3156 3159 
5 -3156 3160 
5 -3156 3161 
5 -3156 3162 
5 -3156 3163 
5 -3156 3164 
5 -3156 3165 
5 -3156 3166 
5 -3156 3167 
5 -3168 3169 
5 -3168 3170 
5 -3168 3171 
5 -3168 3172 
5 -3168 3173 
5 -3168 3174 
5 -3168 3175 
5 -3168 3176 
5 -3168 3177 
5 -3168 3178 
5 -3168 3179 
5 -3180 3181 
5 -3180 3182 
5 -3180 3183 
5 -3180 3184 
5 -3180 3185 
5 -3180 3186 
5 -3180 3187 
5 -3180 3188 
5 -3180 3189 
5 -3180 3190 
5 -3180 3191 
5 -3192 3193 
5 -3192 3194 
5 -3192 3195 
5 -3192 3196 
5 -3192 3197 
5 -3192 3198 
5 -3192 3199 
5 -3192 3200 
5 -3192 3201 
5 -3192 3202 
5 -3192 3203 
5 -3204 3205 
5 -3204 3206 
5 -3204 3207 
5 -3204 3208 
5 -3204 3209 
5 -3204 3210 
5 -3204 3211 
5 -3204 3212 
5 -3204 3213 
5 -3204 3214 
5 -3204 3215 
5 -3216 3217 
5 -3216 3218 
5 -3216 3219 
5 -3216 3220 
5 -3216 3221 
5 -3216 3222 
5 -3216 3223 
5 -3216 3224 
5 -3216 3225 
5 -3216 3226 
5 -3227 3228 
5 -3227 3229 
5 -3227 3230 
5 -3227 3231 
5 -3227 3232 
5 -3227 3233 
5 -3227 3234 
5 -3227 3235 
5 -3227 3236 
5 -3227 3237 
5 -3238 3239 
5 -3238 3240 
5 -3238 3241 
5 -3238 3242 
5 -3238 3243 
5 -3238 3244 
5 -3238 3245 
5 -3238 3246 
5 -3238 3247 
5 -3238 3248 
5 -3249 3250 
5 -3249 3251 
5 -3249 3252 
5 -3249 3253 
5 -3249 3254 
5 -3249 3255 
5 -3249 3256 
5 -3249 3257 
5 -3249 3258 
5 -3249 3259 
5 -3260 3261 
5 -3260 3262 
5 -3260 3263 
5 -3260 3264 
5 -3260 3265 
5 -3260 3266 
5 -3260 3267 
5 -3260 3268 
5 -3260 3269 
5 -3260 3270 
5 -3271 3272 
5 -3271 3273 
5 -3271 3274 
5 -3271 3275 
5 -3271 3276 
5 -3271 3277 
5 -3271 3278 
5 -3271 3279 
5 -3271 3280 
5 -3271 3281 
5 -3282 3283 
5 -3284 3285 
5 -3286 3287 
5 -3288 3289 
5 -3290 3291 
1 3291 
2 3289 
3 3287 
4 3285 
5 3283 
